city_name,city_id_name,num
廊坊,北京,1.2720306744
保定,北京,0.8073576828000001
天津,北京,0.4805035344
张家口,北京,0.4376679480000001
邯郸,北京,0.4060068624
承德,北京,0.2821561452
唐山,北京,0.1890353052
沧州,北京,0.1834480548
周口,北京,0.1694799288
衡水,北京,0.1638926784
菏泽,北京,0.1387500516
信阳,北京,0.1331628012
德州,北京,0.1229195088
邢台,北京,0.1182634668
石家庄,北京,0.1154698416
聊城,北京,0.1061577576
赤峰,北京,0.097776882
驻马店,北京,0.0949832568
大同,北京,0.0921896316
临汾,北京,0.088464798
商丘,北京,0.0810151308
秦皇岛,北京,0.0800839224
运城,北京,0.0717030468
濮阳,北京,0.0717030468
南阳,北京,0.0707718384
安阳,北京,0.06984063
济宁,北京,0.0661157964
沈阳,北京,0.065184588
济南,北京,0.0614597544
郑州,北京,0.0595973376
太原,北京,0.0540100872
西安,北京,0.0530788788
阜阳,北京,0.0521476704
重庆,北京,0.0521476704
呼和浩特,北京,0.0521476704
长春,北京,0.0502852536
泰安,北京,0.0493540452
大连,北京,0.0474916284
哈尔滨,北京,0.04656042
朝阳,北京,0.0428355864
上海,北京,0.0409731696
忻州,北京,0.0409731696
吕梁,北京,0.0400419612
青岛,北京,0.0400419612
葫芦岛,北京,0.0381795444
长治,北京,0.0381795444
洛阳,北京,0.0381795444
包头,北京,0.037248336
通辽,北京,0.037248336
潍坊,北京,0.0363171276
临沂,北京,0.0353859192
新乡,北京,0.0353859192
成都,北京,0.0353859192
烟台,北京,0.0344547108
乌兰察布,北京,0.0316610856
晋中,北京,0.0316610856
合肥,北京,0.0307298772
三亚,北京,0.0307298772
徐州,北京,0.0297986688
朔州,北京,0.0297986688
鞍山,北京,0.0297986688
锦州,北京,0.0288674604
安庆,北京,0.027936252
武汉,北京,0.0270050436
吉林,北京,0.0270050436
开封,北京,0.0260738352
枣庄,北京,0.0260738352
滨州,北京,0.0260738352
宿州,北京,0.0242114184
深圳,北京,0.0242114184
长沙,北京,0.02328021
许昌,北京,0.02328021
亳州,北京,0.02328021
芜湖,北京,0.0223490016
南京,北京,0.0214177932
平顶山,北京,0.0214177932
营口,北京,0.0214177932
阳泉,北京,0.0204865848
焦作,北京,0.0204865848
阜新,北京,0.0195553764
杭州,北京,0.0195553764
淄博,北京,0.018624168
锡林郭勒盟,北京,0.018624168
丹东,北京,0.018624168
广州,北京,0.0167617512
铁岭,北京,0.0158305428
南昌,北京,0.0158305428
四平,北京,0.0158305428
庆阳,北京,0.0158305428
孝感,北京,0.0148993344
抚顺,北京,0.0148993344
晋城,北京,0.0148993344
鹤壁,北京,0.013968126
咸阳,北京,0.013968126
九江,北京,0.013968126
南通,北京,0.013968126
漯河,北京,0.013968126
威海,北京,0.013968126
渭南,北京,0.0130369176
六安,北京,0.0130369176
廊坊,天津,0.3171474939599999
唐山,天津,0.31641758028
沧州,天津,0.31641758028
北京,天津,0.200726262
德州,天津,0.18028867896
邯郸,天津,0.16751518956
保定,天津,0.13904855604
菏泽,天津,0.08503494372
衡水,天津,0.07153154064
张家口,天津,0.06532727436
周口,天津,0.05510848284
秦皇岛,天津,0.04999908708
滨州,天津,0.04890421656
承德,天津,0.04707943236
阜阳,天津,0.04671447552
聊城,天津,0.04269995028
驻马店,天津,0.0419700366
邢台,天津,0.03868542504
石家庄,天津,0.0383204682
商丘,天津,0.03540081348
大同,天津,0.03540081348
赤峰,天津,0.03503585664
南阳,天津,0.03211620192
济宁,天津,0.02956150404
濮阳,天津,0.02810167668
济南,天津,0.02700680616
齐齐哈尔,天津,0.02518202196
信阳,天津,0.02408715144
哈尔滨,天津,0.02408715144
泰安,天津,0.02262732408
长春,天津,0.02226236724
安阳,天津,0.0218974104
通辽,天津,0.02116749672
沈阳,天津,0.02043758304
葫芦岛,天津,0.0200726262
临汾,天津,0.01897775568
朝阳,天津,0.018247842
运城,天津,0.01532818728
锦州,天津,0.01532818728
亳州,天津,0.0145982736
吉林,天津,0.01423331676
大连,天津,0.01423331676
临沂,天津,0.01350340308
重庆,天津,0.0131384462399999
徐州,天津,0.0127734894
潍坊,天津,0.0127734894
新乡,天津,0.0127734894
太原,天津,0.01240853256
朔州,天津,0.01204357572
晋中,天津,0.01167861888
青岛,天津,0.01131366204
吕梁,天津,0.01131366204
庆阳,天津,0.01131366204
绥化,天津,0.01131366204
安庆,天津,0.01131366204
宿州,天津,0.0109487052
松原,天津,0.01058374836
上海,天津,0.01058374836
洛阳,天津,0.01058374836
鞍山,天津,0.01058374836
郑州,天津,0.01021879152
呼和浩特,天津,0.01021879152
乌兰察布,天津,0.01021879152
铁岭,天津,0.01021879152
四平,天津,0.00985383468
忻州,天津,0.00985383468
黄冈,天津,0.00948887784
长治,天津,0.009123921
烟台,天津,0.009123921
开封,天津,0.009123921
大庆,天津,0.00875896416
淄博,天津,0.00875896416
通化,天津,0.00875896416
平顶山,天津,0.00839400732
阳泉,天津,0.00766409364
包头,天津,0.00766409364
阜新,天津,0.00766409364
成都,天津,0.0072991368
西安,天津,0.0072991368
抚顺,天津,0.0072991368
鹤壁,天津,0.00693417996
芜湖,天津,0.0065692231199999
九江,天津,0.0065692231199999
合肥,天津,0.0065692231199999
丹东,天津,0.0065692231199999
营口,天津,0.00620426628
盘锦,天津,0.00620426628
白城,天津,0.00620426628
枣庄,天津,0.00620426628
许昌,天津,0.00620426628
兴安盟,天津,0.00620426628
呼伦贝尔,天津,0.00620426628
三亚,天津,0.00620426628
牡丹江,天津,0.0054743526
杭州,天津,0.0054743526
平凉,天津,0.0054743526
盐城,天津,0.00510939576
焦作,天津,0.00510939576
南昌,天津,0.00510939576
辽源,天津,0.00474443892
邢台,石家庄,0.2849736816
保定,石家庄,0.246199014
邯郸,石家庄,0.2067535044
衡水,石家庄,0.1231665912
沧州,石家庄,0.0656083475999999
张家口,石家庄,0.0390430044
唐山,石家庄,0.034212942
北京,石家庄,0.0291145428
廊坊,石家庄,0.0245528172
承德,石家庄,0.0236136384
天津,石家庄,0.0173077236
秦皇岛,石家庄,0.0148926924
阳泉,石家庄,0.0092576196
周口,石家庄,0.0076475988
晋中,石家庄,0.0065742516
德州,石家庄,0.0064400832
太原,石家庄,0.006037578
忻州,石家庄,0.006037578
商丘,石家庄,0.0057692412
驻马店,石家庄,0.0056350728
聊城,石家庄,0.0056350728
郑州,石家庄,0.0052325676
菏泽,石家庄,0.0048300624
安阳,石家庄,0.004695894
滨州,石家庄,0.004695894
济南,石家庄,0.0045617256
南阳,石家庄,0.0041592204
新乡,石家庄,0.0037567152
阜阳,石家庄,0.0032200416
濮阳,石家庄,0.0030858732
大同,石家庄,0.0029517048
吕梁,石家庄,0.0029517048
运城,石家庄,0.0028175364
临沂,石家庄,0.0028175364
重庆,石家庄,0.0028175364
开封,石家庄,0.002683368
西安,石家庄,0.002683368
济宁,石家庄,0.0025491996
青岛,石家庄,0.0024150312
沈阳,石家庄,0.0024150312
洛阳,石家庄,0.0022808628
徐州,石家庄,0.0021466944
潍坊,石家庄,0.0021466944
宿州,石家庄,0.002012526
信阳,石家庄,0.002012526
临汾,石家庄,0.0018783576
上海,石家庄,0.0017441892
赤峰,石家庄,0.0016100208
枣庄,石家庄,0.0014758524
泰安,石家庄,0.0014758524
亳州,石家庄,0.001341684
长治,石家庄,0.001341684
杭州,石家庄,0.001341684
成都,石家庄,0.0012075156
焦作,石家庄,0.0012075156
南京,石家庄,0.0012075156
许昌,石家庄,0.0012075156
深圳,石家庄,0.0010733472
武汉,石家庄,0.0010733472
威海,石家庄,0.0010733472
安庆,石家庄,0.0010733472
淄博,石家庄,0.0010733472
苏州,石家庄,0.0010733472
烟台,石家庄,0.0010733472
乌兰察布,石家庄,0.0010733472
哈尔滨,石家庄,0.0010733472
巴中,石家庄,0.0009391788
漯河,石家庄,0.0009391788
合肥,石家庄,0.0009391788
包头,石家庄,0.0009391788
朔州,石家庄,0.0009391788
东营,石家庄,0.0009391788
广州,石家庄,0.0009391788
晋城,石家庄,0.0009391788
安康,石家庄,0.0009391788
榆林,石家庄,0.0009391788
呼和浩特,石家庄,0.0008050104
连云港,石家庄,0.0008050104
南昌,石家庄,0.0008050104
朝阳,石家庄,0.0008050104
襄阳,石家庄,0.0008050104
葫芦岛,石家庄,0.0008050104
荆州,石家庄,0.0008050104
平顶山,石家庄,0.0008050104
衡阳,石家庄,0.0008050104
三亚,石家庄,0.0008050104
长春,石家庄,0.0008050104
南通,石家庄,0.000670842
南充,石家庄,0.000670842
营口,石家庄,0.000670842
四平,石家庄,0.000670842
大连,石家庄,0.000670842
鹤壁,石家庄,0.000670842
长沙,石家庄,0.000670842
庆阳,石家庄,0.0005366736
昆明,石家庄,0.0005366736
渭南,石家庄,0.0005366736
吉林,石家庄,0.0005366736
锡林郭勒盟,石家庄,0.0005366736
鄂尔多斯,石家庄,0.0005366736
天津,唐山,0.20170246428
秦皇岛,唐山,0.17440280748
承德,唐山,0.08725390308
北京,唐山,0.06373419876
沧州,唐山,0.03580454988
保定,唐山,0.03559455252
廊坊,唐山,0.0330745842
邯郸,唐山,0.02792964888
张家口,唐山,0.0267746634
石家庄,唐山,0.02215472148
衡水,唐山,0.01711478484
赤峰,唐山,0.0120748482
邢台,唐山,0.01091986272
晋中,唐山,0.01060486668
葫芦岛,唐山,0.01028987064
大同,唐山,0.00923988384
吕梁,唐山,0.00808489836
德州,唐山,0.00745490628
沈阳,唐山,0.00692991288
朝阳,唐山,0.0068249142
哈尔滨,唐山,0.0062999208
鞍山,唐山,0.00619492212
周口,唐山,0.00608992344
南阳,唐山,0.00587992608
菏泽,唐山,0.00556493004
阜阳,唐山,0.00545993136
滨州,唐山,0.00514493532
锦州,唐山,0.00503993664
长春,唐山,0.00461994192
济宁,唐山,0.00451494324
大连,唐山,0.0041999472
齐齐哈尔,唐山,0.00409494852
吉林,唐山,0.00377995248
营口,唐山,0.00377995248
济南,唐山,0.0036749538
通辽,唐山,0.00356995512
铁岭,唐山,0.00346495644
驻马店,唐山,0.00325495908
泰安,唐山,0.0031499604
聊城,唐山,0.0031499604
四平,唐山,0.00293996304
盘锦,唐山,0.00283496436
重庆,唐山,0.00283496436
郑州,唐山,0.00283496436
绥化,唐山,0.002624967
商丘,唐山,0.002624967
安阳,唐山,0.00251996832
太原,唐山,0.00251996832
三亚,唐山,0.00251996832
徐州,唐山,0.00251996832
濮阳,唐山,0.00251996832
潍坊,唐山,0.00251996832
新乡,唐山,0.00241496964
抚顺,唐山,0.0020999736
开封,唐山,0.0020999736
松原,唐山,0.00199497492
临沂,唐山,0.00199497492
信阳,唐山,0.00188997624
辽源,唐山,0.00188997624
忻州,唐山,0.00188997624
青岛,唐山,0.00178497756
牡丹江,唐山,0.00178497756
安康,唐山,0.00167997888
临汾,唐山,0.00167997888
西安,唐山,0.00167997888
呼和浩特,唐山,0.00167997888
阜新,唐山,0.00167997888
白城,唐山,0.00167997888
大庆,唐山,0.0015749802
辽阳,唐山,0.0015749802
烟台,唐山,0.0015749802
亳州,唐山,0.0015749802
呼伦贝尔,唐山,0.00146998152
上海,唐山,0.00146998152
洛阳,唐山,0.00146998152
淄博,唐山,0.00136498284
通化,唐山,0.00136498284
乌兰察布,唐山,0.00125998416
丹东,唐山,0.00125998416
东营,唐山,0.00125998416
南通,唐山,0.00125998416
平顶山,唐山,0.00125998416
安庆,唐山,0.00125998416
延边朝鲜族自治州,唐山,0.00125998416
锡林郭勒盟,唐山,0.00115498548
伊春,唐山,0.00115498548
南京,唐山,0.00115498548
阳泉,唐山,0.00115498548
长治,唐山,0.0010499868
兴安盟,唐山,0.0010499868
漯河,唐山,0.0010499868
宿州,唐山,0.0010499868
朔州,唐山,0.0010499868
运城,唐山,0.0010499868
威海,唐山,0.00094498812
本溪,唐山,0.00094498812
鹤壁,唐山,0.00083998944
包头,唐山,0.00083998944
连云港,唐山,0.00083998944
盐城,唐山,0.00083998944
唐山,秦皇岛,0.13858645752
葫芦岛,秦皇岛,0.06443632944
承德,秦皇岛,0.02246041224
天津,秦皇岛,0.0162629208
北京,秦皇岛,0.0144168595199999
沧州,秦皇岛,0.0111203215199999
保定,秦皇岛,0.0107247369599999
石家庄,秦皇岛,0.00874681416
廊坊,秦皇岛,0.0083512296
邯郸,秦皇岛,0.00712052208
张家口,秦皇岛,0.00694470672
沈阳,秦皇岛,0.00584586072
哈尔滨,秦皇岛,0.0050107377599999
锦州,秦皇岛,0.0050107377599999
朝阳,秦皇岛,0.00426352248
长春,秦皇岛,0.00426352248
衡水,秦皇岛,0.00391189176
齐齐哈尔,秦皇岛,0.003296538
菏泽,秦皇岛,0.0030767688
邢台,秦皇岛,0.0030767688
大同,秦皇岛,0.00294490728
赤峰,秦皇岛,0.0028569996
绥化,秦皇岛,0.0026811842399999
吉林,秦皇岛,0.0026372303999999
盘锦,秦皇岛,0.00228559968
大庆,秦皇岛,0.002197692
鞍山,秦皇岛,0.00215373816
阜阳,秦皇岛,0.00210978432
大连,秦皇岛,0.00210978432
德州,秦皇岛,0.0019779228
营口,秦皇岛,0.00193396896
牡丹江,秦皇岛,0.0018900151199999
铁岭,秦皇岛,0.00184606128
四平,秦皇岛,0.0017581536
抚顺,秦皇岛,0.00171419976
通辽,秦皇岛,0.00167024592
丹东,秦皇岛,0.0015823382399999
阜新,秦皇岛,0.00145047672
周口,秦皇岛,0.00145047672
滨州,秦皇岛,0.00127466136
潍坊,秦皇岛,0.00123070752
通化,秦皇岛,0.00114279984
白城,秦皇岛,0.001098846
松原,秦皇岛,0.001098846
辽源,秦皇岛,0.00096698448
兴安盟,秦皇岛,0.00092303064
辽阳,秦皇岛,0.00092303064
济宁,秦皇岛,0.00092303064
本溪,秦皇岛,0.0008790768
黑河,秦皇岛,0.00083512296
南通,秦皇岛,0.00083512296
白山,秦皇岛,0.00083512296
安阳,秦皇岛,0.00083512296
呼伦贝尔,秦皇岛,0.00083512296
延边朝鲜族自治州,秦皇岛,0.00083512296
青岛,秦皇岛,0.0007911691199999
聊城,秦皇岛,0.0007911691199999
上海,秦皇岛,0.00074721528
晋中,秦皇岛,0.00074721528
商丘,秦皇岛,0.00074721528
亳州,秦皇岛,0.00074721528
伊春,秦皇岛,0.00070326144
泰安,秦皇岛,0.00070326144
三亚,秦皇岛,0.00070326144
临沂,秦皇岛,0.0006593075999999
徐州,秦皇岛,0.0006593075999999
重庆,秦皇岛,0.00061535376
苏州,秦皇岛,0.00061535376
济南,秦皇岛,0.00061535376
南京,秦皇岛,0.00061535376
郑州,秦皇岛,0.00057139992
十堰,秦皇岛,0.00052744608
驻马店,秦皇岛,0.00052744608
濮阳,秦皇岛,0.00052744608
鄂尔多斯,秦皇岛,0.00052744608
武汉,秦皇岛,0.00048349224
淄博,秦皇岛,0.00048349224
信阳,秦皇岛,0.00048349224
南阳,秦皇岛,0.00048349224
西安,秦皇岛,0.00048349224
佳木斯,秦皇岛,0.00048349224
烟台,秦皇岛,0.0003955845599999
大兴安岭地区,秦皇岛,0.00035163072
东营,秦皇岛,0.00035163072
忻州,秦皇岛,0.00035163072
新乡,秦皇岛,0.00035163072
杭州,秦皇岛,0.00035163072
朔州,秦皇岛,0.00035163072
吕梁,秦皇岛,0.00035163072
无锡,秦皇岛,0.00035163072
宿迁,秦皇岛,0.00035163072
黄冈,秦皇岛,0.00035163072
鹤壁,秦皇岛,0.00030767688
鸡西,秦皇岛,0.00030767688
泰州,秦皇岛,0.00030767688
运城,秦皇岛,0.00030767688
乌兰察布,秦皇岛,0.00030767688
连云港,秦皇岛,0.00030767688
枣庄,秦皇岛,0.00030767688
六安,秦皇岛,0.00026372304
邢台,邯郸,0.1990183608
安阳,邯郸,0.0862304939999999
石家庄,邯郸,0.0763524468
聊城,邯郸,0.0470421755999999
天津,邯郸,0.0424270224
濮阳,邯郸,0.0361115496
北京,邯郸,0.0333586512
保定,邯郸,0.0249380208
衡水,邯郸,0.0150599736
长治,邯郸,0.012954816
沧州,邯郸,0.0111735287999999
廊坊,邯郸,0.0093922415999999
唐山,邯郸,0.0082586951999999
郑州,邯郸,0.0076109544
新乡,邯郸,0.0068012783999999
晋中,邯郸,0.0065583756
张家口,邯郸,0.0058296671999999
周口,邯郸,0.0053438615999999
菏泽,邯郸,0.005262894
西安,邯郸,0.0050199912
洛阳,邯郸,0.0046961207999999
泰安,邯郸,0.0045341856
德州,邯郸,0.0042103152
临汾,邯郸,0.0042103152
济南,邯郸,0.0041293475999999
开封,邯郸,0.0038054772
驻马店,邯郸,0.0035625744
商丘,邯郸,0.0033196716
济宁,邯郸,0.003238704
南阳,邯郸,0.0031577363999999
秦皇岛,邯郸,0.0030767688
太原,邯郸,0.0029958012
徐州,邯郸,0.0029148335999999
承德,邯郸,0.0027528984
焦作,邯郸,0.0025909632
鹤壁,邯郸,0.0025099956
重庆,邯郸,0.0025099956
青岛,邯郸,0.0024290279999999
上海,邯郸,0.0022670928
临沂,邯郸,0.0021051576
运城,邯郸,0.0021051576
滨州,邯郸,0.0019432223999999
苏州,邯郸,0.0019432223999999
信阳,邯郸,0.0018622548
潍坊,邯郸,0.0017812872
枣庄,邯郸,0.0017812872
三亚,邯郸,0.0017812872
吕梁,邯郸,0.0015383844
阜阳,邯郸,0.0015383844
许昌,邯郸,0.0015383844
亳州,邯郸,0.0015383844
烟台,邯郸,0.0014574167999999
忻州,邯郸,0.0014574167999999
阳泉,邯郸,0.0014574167999999
安康,邯郸,0.0013764492
日照,邯郸,0.0013764492
平顶山,邯郸,0.0012954816
杭州,邯郸,0.0012145139999999
南京,邯郸,0.0012145139999999
晋城,邯郸,0.0011335464
赤峰,邯郸,0.0011335464
武汉,邯郸,0.0011335464
扬州,邯郸,0.0011335464
大连,邯郸,0.0010525788
漯河,邯郸,0.0010525788
渭南,邯郸,0.0009716111999999
六安,邯郸,0.0009716111999999
广州,邯郸,0.0009716111999999
咸阳,邯郸,0.0008906436
大同,邯郸,0.000809676
包头,邯郸,0.000809676
芜湖,邯郸,0.000809676
淄博,邯郸,0.000809676
沈阳,邯郸,0.000809676
深圳,邯郸,0.000809676
成都,邯郸,0.0007287083999999
长沙,邯郸,0.0007287083999999
襄阳,邯郸,0.0007287083999999
合肥,邯郸,0.0007287083999999
九江,邯郸,0.0006477408
孝感,邯郸,0.0006477408
连云港,邯郸,0.0006477408
荆州,邯郸,0.0006477408
宿州,邯郸,0.0005667732
南昌,邯郸,0.0005667732
宝鸡,邯郸,0.0005667732
马鞍山,邯郸,0.0005667732
东营,邯郸,0.0005667732
天门,邯郸,0.0005667732
衡阳,邯郸,0.0005667732
海口,邯郸,0.0005667732
黄冈,邯郸,0.0005667732
十堰,邯郸,0.0005667732
朝阳,邯郸,0.0005667732
朔州,邯郸,0.0004858055999999
珠海,邯郸,0.0004858055999999
温州,邯郸,0.0004858055999999
哈尔滨,邯郸,0.0004858055999999
南通,邯郸,0.0004858055999999
乌兰察布,邯郸,0.0004858055999999
邯郸,邢台,0.1706824872
石家庄,邢台,0.1590099336
聊城,邢台,0.0446875704
衡水,邢台,0.0339877296
保定,邢台,0.0165361176
北京,邢台,0.013446324
沧州,邢台,0.0094982544
德州,邢台,0.0089260704
天津,邢台,0.0059507136
廊坊,邢台,0.00572184
晋中,邢台,0.0048063456
济南,邢台,0.0040625064
唐山,邢台,0.0034903224
周口,邢台,0.00286092
安阳,邢台,0.0025176096
滨州,邢台,0.0024603912
郑州,邢台,0.0023459544
新乡,邢台,0.002288736
濮阳,邢台,0.002288736
张家口,邢台,0.0022315176
重庆,邢台,0.0021742992
南阳,邢台,0.0021170808
菏泽,邢台,0.0020598624
济宁,邢台,0.0018882072
临汾,邢台,0.0018882072
太原,邢台,0.0018309888
长治,邢台,0.0017737704
潍坊,邢台,0.00143046
吕梁,邢台,0.00143046
青岛,邢台,0.0013732416
承德,邢台,0.0013732416
阜阳,邢台,0.0013732416
泰安,邢台,0.0013160232
洛阳,邢台,0.0013160232
临沂,邢台,0.0012588048
平顶山,邢台,0.0012588048
商丘,邢台,0.0012588048
秦皇岛,邢台,0.0012015864
上海,邢台,0.0012015864
阳泉,邢台,0.001144368
鞍山,邢台,0.0009154944
西安,邢台,0.0009154944
驻马店,邢台,0.0009154944
枣庄,邢台,0.0009154944
亳州,邢台,0.0008010576
信阳,邢台,0.0008010576
鹤壁,邢台,0.0008010576
焦作,邢台,0.0007438392
安康,邢台,0.0007438392
淄博,邢台,0.0007438392
沈阳,邢台,0.0006866208
三亚,邢台,0.0006866208
忻州,邢台,0.0006294024
苏州,邢台,0.0006294024
许昌,邢台,0.000572184
武汉,邢台,0.0005149656
大同,邢台,0.0005149656
宿州,邢台,0.0005149656
成都,邢台,0.0005149656
荆州,邢台,0.0005149656
长春,邢台,0.0005149656
运城,邢台,0.0004577472
合肥,邢台,0.0004577472
温州,邢台,0.0004005288
南通,邢台,0.0004005288
徐州,邢台,0.0004005288
吉安,邢台,0.0004005288
十堰,邢台,0.0004005288
芜湖,邢台,0.0004005288
赤峰,邢台,0.0004005288
扬州,邢台,0.0003433104
大连,邢台,0.0003433104
开封,邢台,0.0003433104
深圳,邢台,0.0003433104
银川,邢台,0.0003433104
庆阳,邢台,0.0003433104
抚顺,邢台,0.0003433104
烟台,邢台,0.0003433104
榆林,邢台,0.000286092
南京,邢台,0.000286092
辽源,邢台,0.000286092
日照,邢台,0.000286092
渭南,邢台,0.000286092
鄂尔多斯,邢台,0.000286092
漯河,邢台,0.000286092
南昌,邢台,0.000286092
杭州,邢台,0.000286092
黄冈,邢台,0.000286092
无锡,邢台,0.000286092
包头,邢台,0.0002288736
锦州,邢台,0.0002288736
晋城,邢台,0.0002288736
本溪,邢台,0.0002288736
咸阳,邢台,0.0002288736
长沙,邢台,0.0002288736
淮北,邢台,0.0002288736
连云港,邢台,0.0001716552
朔州,邢台,0.0001716552
宜昌,邢台,0.0001716552
常州,邢台,0.0001716552
沧州,保定,0.1873590264
廊坊,保定,0.1825059276
石家庄,保定,0.1767704472
北京,保定,0.1576521792
邯郸,保定,0.0695610828
衡水,保定,0.0664727472
天津,保定,0.0557371044
张家口,保定,0.0526487688
邢台,保定,0.0335305008
唐山,保定,0.0313245468
承德,保定,0.0275008932
周口,保定,0.0150004872
秦皇岛,保定,0.012500406
阜阳,保定,0.0120592152
忻州,保定,0.0119121516
德州,保定,0.011765088
商丘,保定,0.01102977
南阳,保定,0.0097061976
许昌,保定,0.0094120704
驻马店,保定,0.0094120704
菏泽,保定,0.0089708796
大同,保定,0.008088498
聊城,保定,0.0076473072
赤峰,保定,0.0075002436
信阳,保定,0.00735318
西安,保定,0.0067649256
开封,保定,0.0060296076
滨州,保定,0.005882544
安阳,保定,0.005882544
晋中,保定,0.0057354804
濮阳,保定,0.0055884168
重庆,保定,0.0054413531999999
郑州,保定,0.0054413531999999
济南,保定,0.005147226
济宁,保定,0.0050001624
鞍山,保定,0.0048530988
太原,保定,0.004411908
运城,保定,0.004411908
沈阳,保定,0.0039707172
朔州,保定,0.0039707172
新乡,保定,0.0038236536
临汾,保定,0.00367659
徐州,保定,0.00367659
洛阳,保定,0.00367659
长春,保定,0.0033824628
潍坊,保定,0.0033824628
亳州,保定,0.0032353992
阳泉,保定,0.0032353992
临沂,保定,0.0032353992
葫芦岛,保定,0.0030883356
呼和浩特,保定,0.002941272
青岛,保定,0.0027942084
泰安,保定,0.0026471448
哈尔滨,保定,0.0026471448
吕梁,保定,0.0026471448
朝阳,保定,0.0025000812
锡林郭勒盟,保定,0.0025000812
黄冈,保定,0.0025000812
宿州,保定,0.0023530176
锦州,保定,0.0023530176
通辽,保定,0.0023530176
上海,保定,0.002205954
大连,保定,0.002205954
平顶山,保定,0.002205954
吉林,保定,0.002205954
乌兰察布,保定,0.002205954
焦作,保定,0.0020588904
三亚,保定,0.0020588904
包头,保定,0.0020588904
烟台,保定,0.0020588904
成都,保定,0.0020588904
长治,保定,0.0017647632
营口,保定,0.0017647632
武汉,保定,0.0016176996
南通,保定,0.0016176996
合肥,保定,0.0016176996
淄博,保定,0.001470636
阜新,保定,0.001470636
枣庄,保定,0.001470636
渭南,保定,0.001470636
鄂尔多斯,保定,0.001470636
孝感,保定,0.0013235724
邵阳,保定,0.0013235724
杭州,保定,0.0013235724
连云港,保定,0.0013235724
南充,保定,0.0013235724
淮南,保定,0.0013235724
东营,保定,0.0013235724
襄阳,保定,0.0013235724
四平,保定,0.0013235724
巴中,保定,0.0013235724
漯河,保定,0.0011765088
鹤壁,保定,0.0011765088
苏州,保定,0.0011765088
白城,保定,0.0011765088
大庆,保定,0.0011765088
盐城,保定,0.0011765088
安康,保定,0.0011765088
通化,保定,0.0011765088
安庆,保定,0.0010294452
北京,张家口,0.0759424896
大同,张家口,0.04368826368
保定,张家口,0.04078708992
锡林郭勒盟,张家口,0.03937916736
乌兰察布,张家口,0.03272353344
石家庄,张家口,0.02248409664
承德,张家口,0.01774835712
天津,张家口,0.01766302848
唐山,张家口,0.01518849792
廊坊,张家口,0.0129272889599999
沧州,张家口,0.00814888512
呼和浩特,张家口,0.00750892032
邯郸,张家口,0.00712494144
衡水,张家口,0.00465041088
包头,张家口,0.00443708928
朔州,张家口,0.00401044608
邢台,张家口,0.00354113856
赤峰,张家口,0.00294383808
秦皇岛,张家口,0.00273051648
鄂尔多斯,张家口,0.00264518784
周口,张家口,0.00179190144
德州,张家口,0.0017492371199999
菏泽,张家口,0.00136525824
滨州,张家口,0.00132259392
通辽,张家口,0.00132259392
忻州,张家口,0.00119460096
太原,张家口,0.00119460096
西安,张家口,0.001066608
临汾,张家口,0.00102394368
商丘,张家口,0.00102394368
上海,张家口,0.00098127936
巴彦淖尔,张家口,0.00093861504
青岛,张家口,0.00093861504
潍坊,张家口,0.00093861504
郑州,张家口,0.00093861504
安阳,张家口,0.00089595072
济南,张家口,0.00081062208
沈阳,张家口,0.00081062208
吕梁,张家口,0.00081062208
信阳,张家口,0.00081062208
运城,张家口,0.00081062208
临沂,张家口,0.00076795776
聊城,张家口,0.00076795776
晋中,张家口,0.00076795776
哈尔滨,张家口,0.00072529344
吉林,张家口,0.00068262912
阜阳,张家口,0.00068262912
驻马店,张家口,0.0006399648
鞍山,张家口,0.0006399648
长春,张家口,0.00059730048
濮阳,张家口,0.00055463616
朝阳,张家口,0.00055463616
枣庄,张家口,0.00055463616
重庆,张家口,0.00055463616
葫芦岛,张家口,0.00051197184
兴安盟,张家口,0.00051197184
大连,张家口,0.00051197184
徐州,张家口,0.00051197184
泰安,张家口,0.00046930752
锦州,张家口,0.00046930752
新乡,张家口,0.00046930752
烟台,张家口,0.00046930752
成都,张家口,0.0004266432
庆阳,张家口,0.0004266432
安庆,张家口,0.0004266432
深圳,张家口,0.0004266432
南阳,张家口,0.0004266432
淄博,张家口,0.00038397888
阳泉,张家口,0.00038397888
铁岭,张家口,0.00038397888
鹤壁,张家口,0.00038397888
盘锦,张家口,0.00034131456
阜新,张家口,0.00029865024
福州,张家口,0.00029865024
济宁,张家口,0.00029865024
武汉,张家口,0.00029865024
银川,张家口,0.00029865024
白城,张家口,0.00029865024
许昌,张家口,0.00025598592
洛阳,张家口,0.00025598592
三亚,张家口,0.00025598592
松原,张家口,0.00025598592
本溪,张家口,0.00025598592
平顶山,张家口,0.00025598592
抚顺,张家口,0.00025598592
大庆,张家口,0.00025598592
广州,张家口,0.00025598592
通化,张家口,0.00025598592
南京,张家口,0.00025598592
辽源,张家口,0.00025598592
合肥,张家口,0.00025598592
威海,张家口,0.00025598592
长治,张家口,0.00025598592
扬州,张家口,0.00025598592
十堰,张家口,0.0002133216
宿迁,张家口,0.0002133216
苏州,张家口,0.0002133216
蚌埠,张家口,0.0002133216
乌海,张家口,0.0002133216
咸阳,张家口,0.0002133216
唐山,承德,0.07448475528
北京,承德,0.03961815624
赤峰,承德,0.0295251933599999
朝阳,承德,0.0181542254399999
秦皇岛,承德,0.0180886867199999
天津,承德,0.0172694527199999
张家口,承德,0.01608975576
廊坊,承德,0.0138286699199999
保定,承德,0.0135665150399999
石家庄,承德,0.01084665816
锡林郭勒盟,承德,0.01035511776
沧州,承德,0.00583294608
邯郸,承德,0.00422724744
葫芦岛,承德,0.00281816496
衡水,承德,0.00216277776
邢台,承德,0.0021300084
通辽,承德,0.0020317003199999
沈阳,承德,0.0020317003199999
乌兰察布,承德,0.00167123736
德州,承德,0.00140908248
哈尔滨,承德,0.0012780050399999
锦州,承德,0.00121246632
郑州,承德,0.00108138888
阜阳,承德,0.00104861952
鞍山,承德,0.0010158501599999
长春,承德,0.0009503114399999
四平,承德,0.00088477272
大连,承德,0.00085200336
呼和浩特,承德,0.000819234
营口,承德,0.000819234
盘锦,承德,0.0006881565599999
兴安盟,承德,0.0006881565599999
阜新,承德,0.0006553872
白城,承德,0.0006553872
菏泽,承德,0.00055707912
重庆,承德,0.00052430976
抚顺,承德,0.00052430976
松原,承德,0.0004915404
吕梁,承德,0.0004915404
延边朝鲜族自治州,承德,0.0004915404
濮阳,承德,0.0004915404
周口,承德,0.0004915404
滨州,承德,0.0004915404
辽源,承德,0.00045877104
淄博,承德,0.00045877104
吉林,承德,0.00045877104
铁岭,承德,0.00042600168
泰安,承德,0.00042600168
大同,承德,0.00042600168
绥化,承德,0.0003932323199999
聊城,承德,0.0003932323199999
济宁,承德,0.0003932323199999
商丘,承德,0.0003932323199999
温州,承德,0.00036046296
上海,承德,0.00036046296
徐州,承德,0.0003276936
信阳,承德,0.0003276936
西安,承德,0.0003276936
齐齐哈尔,承德,0.0003276936
临沂,承德,0.0003276936
忻州,承德,0.00029492424
济南,承德,0.00029492424
通化,承德,0.00029492424
青岛,承德,0.00029492424
安康,承德,0.00026215488
辽阳,承德,0.00026215488
烟台,承德,0.00026215488
包头,承德,0.00026215488
潍坊,承德,0.00026215488
牡丹江,承德,0.00026215488
安阳,承德,0.00022938552
运城,承德,0.00022938552
大庆,承德,0.00022938552
呼伦贝尔,承德,0.00022938552
太原,承德,0.00022938552
襄阳,承德,0.00022938552
平顶山,承德,0.0001966161599999
盐城,承德,0.0001966161599999
南阳,承德,0.0001966161599999
南京,承德,0.0001966161599999
长治,承德,0.0001966161599999
许昌,承德,0.0001966161599999
安庆,承德,0.0001638468
丽水,承德,0.0001638468
朔州,承德,0.0001638468
南通,承德,0.0001638468
合肥,承德,0.0001638468
济源,承德,0.0001638468
深圳,承德,0.0001638468
威海,承德,0.0001638468
巴彦淖尔,承德,0.0001638468
鹤壁,承德,0.0001638468
扬州,承德,0.00013107744
洛阳,承德,0.00013107744
丹东,承德,0.00013107744
白山,承德,0.00013107744
驻马店,承德,0.00013107744
福州,承德,0.00013107744
开封,承德,0.00013107744
宿州,承德,0.00013107744
天津,沧州,0.15737216544
保定,沧州,0.12593777616
衡水,沧州,0.1155263860799999
廊坊,沧州,0.1091193768
德州,沧州,0.08078838264
石家庄,沧州,0.0418457793599999
北京,沧州,0.02893165128
滨州,沧州,0.02712967992
唐山,沧州,0.0261285847199999
邯郸,沧州,0.02172376584
邢台,沧州,0.0119130328799999
张家口,沧州,0.00971062344
承德,沧州,0.00961051392
秦皇岛,沧州,0.00870952824
济南,沧州,0.007508214
周口,沧州,0.00660722832
聊城,沧州,0.0065071188
晋中,沧州,0.00620679024
菏泽,沧州,0.0059064616799999
南阳,沧州,0.00510558552
济宁,沧州,0.0049053664799999
阜阳,沧州,0.00480525696
临沂,沧州,0.00380416176
沈阳,沧州,0.00380416176
泰安,沧州,0.0037040522399999
西安,沧州,0.0036039427199999
青岛,沧州,0.0036039427199999
商丘,沧州,0.0035038331999999
潍坊,沧州,0.0035038331999999
赤峰,沧州,0.00330361416
忻州,沧州,0.00330361416
吕梁,沧州,0.00310339512
哈尔滨,沧州,0.00310339512
东营,沧州,0.0030032856
长春,沧州,0.00270295704
郑州,沧州,0.00270295704
驻马店,沧州,0.00260284752
大同,沧州,0.00260284752
三亚,沧州,0.002502738
重庆,沧州,0.00230251896
齐齐哈尔,沧州,0.00230251896
徐州,沧州,0.00220240944
淄博,沧州,0.00220240944
烟台,沧州,0.00220240944
绥化,沧州,0.00220240944
濮阳,沧州,0.00220240944
松原,沧州,0.0020021904
葫芦岛,沧州,0.0020021904
新乡,沧州,0.0020021904
亳州,沧州,0.00190208088
信阳,沧州,0.00190208088
四平,沧州,0.0018019713599999
吉林,沧州,0.0018019713599999
锦州,沧州,0.0018019713599999
上海,沧州,0.00170186184
运城,沧州,0.00170186184
鞍山,沧州,0.00160175232
大连,沧州,0.0015016428
安阳,沧州,0.0015016428
通辽,沧州,0.0015016428
长治,沧州,0.0015016428
枣庄,沧州,0.00140153328
呼伦贝尔,沧州,0.00140153328
铁岭,沧州,0.00140153328
朔州,沧州,0.00140153328
开封,沧州,0.00140153328
杭州,沧州,0.00140153328
宿州,沧州,0.00130142376
太原,沧州,0.00120131424
洛阳,沧州,0.00120131424
乌兰察布,沧州,0.00120131424
大庆,沧州,0.00110120472
通化,沧州,0.00110120472
南京,沧州,0.0010010952
苏州,沧州,0.0010010952
辽源,沧州,0.0010010952
盘锦,沧州,0.0010010952
广州,沧州,0.0010010952
临汾,沧州,0.0010010952
朝阳,沧州,0.0010010952
合肥,沧州,0.0009009856799999
白城,沧州,0.0009009856799999
连云港,沧州,0.0009009856799999
锡林郭勒盟,沧州,0.0009009856799999
成都,沧州,0.0009009856799999
安庆,沧州,0.00080087616
鹤壁,沧州,0.00080087616
抚顺,沧州,0.00080087616
平顶山,沧州,0.00080087616
扬州,沧州,0.00080087616
黄冈,沧州,0.00070076664
宿迁,沧州,0.00070076664
日照,沧州,0.00070076664
许昌,沧州,0.00070076664
蚌埠,沧州,0.00070076664
泰州,沧州,0.00070076664
营口,沧州,0.00070076664
呼和浩特,沧州,0.00070076664
盐城,沧州,0.00070076664
绵阳,沧州,0.00060065712
北京,廊坊,0.4109937407999999
天津,廊坊,0.2437334064
保定,廊坊,0.189221832
沧州,廊坊,0.1286316287999999
承德,廊坊,0.057845016
张家口,廊坊,0.0576489312
邯郸,廊坊,0.0574528464
唐山,廊坊,0.0456877584
衡水,廊坊,0.03431484
石家庄,廊坊,0.032353992
周口,廊坊,0.030393144
菏泽,廊坊,0.0286283808
邢台,廊坊,0.0260792784
德州,廊坊,0.0245106
信阳,廊坊,0.0227458368
秦皇岛,廊坊,0.0198045648
赤峰,廊坊,0.01960848
聊城,廊坊,0.0174515472
驻马店,廊坊,0.016667208
阜阳,廊坊,0.0164711232
商丘,廊坊,0.0149024448
亳州,廊坊,0.0143141904
南阳,廊坊,0.0139220207999999
哈尔滨,廊坊,0.0125494272
济宁,廊坊,0.011765088
濮阳,廊坊,0.0109807488
齐齐哈尔,廊坊,0.0092159856
大同,廊坊,0.007843392
绥化,廊坊,0.0072551376
庆阳,廊坊,0.0070590528
泰安,廊坊,0.006862968
济南,廊坊,0.0066668832
安阳,廊坊,0.0064707984
长春,廊坊,0.0064707984
朝阳,廊坊,0.005882544
宿州,廊坊,0.005882544
沈阳,廊坊,0.0056864592
临汾,廊坊,0.0056864592
徐州,廊坊,0.0056864592
西安,廊坊,0.0052942896
开封,廊坊,0.0052942896
葫芦岛,廊坊,0.0052942896
运城,廊坊,0.0050982048
安庆,廊坊,0.0050982048
临沂,廊坊,0.00490212
通辽,廊坊,0.00490212
许昌,廊坊,0.00490212
锦州,廊坊,0.00490212
洛阳,廊坊,0.0047060351999999
白城,廊坊,0.0045099504
乌兰察布,廊坊,0.0045099504
六安,廊坊,0.0045099504
重庆,廊坊,0.0043138656
郑州,廊坊,0.0043138656
滨州,廊坊,0.0041177808
枣庄,廊坊,0.003921696
三亚,廊坊,0.003921696
新乡,廊坊,0.0037256112
锡林郭勒盟,廊坊,0.0037256112
大庆,廊坊,0.0037256112
大连,廊坊,0.0037256112
四平,廊坊,0.0037256112
青岛,廊坊,0.0035295264
忻州,廊坊,0.0035295264
烟台,廊坊,0.0035295264
吉林,廊坊,0.0035295264
松原,廊坊,0.0035295264
晋中,廊坊,0.0033334416
九江,廊坊,0.0033334416
潍坊,廊坊,0.0033334416
鞍山,廊坊,0.0033334416
兴安盟,廊坊,0.002941272
吕梁,廊坊,0.002941272
呼和浩特,廊坊,0.002941272
长治,廊坊,0.0027451872
平顶山,廊坊,0.0027451872
阜新,廊坊,0.0025491024
黄冈,廊坊,0.0025491024
呼伦贝尔,廊坊,0.0025491024
成都,廊坊,0.0025491024
丹东,廊坊,0.0025491024
十堰,廊坊,0.0023530175999999
合肥,廊坊,0.0023530175999999
绵阳,廊坊,0.0023530175999999
包头,廊坊,0.0023530175999999
营口,廊坊,0.0021569328
铁岭,廊坊,0.0021569328
上海,廊坊,0.0021569328
南通,廊坊,0.0021569328
芜湖,廊坊,0.001960848
太原,廊坊,0.001960848
威海,廊坊,0.001960848
孝感,廊坊,0.001960848
随州,廊坊,0.001960848
襄阳,廊坊,0.001960848
淄博,廊坊,0.001960848
通化,廊坊,0.0017647632
牡丹江,廊坊,0.0017647632
朔州,廊坊,0.0017647632
杭州,廊坊,0.0015686784
沧州,衡水,0.09917020512
石家庄,衡水,0.08879192784
德州,衡水,0.08192798784
保定,衡水,0.05694324624
邢台,衡水,0.04068943632
邯郸,衡水,0.02053690848
北京,衡水,0.01768150944
天津,衡水,0.01515557952
廊坊,衡水,0.01010371968
唐山,衡水,0.0098840736
张家口,衡水,0.00477730224
滨州,衡水,0.0043929216
聊城,衡水,0.00406345248
周口,衡水,0.00378889488
菏泽,衡水,0.00323977968
濮阳,衡水,0.00291031056
承德,衡水,0.00291031056
徐州,衡水,0.00280048752
济南,衡水,0.00269066448
阜阳,衡水,0.00241610688
秦皇岛,衡水,0.00214154928
南阳,衡水,0.00186699168
泰安,衡水,0.00181208016
信阳,衡水,0.00159243408
青岛,衡水,0.00153752256
济宁,衡水,0.00148261104
安阳,衡水,0.00131787648
重庆,衡水,0.00131787648
商丘,衡水,0.00131787648
驻马店,衡水,0.00126296496
郑州,衡水,0.00115314192
新乡,衡水,0.00115314192
潍坊,衡水,0.0010982304
临沂,衡水,0.0010982304
开封,衡水,0.0010982304
长治,衡水,0.00104331888
长春,衡水,0.00104331888
南京,衡水,0.00098840736
亳州,衡水,0.00093349584
许昌,衡水,0.0008236728
临汾,衡水,0.0008236728
赤峰,衡水,0.0008236728
忻州,衡水,0.0008236728
淄博,衡水,0.0008236728
焦作,衡水,0.0008236728
杭州,衡水,0.00076876128
阳泉,衡水,0.00076876128
西安,衡水,0.00071384976
大同,衡水,0.00065893824
洛阳,衡水,0.00065893824
晋中,衡水,0.00065893824
大连,衡水,0.00065893824
运城,衡水,0.00065893824
汉中,衡水,0.00060402672
哈尔滨,衡水,0.00060402672
沈阳,衡水,0.00060402672
三亚,衡水,0.00060402672
黄冈,衡水,0.00060402672
上海,衡水,0.00060402672
朝阳,衡水,0.00060402672
芜湖,衡水,0.0005491152
吉林,衡水,0.0005491152
鄂尔多斯,衡水,0.0005491152
九江,衡水,0.0005491152
武汉,衡水,0.00049420368
东营,衡水,0.00049420368
平顶山,衡水,0.00043929216
太原,衡水,0.00043929216
威海,衡水,0.00038438064
安庆,衡水,0.00038438064
宿州,衡水,0.00038438064
锦州,衡水,0.00038438064
枣庄,衡水,0.00038438064
抚顺,衡水,0.00038438064
铁岭,衡水,0.00038438064
合肥,衡水,0.00038438064
广州,衡水,0.00038438064
吕梁,衡水,0.00038438064
鞍山,衡水,0.00038438064
乌海,衡水,0.00032946912
烟台,衡水,0.00032946912
盐城,衡水,0.00032946912
松原,衡水,0.0002745576
四平,衡水,0.0002745576
襄阳,衡水,0.0002745576
日照,衡水,0.0002745576
深圳,衡水,0.0002745576
西双版纳傣族自治州,衡水,0.0002745576
鹰潭,衡水,0.0002745576
咸阳,衡水,0.0002745576
鹤壁,衡水,0.0002745576
福州,衡水,0.0002745576
宜春,衡水,0.0002745576
海口,衡水,0.0002745576
辽源,衡水,0.0002745576
晋城,衡水,0.00021964608
葫芦岛,衡水,0.00021964608
泰州,衡水,0.00021964608
漯河,衡水,0.00021964608
安康,衡水,0.00021964608
吕梁,太原,0.89908315524
晋中,太原,0.6678661896
忻州,太原,0.62390537712
临汾,太原,0.40452401484
长治,太原,0.3237882919200001
运城,太原,0.2468568700799999
大同,太原,0.20627765856
朔州,太原,0.18049295124
阳泉,太原,0.12723273612
晋城,太原,0.1014480288
北京,太原,0.01859880528
西安,太原,0.01733070492
邯郸,太原,0.01648530468
周口,太原,0.01648530468
安阳,太原,0.01437180408
枣庄,太原,0.01141290324
石家庄,太原,0.00929940264
榆林,太原,0.00929940264
商丘,太原,0.00887670252
保定,太原,0.00887670252
重庆,太原,0.0084540024
天津,太原,0.00760860216
郑州,太原,0.00760860216
邢台,太原,0.00760860216
阜阳,太原,0.00760860216
驻马店,太原,0.00718590204
徐州,太原,0.00676320192
开封,太原,0.00591780168
菏泽,太原,0.00591780168
新乡,太原,0.00591780168
三亚,太原,0.00507240144
信阳,太原,0.00507240144
呼和浩特,太原,0.00464970132
济宁,太原,0.00464970132
上海,太原,0.00464970132
乌兰察布,太原,0.0042270012
沧州,太原,0.0042270012
南阳,太原,0.00380430108
许昌,太原,0.00338160096
成都,太原,0.00338160096
张家口,太原,0.00338160096
聊城,太原,0.00295890084
包头,太原,0.00295890084
洛阳,太原,0.00295890084
鄂尔多斯,太原,0.00295890084
焦作,太原,0.00295890084
济南,太原,0.00253620072
濮阳,太原,0.00253620072
武汉,太原,0.00253620072
渭南,太原,0.00253620072
衡水,太原,0.0021135006
咸阳,太原,0.0021135006
沈阳,太原,0.0021135006
廊坊,太原,0.0021135006
潍坊,太原,0.0021135006
深圳,太原,0.0021135006
亳州,太原,0.0021135006
宿州,太原,0.0021135006
德州,太原,0.0021135006
唐山,太原,0.0021135006
泰安,太原,0.00169080048
汉中,太原,0.00169080048
南通,太原,0.00169080048
苏州,太原,0.00169080048
泉州,太原,0.00169080048
安康,太原,0.00169080048
扬州,太原,0.00169080048
广州,太原,0.00169080048
青岛,太原,0.00169080048
达州,太原,0.00169080048
南昌,太原,0.00169080048
临沂,太原,0.00169080048
南京,太原,0.00169080048
宝鸡,太原,0.00169080048
延安,太原,0.00126810036
鹤壁,太原,0.00126810036
黄冈,太原,0.00126810036
孝感,太原,0.00126810036
银川,太原,0.00126810036
长沙,太原,0.00126810036
南充,太原,0.00126810036
安庆,太原,0.00126810036
杭州,太原,0.00126810036
秦皇岛,太原,0.00126810036
平顶山,太原,0.00126810036
烟台,太原,0.00126810036
广元,太原,0.00126810036
绵阳,太原,0.00126810036
鞍山,太原,0.00126810036
海口,太原,0.00126810036
赤峰,太原,0.00126810036
襄阳,太原,0.00126810036
滨州,太原,0.00084540024
荆州,太原,0.00084540024
盐城,太原,0.00084540024
大连,太原,0.00084540024
昆明,太原,0.00084540024
漯河,太原,0.00084540024
十堰,太原,0.00084540024
合肥,太原,0.00084540024
朔州,大同,0.2567189019599999
乌兰察布,大同,0.07346130408
忻州,大同,0.04932590256
张家口,大同,0.0489961839599999
太原,大同,0.04576494168
晋中,大同,0.01371629376
吕梁,大同,0.01332063144
呼和浩特,大同,0.0130568565599999
临汾,大同,0.01233147564
北京,大同,0.0121995882
保定,大同,0.00942995196
长治,大同,0.00797919012
鄂尔多斯,大同,0.0074516403599999
包头,大同,0.0063965408399999
运城,大同,0.00586899108
天津,大同,0.0056052162
阳泉,大同,0.00369284832
西安,大同,0.00290152368
邯郸,大同,0.0027696362399999
唐山,大同,0.0027696362399999
石家庄,大同,0.0027036925199999
锡林郭勒盟,大同,0.0023080301999999
廊坊,大同,0.00224208648
榆林,大同,0.00217614276
晋城,大同,0.00204425532
沧州,大同,0.0019123678799999
邢台,大同,0.00184642416
南阳,大同,0.0015167055599999
安阳,大同,0.00145076184
新乡,大同,0.0013848181199999
巴彦淖尔,大同,0.00118698696
周口,大同,0.00112104324
重庆,大同,0.00112104324
衡水,大同,0.00105509952
滨州,大同,0.00105509952
青岛,大同,0.0009891557999999
驻马店,大同,0.00092321208
商丘,大同,0.00092321208
郑州,大同,0.00092321208
赤峰,大同,0.00092321208
秦皇岛,大同,0.00085726836
枣庄,大同,0.0007913246399999
德州,大同,0.0007913246399999
十堰,大同,0.00072538092
上海,大同,0.0006594372
盐城,大同,0.0006594372
广州,大同,0.0006594372
承德,大同,0.00059349348
菏泽,大同,0.00052754976
阜阳,大同,0.00052754976
汉中,大同,0.00046160604
徐州,大同,0.00046160604
沈阳,大同,0.00046160604
聊城,大同,0.00046160604
九江,大同,0.00046160604
安康,大同,0.00046160604
许昌,大同,0.00046160604
洛阳,大同,0.00046160604
乌海,大同,0.0003956623199999
信阳,大同,0.0003956623199999
济南,大同,0.0003956623199999
济宁,大同,0.0003956623199999
通辽,大同,0.0003956623199999
泰安,大同,0.0003956623199999
南通,大同,0.0003297186
银川,大同,0.0003297186
濮阳,大同,0.0003297186
福州,大同,0.0003297186
临沂,大同,0.0003297186
成都,大同,0.0003297186
咸阳,大同,0.0003297186
襄阳,大同,0.0003297186
安庆,大同,0.0003297186
焦作,大同,0.00026377488
温州,大同,0.00026377488
苏州,大同,0.00026377488
吉林,大同,0.00026377488
潍坊,大同,0.00026377488
烟台,大同,0.00026377488
莆田,大同,0.00026377488
绵阳,大同,0.00026377488
宿州,大同,0.00026377488
蚌埠,大同,0.00026377488
开封,大同,0.00026377488
淄博,大同,0.0001978311599999
大连,大同,0.0001978311599999
连云港,大同,0.0001978311599999
葫芦岛,大同,0.0001978311599999
四平,大同,0.0001978311599999
平顶山,大同,0.0001978311599999
海口,大同,0.0001978311599999
渭南,大同,0.0001978311599999
兰州,大同,0.0001978311599999
常州,大同,0.0001978311599999
深圳,大同,0.0001978311599999
营口,大同,0.0001978311599999
东营,大同,0.0001978311599999
南京,大同,0.00013188744
宿迁,大同,0.00013188744
锦州,大同,0.00013188744
晋中,阳泉,0.07931206044
太原,阳泉,0.03909958452
石家庄,阳泉,0.0155804795999999
忻州,阳泉,0.0138493151999999
吕梁,阳泉,0.01328050404
临汾,阳泉,0.00665261748
长治,阳泉,0.00665261748
大同,阳泉,0.00504510768
运城,阳泉,0.00467414388
安阳,阳泉,0.0040806018
朔州,阳泉,0.00388275444
邯郸,阳泉,0.00351179064
保定,阳泉,0.00326448144
晋城,阳泉,0.002473092
邢台,阳泉,0.00220105188
北京,阳泉,0.00202793544
西安,阳泉,0.001854819
聊城,阳泉,0.00153331704
商丘,阳泉,0.00150858612
天津,阳泉,0.0013602006
滨州,阳泉,0.00128600784
唐山,阳泉,0.00108816048
鹤壁,阳泉,0.0009892368
郑州,阳泉,0.0009892368
沧州,阳泉,0.00096450588
娄底,阳泉,0.00091504404
新乡,阳泉,0.0008655821999999
周口,阳泉,0.00084085128
廊坊,阳泉,0.00076665852
开封,阳泉,0.00076665852
重庆,阳泉,0.0007419276
徐州,阳泉,0.00069246576
德州,阳泉,0.00066773484
临沂,阳泉,0.00056881116
阜阳,阳泉,0.00054408024
济宁,阳泉,0.00054408024
衡水,阳泉,0.00054408024
濮阳,阳泉,0.00054408024
安康,阳泉,0.0004946184
菏泽,阳泉,0.0004946184
泰安,阳泉,0.0004946184
宿州,阳泉,0.00046988748
东营,阳泉,0.00046988748
大庆,阳泉,0.00044515656
南阳,阳泉,0.00042042564
淄博,阳泉,0.00042042564
焦作,阳泉,0.00042042564
四平,阳泉,0.00042042564
张家口,阳泉,0.0003709638
济南,阳泉,0.0003709638
榆林,阳泉,0.0003709638
上海,阳泉,0.0003709638
十堰,阳泉,0.00032150196
潍坊,阳泉,0.00032150196
成都,阳泉,0.00032150196
杭州,阳泉,0.00027204012
平顶山,阳泉,0.00027204012
绵阳,阳泉,0.0002473092
许昌,阳泉,0.0002473092
深圳,阳泉,0.0002473092
温州,阳泉,0.0002473092
荆州,阳泉,0.00022257828
枣庄,阳泉,0.00022257828
漯河,阳泉,0.00022257828
荆门,阳泉,0.00022257828
三亚,阳泉,0.00022257828
松原,阳泉,0.00017311644
广安,阳泉,0.00017311644
汉中,阳泉,0.00017311644
信阳,阳泉,0.00017311644
宝鸡,阳泉,0.00017311644
昌吉回族自治州,阳泉,0.00017311644
咸阳,阳泉,0.00017311644
宿迁,阳泉,0.00017311644
福州,阳泉,0.00017311644
渭南,阳泉,0.00017311644
洛阳,阳泉,0.00014838552
池州,阳泉,0.00014838552
乌兰察布,阳泉,0.00014838552
沈阳,阳泉,0.00014838552
宜宾,阳泉,0.00014838552
吉林,阳泉,0.00014838552
邵阳,阳泉,0.00014838552
青岛,阳泉,0.00014838552
延安,阳泉,0.00014838552
朝阳,阳泉,0.00014838552
广元,阳泉,0.0001236546
长沙,阳泉,0.0001236546
达州,阳泉,0.0001236546
驻马店,阳泉,0.0001236546
合肥,阳泉,0.0001236546
南充,阳泉,0.0001236546
宜昌,阳泉,0.0001236546
庆阳,阳泉,0.0001236546
大连,阳泉,0.0001236546
莆田,阳泉,0.0001236546
扬州,阳泉,0.0001236546
台州,阳泉,7.419276e-05
连云港,阳泉,7.419276e-05
乌海,阳泉,7.419276e-05
晋城,长治,0.11922243552
太原,长治,0.06725652264
晋中,长治,0.0473676498
安阳,长治,0.04443140952
临汾,长治,0.0390575358
邯郸,长治,0.03069202104
吕梁,长治,0.02304671616
运城,长治,0.016620228
忻州,长治,0.012465171
新乡,长治,0.0091411254
朔州,长治,0.0072020988
大同,长治,0.006925095
焦作,长治,0.00686969424
枣庄,长治,0.00481986612
郑州,长治,0.0047090646
北京,长治,0.00465366384
阳泉,长治,0.00448746156
徐州,长治,0.00432125928
周口,长治,0.00426585852
邢台,长治,0.00371185092
西安,长治,0.00365645016
洛阳,长治,0.00337944636
濮阳,长治,0.00293624028
商丘,长治,0.00293624028
衡水,长治,0.00288083952
聊城,长治,0.00260383572
南阳,长治,0.00216062964
鹤壁,长治,0.00216062964
菏泽,长治,0.00204982812
济宁,长治,0.00188362584
阜阳,长治,0.00177282432
天津,长治,0.00171742356
保定,长治,0.0016620228
驻马店,长治,0.0016620228
苏州,长治,0.00160662204
泰安,长治,0.00160662204
开封,长治,0.00155122128
宿州,长治,0.00132961824
石家庄,长治,0.00127421748
安康,长治,0.00121881672
重庆,长治,0.00121881672
沧州,长治,0.00121881672
淮北,长治,0.00116341596
榆林,长治,0.00116341596
温州,长治,0.00116341596
许昌,长治,0.00105261444
平顶山,长治,0.00105261444
济南,长治,0.00099721368
济源,长治,0.0008310114
信阳,长治,0.00077561064
泉州,长治,0.00077561064
杭州,长治,0.00077561064
青岛,长治,0.00072020988
庆阳,长治,0.00066480912
泰州,长治,0.00066480912
上海,长治,0.00066480912
德州,长治,0.00066480912
鄂尔多斯,长治,0.00060940836
亳州,长治,0.00060940836
呼和浩特,长治,0.00060940836
天水,长治,0.00060940836
三亚,长治,0.00060940836
咸阳,长治,0.0005540076
武汉,长治,0.0005540076
潍坊,长治,0.0005540076
唐山,长治,0.00049860684
九江,长治,0.00049860684
合肥,长治,0.00049860684
渭南,长治,0.00049860684
张家口,长治,0.00044320608
烟台,长治,0.00044320608
汉中,长治,0.00044320608
临沂,长治,0.00044320608
漯河,长治,0.00044320608
淄博,长治,0.00038780532
滨州,长治,0.00038780532
盐城,长治,0.00038780532
南昌,长治,0.00038780532
六安,长治,0.00038780532
益阳,长治,0.00038780532
三门峡,长治,0.00038780532
天门,长治,0.00038780532
淮南,长治,0.00038780532
恩施土家族苗族自治州,长治,0.00038780532
黄冈,长治,0.00038780532
连云港,长治,0.00033240456
鞍山,长治,0.00033240456
随州,长治,0.00033240456
商洛,长治,0.00033240456
成都,长治,0.00033240456
沈阳,长治,0.00033240456
南通,长治,0.00033240456
莆田,长治,0.0002770038
包头,长治,0.0002770038
安庆,长治,0.0002770038
南充,长治,0.0002770038
荆州,长治,0.0002770038
日照,长治,0.0002770038
东营,长治,0.0002770038
朝阳,长治,0.0002770038
长治,晋城,0.1191971538
临汾,晋城,0.03433174632
焦作,晋城,0.02980855728
太原,晋城,0.01853766
新乡,晋城,0.01642436676
运城,晋城,0.01553455908
周口,晋城,0.01008448704
郑州,晋城,0.00967665852
吕梁,晋城,0.00819364572
安阳,晋城,0.0081565704
洛阳,晋城,0.00715553676
晋中,晋城,0.0070443108
忻州,晋城,0.00507931884
邯郸,晋城,0.00478271628
商丘,晋城,0.003707532
济源,晋城,0.00363338136
阜阳,晋城,0.00285479964
开封,晋城,0.00266942304
朔州,晋城,0.00244697112
大同,晋城,0.0024098958
北京,晋城,0.00226159452
西安,晋城,0.00226159452
许昌,晋城,0.00218744388
徐州,晋城,0.00207621792
沧州,晋城,0.0020391426
菏泽,晋城,0.00163131408
重庆,晋城,0.00163131408
平顶山,晋城,0.00159423876
驻马店,晋城,0.00155716344
阳泉,晋城,0.00152008812
信阳,晋城,0.00152008812
南阳,晋城,0.00133471152
濮阳,晋城,0.00103810896
亳州,晋城,0.00088980768
漯河,晋城,0.00088980768
临沂,晋城,0.00088980768
宿州,晋城,0.00081565704
渭南,晋城,0.00077858172
济宁,晋城,0.0007415064
泰安,晋城,0.00066735576
天津,晋城,0.00066735576
保定,晋城,0.00063028044
咸阳,晋城,0.00059320512
石家庄,晋城,0.0005561298
邢台,晋城,0.0005561298
扬州,晋城,0.0005561298
济南,晋城,0.00051905448
南京,晋城,0.00051905448
达州,晋城,0.00051905448
三门峡,晋城,0.00051905448
盐城,晋城,0.00051905448
上海,晋城,0.00048197916
枣庄,晋城,0.00048197916
榆林,晋城,0.00048197916
武汉,晋城,0.00048197916
安康,晋城,0.00048197916
常德,晋城,0.00044490384
泰州,晋城,0.00044490384
唐山,晋城,0.00044490384
庆阳,晋城,0.00040782852
日照,晋城,0.00040782852
深圳,晋城,0.0003707532
苏州,晋城,0.0003707532
鹤壁,晋城,0.0003707532
聊城,晋城,0.00033367788
延安,晋城,0.00033367788
安庆,晋城,0.00033367788
荆门,晋城,0.00033367788
宁波,晋城,0.00029660256
襄阳,晋城,0.00029660256
荆州,晋城,0.00025952724
成都,晋城,0.00025952724
赣州,晋城,0.00025952724
呼和浩特,晋城,0.00022245192
南通,晋城,0.00022245192
九江,晋城,0.00022245192
温州,晋城,0.00022245192
绵阳,晋城,0.00022245192
遂宁,晋城,0.00022245192
十堰,晋城,0.00022245192
广州,晋城,0.00022245192
天门,晋城,0.00022245192
青岛,晋城,0.00022245192
淮安,晋城,0.00022245192
汉中,晋城,0.00022245192
巴中,晋城,0.00022245192
广元,晋城,0.00022245192
莆田,晋城,0.00022245192
泉州,晋城,0.00022245192
宝鸡,晋城,0.0001853766
淄博,晋城,0.0001853766
恩施土家族苗族自治州,晋城,0.0001853766
漳州,晋城,0.0001853766
朝阳,晋城,0.0001853766
宜春,晋城,0.0001853766
北海,晋城,0.0001853766
宿迁,晋城,0.0001853766
张家口,晋城,0.0001853766
株洲,晋城,0.0001853766
台州,晋城,0.0001853766
大同,朔州,0.23743540692
忻州,朔州,0.0669821724
太原,朔州,0.03484946592
呼和浩特,朔州,0.01199121408
乌兰察布,朔州,0.0119443734
吕梁,朔州,0.01039863096
晋中,朔州,0.00791607492
张家口,朔州,0.00651085452
鄂尔多斯,朔州,0.00651085452
临汾,朔州,0.0056208816
长治,朔州,0.004684068
运城,朔州,0.00407513916
包头,朔州,0.00370041372
北京,朔州,0.003513051
保定,朔州,0.0030446442
天津,朔州,0.00262307808
榆林,朔州,0.0025762374
徐州,朔州,0.00215467128
晋城,朔州,0.00215467128
邯郸,朔州,0.00192046788
阳泉,朔州,0.0016862644799999
西安,朔州,0.00154574244
石家庄,朔州,0.001171017
济宁,朔州,0.00107733564
沧州,朔州,0.00103049496
安阳,朔州,0.0008431322399999
锡林郭勒盟,朔州,0.0008431322399999
泰安,朔州,0.00074945088
邢台,朔州,0.00065576952
南阳,朔州,0.00060892884
洛阳,朔州,0.00060892884
枣庄,朔州,0.00060892884
郑州,朔州,0.00056208816
廊坊,朔州,0.00051524748
青岛,朔州,0.00051524748
唐山,朔州,0.00051524748
渭南,朔州,0.0004684068
烟台,朔州,0.0004684068
辽源,朔州,0.0004684068
重庆,朔州,0.0004684068
汉中,朔州,0.0004215661199999
衡水,朔州,0.0004215661199999
巴彦淖尔,朔州,0.0004215661199999
新乡,朔州,0.0004215661199999
周口,朔州,0.0004215661199999
赤峰,朔州,0.0004215661199999
商丘,朔州,0.00037472544
济南,朔州,0.00037472544
绵阳,朔州,0.00037472544
巴中,朔州,0.00037472544
德州,朔州,0.00037472544
延安,朔州,0.00032788476
淄博,朔州,0.00032788476
滨州,朔州,0.00032788476
秦皇岛,朔州,0.00032788476
深圳,朔州,0.00032788476
商洛,朔州,0.00028104408
阜阳,朔州,0.00028104408
开封,朔州,0.00028104408
平顶山,朔州,0.00028104408
三亚,朔州,0.00028104408
焦作,朔州,0.00028104408
安康,朔州,0.00028104408
哈尔滨,朔州,0.0002342034
十堰,朔州,0.0002342034
庆阳,朔州,0.0002342034
通化,朔州,0.0002342034
临沂,朔州,0.00018736272
长春,朔州,0.00018736272
信阳,朔州,0.00018736272
菏泽,朔州,0.00018736272
驻马店,朔州,0.00018736272
许昌,朔州,0.00018736272
南通,朔州,0.00018736272
九江,朔州,0.00018736272
上海,朔州,0.00018736272
杭州,朔州,0.00018736272
广安,朔州,0.00018736272
淮安,朔州,0.00018736272
乌海,朔州,0.00018736272
潍坊,朔州,0.00018736272
宝鸡,朔州,0.00018736272
三门峡,朔州,0.00014052204
平凉,朔州,0.00014052204
辽阳,朔州,0.00014052204
濮阳,朔州,0.00014052204
东营,朔州,0.00014052204
朝阳,朔州,0.00014052204
石嘴山,朔州,0.00014052204
成都,朔州,0.00014052204
北海,朔州,9.368136e-05
苏州,朔州,9.368136e-05
昌吉回族自治州,朔州,9.368136e-05
黄冈,朔州,9.368136e-05
淮南,朔州,9.368136e-05
承德,朔州,9.368136e-05
武汉,朔州,9.368136e-05
亳州,朔州,9.368136e-05
天水,朔州,9.368136e-05
娄底,朔州,9.368136e-05
太原,晋中,0.3047239699199999
吕梁,晋中,0.16491813192
阳泉,晋中,0.09411834528
临汾,晋中,0.07987397688
长治,晋中,0.0711163281599999
忻州,晋中,0.05001356016
运城,晋中,0.0299659305599999
大同,晋中,0.0214193095199999
朔州,晋中,0.0174097836
邯郸,晋中,0.0155105344799999
邢台,晋中,0.01445539608
西安,晋中,0.01340025768
石家庄,晋中,0.01181755008
晋城,晋中,0.01150100856
保定,晋中,0.007913538
泰安,晋中,0.0073859687999999
徐州,晋中,0.0065418580799999
安阳,晋中,0.00548671968
聊城,晋中,0.00548671968
北京,晋中,0.00495915048
枣庄,晋中,0.0043260674399999
沧州,晋中,0.0042205536
济宁,晋中,0.00400952592
郑州,晋中,0.0037984982399999
榆林,晋中,0.00358747056
廊坊,晋中,0.0032709290399999
周口,晋中,0.00274335984
天津,晋中,0.0026378459999999
焦作,晋中,0.00242681832
南阳,晋中,0.00242681832
重庆,晋中,0.0022157906399999
新乡,晋中,0.0022157906399999
三门峡,晋中,0.0021102768
洛阳,晋中,0.00200476296
张家口,晋中,0.0018992491199999
菏泽,晋中,0.0015827075999999
渭南,晋中,0.0015827075999999
驻马店,晋中,0.00147719376
德州,晋中,0.00147719376
济南,晋中,0.00137167992
乌兰察布,晋中,0.00137167992
巴中,晋中,0.0012661660799999
临沂,晋中,0.0012661660799999
衡水,晋中,0.0012661660799999
呼和浩特,晋中,0.0012661660799999
唐山,晋中,0.00116065224
商丘,晋中,0.00116065224
汉中,晋中,0.00116065224
开封,晋中,0.00116065224
濮阳,晋中,0.0010551384
平顶山,晋中,0.0009496245599999
上海,晋中,0.0009496245599999
咸阳,晋中,0.00084411072
鹤壁,晋中,0.00084411072
成都,晋中,0.00084411072
安康,晋中,0.00073859688
宿州,晋中,0.00073859688
延安,晋中,0.00073859688
潍坊,晋中,0.00073859688
深圳,晋中,0.0006330830399999
绵阳,晋中,0.0006330830399999
扬州,晋中,0.0006330830399999
阜阳,晋中,0.0006330830399999
武汉,晋中,0.0006330830399999
许昌,晋中,0.0006330830399999
银川,晋中,0.0006330830399999
陇南,晋中,0.0005275692
东营,晋中,0.0005275692
庆阳,晋中,0.0005275692
包头,晋中,0.0005275692
南京,晋中,0.0005275692
达州,晋中,0.0005275692
广元,晋中,0.0005275692
鄂尔多斯,晋中,0.0005275692
南充,晋中,0.0005275692
杭州,晋中,0.0005275692
青岛,晋中,0.0005275692
天水,晋中,0.00042205536
淄博,晋中,0.00042205536
益阳,晋中,0.00042205536
三亚,晋中,0.00042205536
宝鸡,晋中,0.00042205536
锡林郭勒盟,晋中,0.00042205536
平凉,晋中,0.00042205536
营口,晋中,0.00042205536
承德,晋中,0.00042205536
葫芦岛,晋中,0.00042205536
荆州,晋中,0.00042205536
南通,晋中,0.00042205536
白银,晋中,0.00042205536
合肥,晋中,0.00042205536
淮安,晋中,0.00042205536
淮北,晋中,0.0003165415199999
信阳,晋中,0.0003165415199999
十堰,晋中,0.0003165415199999
张家界,晋中,0.0003165415199999
沈阳,晋中,0.0003165415199999
福州,晋中,0.0003165415199999
温州,晋中,0.0003165415199999
大连,晋中,0.0003165415199999
临汾,运城,0.2005074842399999
西安,运城,0.0421552123199999
太原,运城,0.0399333564
三门峡,运城,0.0373511995199999
渭南,运城,0.0258816189599999
吕梁,运城,0.01633364352
晋中,运城,0.01435198824
长治,运城,0.01363138632
忻州,运城,0.01092912912
晋城,运城,0.0099082763999999
洛阳,运城,0.00816682176
北京,运城,0.00786657096
郑州,运城,0.0072060191999999
大同,运城,0.0059449658399999
周口,运城,0.00528441408
菏泽,运城,0.00486406296
朔州,运城,0.0043236115199999
焦作,运城,0.00402336072
济源,运城,0.00402336072
商洛,运城,0.0039032604
咸阳,运城,0.00384321024
延安,运城,0.00384321024
南阳,运城,0.0036630597599999
商丘,运城,0.00342285912
重庆,运城,0.00342285912
新乡,运城,0.00324270864
苏州,运城,0.0029424578399999
天津,运城,0.00288240768
上海,运城,0.0028223575199999
安阳,运城,0.0028223575199999
邯郸,运城,0.0027022572
阳泉,运城,0.0024620565599999
成都,运城,0.00234195624
许昌,运城,0.00228190608
保定,运城,0.0021017556
开封,运城,0.0021017556
宝鸡,运城,0.00204170544
徐州,运城,0.00192160512
平顶山,运城,0.0018615549599999
驻马店,运城,0.0018615549599999
榆林,运城,0.0018015047999999
宿州,运城,0.0018015047999999
杭州,运城,0.0017414546399999
无锡,运城,0.00144120384
漯河,运城,0.0013811536799999
濮阳,运城,0.0013811536799999
唐山,运城,0.00132110352
安康,运城,0.00126105336
临沂,运城,0.00126105336
石家庄,运城,0.00126105336
三亚,运城,0.00114095304
聊城,运城,0.00114095304
济宁,运城,0.00114095304
沧州,运城,0.00114095304
阜阳,运城,0.00114095304
廊坊,运城,0.0010809028799999
广州,运城,0.0010809028799999
巴中,运城,0.0010809028799999
青岛,运城,0.0010809028799999
绵阳,运城,0.00096080256
滨州,运城,0.0009007523999999
十堰,运城,0.00084070224
亳州,运城,0.00084070224
南充,运城,0.00084070224
汉中,运城,0.00084070224
鹤壁,运城,0.00078065208
常州,运城,0.00078065208
张家口,运城,0.00078065208
德州,运城,0.00072060192
广元,运城,0.00072060192
信阳,运城,0.00072060192
鞍山,运城,0.00072060192
合肥,运城,0.00066055176
邢台,运城,0.0006005016
深圳,运城,0.0006005016
宁波,运城,0.0006005016
陇南,运城,0.0006005016
蚌埠,运城,0.0006005016
武汉,运城,0.0006005016
包头,运城,0.0005404514399999
南京,运城,0.0005404514399999
天水,运城,0.0005404514399999
南通,运城,0.0005404514399999
定西,运城,0.00048040128
淄博,运城,0.00048040128
庆阳,运城,0.00048040128
襄阳,运城,0.00048040128
济南,运城,0.00048040128
安庆,运城,0.00048040128
呼和浩特,运城,0.00048040128
乌兰察布,运城,0.00048040128
黄冈,运城,0.00048040128
沈阳,运城,0.00048040128
赤峰,运城,0.00042035112
淮安,运城,0.00042035112
温州,运城,0.00042035112
乌鲁木齐,运城,0.00042035112
潍坊,运城,0.00042035112
南昌,运城,0.00042035112
连云港,运城,0.00042035112
太原,忻州,0.1888825553999999
朔州,忻州,0.0576691164
大同,忻州,0.05093025336
榆林,忻州,0.04684805748
吕梁,忻州,0.04075716204
晋中,忻州,0.03051927396
阳泉,忻州,0.0221604919199999
鄂尔多斯,忻州,0.0218365081199999
石家庄,忻州,0.01969821504
保定,忻州,0.0184022798399999
临汾,忻州,0.01820788956
长治,忻州,0.01483845804
运城,忻州,0.00926593668
沧州,忻州,0.00660926952
呼和浩特,忻州,0.0065444727599999
北京,忻州,0.00570211488
晋城,忻州,0.0051837407999999
邯郸,忻州,0.0046005699599999
包头,忻州,0.00447097644
邢台,忻州,0.0042117894
西安,忻州,0.00330463476
天津,忻州,0.00298065096
泰安,忻州,0.00298065096
聊城,忻州,0.00285105744
乌兰察布,忻州,0.00278626068
安康,忻州,0.00207349632
滨州,忻州,0.0019439028
唐山,忻州,0.00181430928
廊坊,忻州,0.00168471576
张家口,忻州,0.0013607319599999
菏泽,忻州,0.0012959351999999
南阳,忻州,0.00123113844
济宁,忻州,0.00116634168
德州,忻州,0.00110154492
衡水,忻州,0.00103674816
焦作,忻州,0.00090715464
重庆,忻州,0.00090715464
商丘,忻州,0.00090715464
烟台,忻州,0.00084235788
巴彦淖尔,忻州,0.00084235788
徐州,忻州,0.00084235788
安阳,忻州,0.0007775611199999
十堰,忻州,0.0007775611199999
周口,忻州,0.0007775611199999
咸阳,忻州,0.00071276436
郑州,忻州,0.00071276436
枣庄,忻州,0.00071276436
东营,忻州,0.00071276436
信阳,忻州,0.0006479675999999
宿州,忻州,0.00058317084
新乡,忻州,0.00058317084
成都,忻州,0.00058317084
济南,忻州,0.00058317084
商洛,忻州,0.00058317084
杭州,忻州,0.00058317084
襄阳,忻州,0.00058317084
驻马店,忻州,0.00051837408
赤峰,忻州,0.00051837408
濮阳,忻州,0.00051837408
秦皇岛,忻州,0.00051837408
渭南,忻州,0.00051837408
潍坊,忻州,0.00051837408
深圳,忻州,0.00045357732
许昌,忻州,0.00045357732
安庆,忻州,0.00045357732
武汉,忻州,0.00045357732
洛阳,忻州,0.00045357732
青岛,忻州,0.0003887805599999
广元,忻州,0.0003887805599999
延安,忻州,0.0003887805599999
阜阳,忻州,0.0003887805599999
汉中,忻州,0.0003887805599999
平顶山,忻州,0.0003887805599999
锡林郭勒盟,忻州,0.0003239837999999
达州,忻州,0.0003239837999999
淄博,忻州,0.0003239837999999
承德,忻州,0.0003239837999999
平凉,忻州,0.0003239837999999
上海,忻州,0.0003239837999999
连云港,忻州,0.0003239837999999
定西,忻州,0.00025918704
福州,忻州,0.00025918704
沈阳,忻州,0.00025918704
开封,忻州,0.00025918704
泰州,忻州,0.00025918704
宝鸡,忻州,0.00025918704
铜川,忻州,0.00025918704
盘锦,忻州,0.00025918704
南充,忻州,0.00025918704
三门峡,忻州,0.00025918704
苏州,忻州,0.0001943902799999
鹤壁,忻州,0.0001943902799999
三亚,忻州,0.0001943902799999
乌海,忻州,0.0001943902799999
中卫,忻州,0.0001943902799999
六安,忻州,0.0001943902799999
临沂,忻州,0.0001943902799999
恩施土家族苗族自治州,忻州,0.0001943902799999
大庆,忻州,0.0001943902799999
北海,忻州,0.0001943902799999
运城,临汾,0.23356496772
太原,临汾,0.08511695136
吕梁,临汾,0.0507372303599999
晋中,临汾,0.0495791766
长治,临汾,0.03792626064
晋城,临汾,0.0264904797599999
西安,临汾,0.0176603198399999
大同,临汾,0.01729842804
忻州,临汾,0.0137518883999999
北京,临汾,0.01273859136
延安,临汾,0.01056724056
安阳,临汾,0.00919205172
邯郸,临汾,0.0088301599199999
朔州,临汾,0.00731021436
阳泉,临汾,0.0060797822399999
洛阳,临汾,0.00528362028
渭南,临汾,0.0052112419199999
周口,临汾,0.00513886356
新乡,临汾,0.0044874583199999
榆林,临汾,0.0044150799599999
郑州,临汾,0.0041979448799999
徐州,临汾,0.00405318816
焦作,临汾,0.00340178292
聊城,临汾,0.0026779993199999
菏泽,临汾,0.0025332425999999
保定,临汾,0.00246086424
天津,临汾,0.00238848588
石家庄,临汾,0.00238848588
邢台,临汾,0.0022437291599999
重庆,临汾,0.0021713507999999
沧州,临汾,0.0021713507999999
商丘,临汾,0.0020989724399999
上海,临汾,0.001809459
咸阳,临汾,0.00173708064
三门峡,临汾,0.00173708064
济源,临汾,0.00166470228
濮阳,临汾,0.00166470228
成都,临汾,0.0015199455599999
南阳,临汾,0.0014475672
阜阳,临汾,0.0014475672
汉中,临汾,0.0014475672
驻马店,临汾,0.0013028104799999
平顶山,临汾,0.00123043212
泰安,临汾,0.00123043212
淮北,临汾,0.00123043212
廊坊,临汾,0.00123043212
开封,临汾,0.00115805376
枣庄,临汾,0.0010856753999999
张家口,临汾,0.0010856753999999
杭州,临汾,0.00101329704
许昌,临汾,0.00101329704
信阳,临汾,0.00101329704
德州,临汾,0.00094091868
宝鸡,临汾,0.00094091868
鄂尔多斯,临汾,0.00094091868
安康,临汾,0.00094091868
唐山,临汾,0.00094091868
鹤壁,临汾,0.00086854032
十堰,临汾,0.00086854032
绵阳,临汾,0.00086854032
宿州,临汾,0.00086854032
三亚,临汾,0.00079616196
潍坊,临汾,0.0007237836
济宁,临汾,0.0007237836
深圳,临汾,0.0006514052399999
衡水,临汾,0.0006514052399999
扬州,临汾,0.0006514052399999
商洛,临汾,0.0006514052399999
漯河,临汾,0.0006514052399999
济南,临汾,0.0006514052399999
淄博,临汾,0.0006514052399999
南京,临汾,0.0006514052399999
临沂,临汾,0.0006514052399999
呼和浩特,临汾,0.00057902688
苏州,临汾,0.00057902688
乌兰察布,临汾,0.00057902688
巴中,临汾,0.00057902688
温州,临汾,0.00057902688
庆阳,临汾,0.00057902688
亳州,临汾,0.00057902688
青岛,临汾,0.00057902688
海口,临汾,0.00050664852
广元,临汾,0.00043427016
天水,临汾,0.00043427016
长沙,临汾,0.00043427016
兰州,临汾,0.00043427016
陇南,临汾,0.00043427016
石嘴山,临汾,0.00043427016
襄阳,临汾,0.0003618918
达州,临汾,0.0003618918
承德,临汾,0.0003618918
南充,临汾,0.0003618918
东营,临汾,0.0003618918
滨州,临汾,0.0003618918
广州,临汾,0.0003618918
武汉,临汾,0.0003618918
银川,临汾,0.00028951344
合肥,临汾,0.00028951344
黄冈,临汾,0.00028951344
赤峰,临汾,0.00028951344
太原,吕梁,0.27414872496
晋中,吕梁,0.13754352744
临汾,吕梁,0.05770729008
榆林,吕梁,0.05246828136
忻州,吕梁,0.03487459536
长治,吕梁,0.02361463632
运城,吕梁,0.021503394
邯郸,吕梁,0.01266745392
西安,吕梁,0.01235467728
大同,吕梁,0.01227648312
朔州,吕梁,0.0109471824
阳泉,吕梁,0.00844496928
晋城,吕梁,0.00758483352
鄂尔多斯,吕梁,0.00727205688
邢台,吕梁,0.00609914448
聊城,吕梁,0.00578636784
安阳,吕梁,0.00461345544
石家庄,吕梁,0.00453526128
延安,吕梁,0.00414429048
沧州,吕梁,0.00406609632
北京,吕梁,0.00398790216
南阳,吕梁,0.0035187372
泰安,吕梁,0.00265860144
徐州,吕梁,0.00211124232
新乡,吕梁,0.00211124232
包头,吕梁,0.00203304816
保定,吕梁,0.00164207736
郑州,吕梁,0.0015638832
安康,吕梁,0.00148568904
天津,吕梁,0.00148568904
重庆,吕梁,0.00148568904
呼和浩特,吕梁,0.00140749488
周口,吕梁,0.00140749488
唐山,吕梁,0.00125110656
渭南,吕梁,0.00125110656
济宁,吕梁,0.00125110656
濮阳,吕梁,0.00125110656
商丘,吕梁,0.00109471824
三门峡,吕梁,0.00109471824
枣庄,吕梁,0.00101652408
焦作,吕梁,0.00101652408
汉中,吕梁,0.00093832992
菏泽,吕梁,0.00093832992
洛阳,吕梁,0.00093832992
十堰,吕梁,0.00086013576
平顶山,吕梁,0.00086013576
廊坊,吕梁,0.0007819416
乌兰察布,吕梁,0.0007819416
德州,吕梁,0.00070374744
许昌,吕梁,0.00070374744
开封,吕梁,0.00070374744
驻马店,吕梁,0.00070374744
张家口,吕梁,0.00062555328
临沂,吕梁,0.00062555328
银川,吕梁,0.00062555328
阜阳,吕梁,0.00062555328
上海,吕梁,0.00054735912
杭州,吕梁,0.00054735912
东营,吕梁,0.00054735912
三亚,吕梁,0.00054735912
济南,吕梁,0.00054735912
淄博,吕梁,0.00046916496
烟台,吕梁,0.00046916496
淮南,吕梁,0.00046916496
巴彦淖尔,吕梁,0.00046916496
深圳,吕梁,0.00046916496
宿州,吕梁,0.00046916496
广州,吕梁,0.0003909708
兰州,吕梁,0.0003909708
咸阳,吕梁,0.0003909708
宝鸡,吕梁,0.0003909708
乌海,吕梁,0.0003909708
潍坊,吕梁,0.0003909708
绵阳,吕梁,0.0003909708
锦州,吕梁,0.0003909708
沈阳,吕梁,0.00031277664
西宁,吕梁,0.00031277664
福州,吕梁,0.00031277664
滨州,吕梁,0.00031277664
大连,吕梁,0.00031277664
青岛,吕梁,0.00031277664
南昌,吕梁,0.00023458248
黄冈,吕梁,0.00023458248
孝感,吕梁,0.00023458248
襄阳,吕梁,0.00023458248
南通,吕梁,0.00023458248
苏州,吕梁,0.00023458248
鞍山,吕梁,0.00023458248
温州,吕梁,0.00023458248
荆州,吕梁,0.00023458248
安庆,吕梁,0.00023458248
武汉,吕梁,0.00023458248
陇南,吕梁,0.00023458248
南充,吕梁,0.00023458248
成都,吕梁,0.00023458248
鹤壁,吕梁,0.00023458248
朝阳,吕梁,0.00023458248
衡水,吕梁,0.00023458248
庆阳,吕梁,0.00023458248
商洛,吕梁,0.00023458248
榆林,内蒙古自治区,0.2621993327999999
大同,内蒙古自治区,0.1449108143999999
张家口,内蒙古自治区,0.1100642256
朝阳,内蒙古自治区,0.1081519127999999
齐齐哈尔,内蒙古自治区,0.0652311144
朔州,内蒙古自治区,0.0641687184
忻州,内蒙古自治区,0.0611940095999999
北京,内蒙古自治区,0.0597066552
白城,内蒙古自治区,0.0594941759999999
阜新,内蒙古自治区,0.0558820295999999
银川,内蒙古自治区,0.0550321128
承德,内蒙古自治区,0.0452580696
沈阳,内蒙古自治区,0.0446206319999999
石嘴山,内蒙古自治区,0.038246256
吕梁,内蒙古自治区,0.0346341096
天津,内蒙古自治区,0.0291096504
四平,内蒙古自治区,0.027622296
保定,内蒙古自治区,0.0263474207999999
中卫,内蒙古自治区,0.023372712
唐山,内蒙古自治区,0.0218853576
西安,内蒙古自治区,0.0214603991999999
白银,内蒙古自治区,0.02124792
武威,内蒙古自治区,0.0210354408
铁岭,内蒙古自治区,0.0197605656
松原,内蒙古自治区,0.0178482528
邯郸,内蒙古自治区,0.0176357735999999
泰安,内蒙古自治区,0.0172108152
吴忠,内蒙古自治区,0.016998336
济宁,内蒙古自治区,0.016998336
长春,内蒙古自治区,0.0161484192
沧州,内蒙古自治区,0.01593594
锦州,内蒙古自治区,0.013811148
廊坊,内蒙古自治区,0.0129612312
庆阳,内蒙古自治区,0.011686356
太原,内蒙古自治区,0.011686356
石家庄,内蒙古自治区,0.0114738768
大连,内蒙古自治区,0.0110489183999999
晋中,内蒙古自治区,0.0097740432
葫芦岛,内蒙古自治区,0.0097740432
南阳,内蒙古自治区,0.009561564
黑河,内蒙古自治区,0.0093490847999999
哈尔滨,内蒙古自治区,0.0091366055999999
盘锦,内蒙古自治区,0.0091366055999999
大庆,内蒙古自治区,0.0087116471999999
邢台,内蒙古自治区,0.008499168
延安,内蒙古自治区,0.0082866887999999
吉林,内蒙古自治区,0.0082866887999999
重庆,内蒙古自治区,0.0080742096
枣庄,内蒙古自治区,0.0078617304
德州,内蒙古自治区,0.0078617304
临汾,内蒙古自治区,0.0078617304
秦皇岛,内蒙古自治区,0.0074367719999999
郑州,内蒙古自治区,0.0074367719999999
菏泽,内蒙古自治区,0.0072242928
营口,内蒙古自治区,0.0072242928
商丘,内蒙古自治区,0.0070118136
大兴安岭地区,内蒙古自治区,0.0063743759999999
济南,内蒙古自治区,0.0063743759999999
运城,内蒙古自治区,0.0063743759999999
上海,内蒙古自治区,0.0061618967999999
周口,内蒙古自治区,0.0059494176
潍坊,内蒙古自治区,0.0057369384
临沂,内蒙古自治区,0.0057369384
鞍山,内蒙古自治区,0.0055244591999999
淄博,内蒙古自治区,0.0055244591999999
衡水,内蒙古自治区,0.0055244591999999
兰州,内蒙古自治区,0.0055244591999999
驻马店,内蒙古自治区,0.00531198
平凉,内蒙古自治区,0.00531198
新乡,内蒙古自治区,0.00531198
成都,内蒙古自治区,0.00531198
酒泉,内蒙古自治区,0.0050995008
安阳,内蒙古自治区,0.0050995008
渭南,内蒙古自治区,0.0050995008
徐州,内蒙古自治区,0.0048870216
聊城,内蒙古自治区,0.0048870216
青岛,内蒙古自治区,0.0048870216
咸阳,内蒙古自治区,0.0048870216
濮阳,内蒙古自治区,0.0044620632
固原,内蒙古自治区,0.0044620632
三亚,内蒙古自治区,0.0044620632
绥化,内蒙古自治区,0.0044620632
定西,内蒙古自治区,0.0044620632
深圳,内蒙古自治区,0.0040371048
洛阳,内蒙古自治区,0.0040371048
开封,内蒙古自治区,0.0040371048
丹东,内蒙古自治区,0.0040371048
辽阳,内蒙古自治区,0.0036121464
阜阳,内蒙古自治区,0.0036121464
阳泉,内蒙古自治区,0.0033996672
天水,内蒙古自治区,0.0033996672
金昌,内蒙古自治区,0.0031871879999999
烟台,内蒙古自治区,0.0031871879999999
抚顺,内蒙古自治区,0.0031871879999999
宿州,内蒙古自治区,0.0031871879999999
长治,内蒙古自治区,0.0029747088
焦作,内蒙古自治区,0.0029747088
亳州,内蒙古自治区,0.0025497504
广州,内蒙古自治区,0.0025497504
淮南,内蒙古自治区,0.0025497504
乌兰察布,呼和浩特,0.69460055064
包头,呼和浩特,0.27611226864
巴彦淖尔,呼和浩特,0.1900746777599999
鄂尔多斯,呼和浩特,0.1398560839199999
赤峰,呼和浩特,0.0845976312
锡林郭勒盟,呼和浩特,0.06893806968
通辽,呼和浩特,0.04355878032
乌海,呼和浩特,0.0323990928
大同,呼和浩特,0.0323990928
朔州,呼和浩特,0.02465930952
兴安盟,呼和浩特,0.01637954136
北京,呼和浩特,0.0156595615199999
张家口,呼和浩特,0.0124196522399999
呼伦贝尔,呼和浩特,0.01133968248
忻州,呼和浩特,0.00935973792
阿拉善盟,呼和浩特,0.00683980848
榆林,呼和浩特,0.0052198538399999
天津,呼和浩特,0.0052198538399999
吕梁,呼和浩特,0.004499874
保定,呼和浩特,0.00431987904
西安,呼和浩特,0.00395988912
太原,呼和浩特,0.0035998992
沧州,呼和浩特,0.0032399092799999
邯郸,呼和浩特,0.0032399092799999
晋中,呼和浩特,0.00233993448
石家庄,呼和浩特,0.00215993952
银川,呼和浩特,0.00215993952
唐山,呼和浩特,0.00197994456
三亚,呼和浩特,0.00197994456
上海,呼和浩特,0.0017999496
重庆,呼和浩特,0.0017999496
成都,呼和浩特,0.0016199546399999
郑州,呼和浩特,0.0016199546399999
周口,呼和浩特,0.0016199546399999
承德,呼和浩特,0.0016199546399999
沈阳,呼和浩特,0.0016199546399999
廊坊,呼和浩特,0.0016199546399999
菏泽,呼和浩特,0.0016199546399999
青岛,呼和浩特,0.00143995968
商丘,呼和浩特,0.00143995968
运城,呼和浩特,0.00125996472
济南,呼和浩特,0.00125996472
新乡,呼和浩特,0.00125996472
南阳,呼和浩特,0.00125996472
德州,呼和浩特,0.00125996472
临汾,呼和浩特,0.00107996976
聊城,呼和浩特,0.00107996976
亳州,呼和浩特,0.00107996976
邢台,呼和浩特,0.00107996976
秦皇岛,呼和浩特,0.00107996976
临沂,呼和浩特,0.00107996976
安阳,呼和浩特,0.0008999748
大连,呼和浩特,0.0008999748
开封,呼和浩特,0.0008999748
济宁,呼和浩特,0.0008999748
宿州,呼和浩特,0.0008999748
濮阳,呼和浩特,0.0008999748
杭州,呼和浩特,0.00071997984
驻马店,呼和浩特,0.00071997984
朝阳,呼和浩特,0.00071997984
徐州,呼和浩特,0.00071997984
南充,呼和浩特,0.00071997984
衡水,呼和浩特,0.00071997984
阜阳,呼和浩特,0.00071997984
深圳,呼和浩特,0.00071997984
潍坊,呼和浩特,0.00071997984
巴中,呼和浩特,0.00071997984
长治,呼和浩特,0.00071997984
许昌,呼和浩特,0.00053998488
武威,呼和浩特,0.00053998488
长春,呼和浩特,0.00053998488
广州,呼和浩特,0.00053998488
延安,呼和浩特,0.00053998488
淄博,呼和浩特,0.00053998488
铁岭,呼和浩特,0.00053998488
白银,呼和浩特,0.00053998488
武汉,呼和浩特,0.00053998488
咸阳,呼和浩特,0.00053998488
连云港,呼和浩特,0.00053998488
南京,呼和浩特,0.00053998488
兰州,呼和浩特,0.00053998488
哈尔滨,呼和浩特,0.00053998488
洛阳,呼和浩特,0.00053998488
临夏回族自治州,呼和浩特,0.00053998488
阳泉,呼和浩特,0.00053998488
烟台,呼和浩特,0.00053998488
吴忠,呼和浩特,0.00035998992
娄底,呼和浩特,0.00035998992
合肥,呼和浩特,0.00035998992
平顶山,呼和浩特,0.00035998992
吉林,呼和浩特,0.00035998992
陵水黎族自治县,呼和浩特,0.00035998992
南通,呼和浩特,0.00035998992
珠海,呼和浩特,0.00035998992
海口,呼和浩特,0.00035998992
石嘴山,呼和浩特,0.00035998992
长沙,呼和浩特,0.00035998992
天水,呼和浩特,0.00035998992
乌鲁木齐,呼和浩特,0.00035998992
宝鸡,呼和浩特,0.00035998992
呼和浩特,包头,0.2312935559999999
乌兰察布,包头,0.190151793
巴彦淖尔,包头,0.167659713
鄂尔多斯,包头,0.126799101
赤峰,包头,0.020711457
大同,包头,0.017150211
乌海,包头,0.0164941919999999
锡林郭勒盟,包头,0.011620908
张家口,包头,0.011620908
榆林,包头,0.01030887
朔州,包头,0.008059662
忻州,包头,0.0076847939999999
吕梁,包头,0.006935058
北京,包头,0.006841341
通辽,包头,0.006372756
晋中,包头,0.003467529
保定,包头,0.003373812
西安,包头,0.003373812
沧州,包头,0.003280095
天津,包头,0.003092661
阿拉善盟,包头,0.0028115099999999
邯郸,包头,0.0020617739999999
太原,包头,0.0019680569999999
重庆,包头,0.0019680569999999
商丘,包头,0.0019680569999999
阳泉,包头,0.00187434
邢台,包头,0.0017806229999999
银川,包头,0.0017806229999999
兴安盟,包头,0.0017806229999999
驻马店,包头,0.001686906
石家庄,包头,0.001686906
唐山,包头,0.0014057549999999
廊坊,包头,0.001312038
聊城,包头,0.001218321
运城,包头,0.001218321
开封,包头,0.001124604
徐州,包头,0.0010308869999999
安阳,包头,0.0010308869999999
周口,包头,0.0010308869999999
成都,包头,0.0010308869999999
天水,包头,0.00093717
临汾,包头,0.00093717
洛阳,包头,0.00093717
上海,包头,0.00093717
呼伦贝尔,包头,0.000843453
石嘴山,包头,0.000843453
郑州,包头,0.000843453
南阳,包头,0.000749736
承德,包头,0.000749736
菏泽,包头,0.000656019
新乡,包头,0.000656019
长治,包头,0.000656019
衡水,包头,0.000656019
渭南,包头,0.000656019
咸阳,包头,0.000656019
信阳,包头,0.000562302
吴忠,包头,0.000562302
中卫,包头,0.000562302
延安,包头,0.000562302
济宁,包头,0.000562302
焦作,包头,0.000562302
定西,包头,0.000468585
深圳,包头,0.000468585
临夏回族自治州,包头,0.000468585
三门峡,包头,0.000468585
三亚,包头,0.000468585
枣庄,包头,0.000468585
沈阳,包头,0.000468585
烟台,包头,0.000468585
濮阳,包头,0.000468585
平凉,包头,0.000468585
安康,包头,0.000468585
陇南,包头,0.000374868
兰州,包头,0.000374868
福州,包头,0.000374868
庆阳,包头,0.000374868
青岛,包头,0.000374868
潍坊,包头,0.000281151
长春,包头,0.000281151
临沂,包头,0.000281151
南昌,包头,0.000281151
海东,包头,0.000281151
宿州,包头,0.000281151
南京,包头,0.000281151
白银,包头,0.000281151
阜阳,包头,0.000281151
滨州,包头,0.000281151
济南,包头,0.000281151
西宁,包头,0.000281151
威海,包头,0.000281151
泰安,包头,0.000281151
九江,包头,0.000281151
武汉,包头,0.000281151
资阳,包头,0.000281151
武威,包头,0.000281151
德州,包头,0.000281151
咸宁,包头,0.000281151
秦皇岛,包头,0.000281151
商洛,包头,0.000281151
大连,包头,0.000281151
鄂尔多斯,乌海,0.0978298074
巴彦淖尔,乌海,0.0861392329199999
阿拉善盟,乌海,0.0302764877999999
呼和浩特,乌海,0.0203009976
包头,乌海,0.0191459408399999
石嘴山,乌海,0.0146307189599999
乌兰察布,乌海,0.01333565532
银川,乌海,0.01176057792
榆林,乌海,0.00637031304
庆阳,乌海,0.0030801513599999
唐山,乌海,0.00304514964
泰安,乌海,0.002625129
赤峰,乌海,0.0024851221199999
吴忠,乌海,0.0024501203999999
中卫,乌海,0.00238011696
邯郸,乌海,0.0014350705199999
锡林郭勒盟,乌海,0.0014000688
张家口,乌海,0.00136506708
天津,乌海,0.0012950636399999
大同,乌海,0.0012250601999999
南阳,乌海,0.00115505676
平凉,乌海,0.00094504644
西安,乌海,0.0008400412799999
兰州,乌海,0.00080503956
武威,乌海,0.0007700378399999
固原,乌海,0.0007700378399999
北京,乌海,0.0007700378399999
白银,乌海,0.00073503612
定西,乌海,0.00073503612
朔州,乌海,0.00059502924
菏泽,乌海,0.0005600275199999
渭南,乌海,0.0005250258
延安,乌海,0.0005250258
吕梁,乌海,0.00045502236
保定,乌海,0.0004200206399999
驻马店,乌海,0.0004200206399999
洛阳,乌海,0.0004200206399999
忻州,乌海,0.0004200206399999
安阳,乌海,0.0004200206399999
秦皇岛,乌海,0.0003850189199999
太原,乌海,0.0003500172
濮阳,乌海,0.0003500172
晋中,乌海,0.0003500172
宜昌,乌海,0.0003150154799999
通辽,乌海,0.0003150154799999
重庆,乌海,0.0003150154799999
新乡,乌海,0.0003150154799999
石家庄,乌海,0.0002800137599999
济宁,乌海,0.0002800137599999
开封,乌海,0.0002800137599999
商丘,乌海,0.00024501204
荆门,乌海,0.00024501204
廊坊,乌海,0.00024501204
亳州,乌海,0.00024501204
承德,乌海,0.0002100103199999
衡水,乌海,0.0002100103199999
临汾,乌海,0.0002100103199999
郑州,乌海,0.0002100103199999
宝鸡,乌海,0.0002100103199999
杭州,乌海,0.0002100103199999
成都,乌海,0.0001750086
咸阳,乌海,0.0001750086
陇南,乌海,0.0001750086
西宁,乌海,0.0001400068799999
临夏回族自治州,乌海,0.0001400068799999
信阳,乌海,0.0001400068799999
潍坊,乌海,0.0001400068799999
天水,乌海,0.0001400068799999
日照,乌海,0.0001400068799999
焦作,乌海,0.0001400068799999
淄博,乌海,0.0001400068799999
朝阳,乌海,0.0001400068799999
运城,乌海,0.0001400068799999
枣庄,乌海,0.0001400068799999
邢台,乌海,0.0001400068799999
许昌,乌海,0.0001050051599999
青岛,乌海,0.0001050051599999
德州,乌海,0.0001050051599999
周口,乌海,0.0001050051599999
聊城,乌海,0.0001050051599999
张掖,乌海,0.0001050051599999
福州,乌海,0.0001050051599999
南京,乌海,7.000343999999999e-05
汉中,乌海,7.000343999999999e-05
安康,乌海,7.000343999999999e-05
沈阳,乌海,7.000343999999999e-05
沧州,乌海,7.000343999999999e-05
铜川,乌海,7.000343999999999e-05
武汉,乌海,7.000343999999999e-05
深圳,乌海,7.000343999999999e-05
上海,乌海,7.000343999999999e-05
佛山,乌海,7.000343999999999e-05
海东,乌海,7.000343999999999e-05
葫芦岛,乌海,7.000343999999999e-05
呼伦贝尔,乌海,7.000343999999999e-05
海西蒙古族藏族自治州,乌海,7.000343999999999e-05
上饶,乌海,7.000343999999999e-05
漯河,乌海,3.5001719999999995e-05
兴安盟,乌海,3.5001719999999995e-05
宁波,乌海,3.5001719999999995e-05
朝阳,赤峰,0.09719381808
通辽,赤峰,0.0805718988
锡林郭勒盟,赤峰,0.03375137808
承德,赤峰,0.02719565928
呼和浩特,赤峰,0.01619896968
乌兰察布,赤峰,0.0120117686399999
北京,赤峰,0.0117579988799999
沈阳,赤峰,0.01057374
兴安盟,赤峰,0.00913571136
唐山,赤峰,0.00773997768
呼伦贝尔,赤峰,0.006344244
锦州,赤峰,0.006344244
天津,赤峰,0.0060481792799999
包头,赤峰,0.0054983448
保定,赤峰,0.0048216254399999
廊坊,赤峰,0.00448326576
鄂尔多斯,赤峰,0.0044409708
葫芦岛,赤峰,0.00427179096
大连,赤峰,0.00393343128
盘锦,赤峰,0.00342589176
阜新,赤峰,0.0027491724
秦皇岛,赤峰,0.00236851776
长春,赤峰,0.0023262228
巴彦淖尔,赤峰,0.00224163288
张家口,赤峰,0.002114748
沧州,赤峰,0.00203015808
齐齐哈尔,赤峰,0.00186097824
营口,赤峰,0.00186097824
白城,赤峰,0.00177638832
铁岭,赤峰,0.0017340933599999
鞍山,赤峰,0.0017340933599999
邯郸,赤峰,0.00156491352
哈尔滨,赤峰,0.00114196392
松原,赤峰,0.00109966896
丹东,赤峰,0.001057374
吉林,赤峰,0.00101507904
石家庄,赤峰,0.00101507904
青岛,赤峰,0.00093048912
辽阳,赤峰,0.00093048912
上海,赤峰,0.00088819416
邢台,赤峰,0.0008458992
大同,赤峰,0.0008458992
商丘,赤峰,0.00080360424
西安,赤峰,0.00076130928
四平,赤峰,0.00071901432
深圳,赤峰,0.00071901432
淄博,赤峰,0.00067671936
大庆,赤峰,0.00067671936
郑州,赤峰,0.00059212944
乌海,赤峰,0.00059212944
衡水,赤峰,0.00059212944
临沂,赤峰,0.00054983448
济南,赤峰,0.00054983448
德州,赤峰,0.00054983448
济宁,赤峰,0.00050753952
菏泽,赤峰,0.00050753952
铜陵,赤峰,0.00050753952
滨州,赤峰,0.00050753952
抚顺,赤峰,0.00050753952
绥化,赤峰,0.00046524456
潍坊,赤峰,0.0004229496
广州,赤峰,0.0004229496
重庆,赤峰,0.0004229496
烟台,赤峰,0.00038065464
本溪,赤峰,0.00033835968
伊春,赤峰,0.00033835968
佳木斯,赤峰,0.00029606472
合肥,赤峰,0.00029606472
阿拉善盟,赤峰,0.00029606472
忻州,赤峰,0.00029606472
白山,赤峰,0.00029606472
牡丹江,赤峰,0.00029606472
周口,赤峰,0.00029606472
七台河,赤峰,0.00029606472
辽源,赤峰,0.00029606472
盐城,赤峰,0.00029606472
长沙,赤峰,0.00029606472
杭州,赤峰,0.00029606472
朔州,赤峰,0.00029606472
黑河,赤峰,0.00025376976
南阳,赤峰,0.00025376976
贵阳,赤峰,0.00025376976
南京,赤峰,0.00025376976
驻马店,赤峰,0.00025376976
延边朝鲜族自治州,赤峰,0.00025376976
惠州,赤峰,0.00025376976
成都,赤峰,0.00025376976
濮阳,赤峰,0.00025376976
兰州,赤峰,0.00025376976
福州,赤峰,0.0002114748
威海,赤峰,0.0002114748
安阳,赤峰,0.0002114748
新乡,赤峰,0.0002114748
东营,赤峰,0.0002114748
台州,赤峰,0.00016917984
漯河,赤峰,0.00016917984
湖州,赤峰,0.00016917984
开封,赤峰,0.00016917984
徐州,赤峰,0.00016917984
连云港,赤峰,0.00016917984
赤峰,通辽,0.07881359616
兴安盟,通辽,0.0497622528
阜新,通辽,0.03325660416
沈阳,通辽,0.02565209088
四平,通辽,0.02432042496
松原,通辽,0.01310639616
锡林郭勒盟,通辽,0.01307135232
铁岭,通辽,0.01159951104
呼和浩特,通辽,0.00904131072
白城,通辽,0.0088310476799999
长春,通辽,0.00641302272
朝阳,通辽,0.00627284736
呼伦贝尔,通辽,0.00529161984
北京,通辽,0.0051164006399999
锦州,通辽,0.00392491008
营口,通辽,0.0029787264
天津,通辽,0.0025582003199999
吉林,通辽,0.00238298112
大连,通辽,0.00231289344
葫芦岛,通辽,0.0020325427199999
盘锦,通辽,0.0018222796799999
乌兰察布,通辽,0.0018222796799999
鞍山,通辽,0.00168210432
齐齐哈尔,通辽,0.00164706048
承德,通辽,0.00143679744
秦皇岛,通辽,0.00126157824
保定,通辽,0.0012265344
包头,通辽,0.0012265344
德州,通辽,0.00119149056
鄂尔多斯,通辽,0.00119149056
辽源,通辽,0.00119149056
辽阳,通辽,0.00119149056
哈尔滨,通辽,0.00112140288
丹东,通辽,0.00098122752
廊坊,通辽,0.00098122752
抚顺,通辽,0.00084105216
唐山,通辽,0.00080600832
绥化,通辽,0.00080600832
延边朝鲜族自治州,通辽,0.00077096448
大庆,通辽,0.00073592064
七台河,通辽,0.00059574528
本溪,通辽,0.00056070144
济南,通辽,0.0005256576
通化,通辽,0.00049061376
巴彦淖尔,通辽,0.0004555699199999
潍坊,通辽,0.0004555699199999
衡水,通辽,0.00042052608
西安,通辽,0.00042052608
滨州,通辽,0.00042052608
洛阳,通辽,0.00042052608
沧州,通辽,0.00038548224
邯郸,通辽,0.00038548224
大同,通辽,0.0003504384
菏泽,通辽,0.0003504384
苏州,通辽,0.00031539456
开封,通辽,0.00031539456
周口,通辽,0.00031539456
青岛,通辽,0.00031539456
白山,通辽,0.00028035072
银川,通辽,0.00028035072
成都,通辽,0.00028035072
张家口,通辽,0.00028035072
深圳,通辽,0.00028035072
威海,通辽,0.00024530688
石家庄,通辽,0.00024530688
上海,通辽,0.00024530688
烟台,通辽,0.00024530688
佳木斯,通辽,0.00021026304
淄博,通辽,0.00021026304
三亚,通辽,0.00021026304
重庆,通辽,0.0001752192
临沂,通辽,0.0001752192
邢台,通辽,0.0001752192
安庆,通辽,0.0001752192
鸡西,通辽,0.0001752192
泰安,通辽,0.0001752192
榆林,通辽,0.0001752192
黑河,通辽,0.0001752192
乌海,通辽,0.00014017536
广州,通辽,0.00014017536
牡丹江,通辽,0.00014017536
聊城,通辽,0.00014017536
大兴安岭地区,通辽,0.00014017536
济宁,通辽,0.00014017536
无锡,通辽,0.00014017536
合肥,通辽,0.00010513152
东莞,通辽,0.00010513152
延安,通辽,0.00010513152
黄石,通辽,0.00010513152
郑州,通辽,0.00010513152
枣庄,通辽,0.00010513152
宁波,通辽,0.00010513152
许昌,通辽,0.00010513152
南京,通辽,0.00010513152
扬州,通辽,7.008768e-05
商丘,通辽,7.008768e-05
太原,通辽,7.008768e-05
晋中,通辽,7.008768e-05
伊春,通辽,7.008768e-05
濮阳,通辽,7.008768e-05
榆林,鄂尔多斯,0.2350850039999999
包头,鄂尔多斯,0.191550744
呼和浩特,鄂尔多斯,0.1460263464
巴彦淖尔,鄂尔多斯,0.13371237
乌海,鄂尔多斯,0.1151792136
乌兰察布,鄂尔多斯,0.0511216596
忻州,鄂尔多斯,0.037936998
大同,鄂尔多斯,0.023010966
吕梁,鄂尔多斯,0.0197769924
银川,鄂尔多斯,0.0179112383999999
朔州,鄂尔多斯,0.0154235664
赤峰,鄂尔多斯,0.0145528812
济宁,鄂尔多斯,0.0134334288
泰安,鄂尔多斯,0.0129358944
石嘴山,鄂尔多斯,0.0125627435999999
张家口,鄂尔多斯,0.0121895928
西安,鄂尔多斯,0.0084580848
吴忠,鄂尔多斯,0.008084934
庆阳,鄂尔多斯,0.0063435635999999
枣庄,鄂尔多斯,0.0063435635999999
延安,鄂尔多斯,0.0058460291999999
邯郸,鄂尔多斯,0.0054728784
保定,鄂尔多斯,0.0053484948
锡林郭勒盟,鄂尔多斯,0.0050997275999999
北京,鄂尔多斯,0.0047265768
天津,鄂尔多斯,0.0033583572
阿拉善盟,鄂尔多斯,0.0032339736
沧州,鄂尔多斯,0.0031095899999999
南阳,鄂尔多斯,0.0031095899999999
太原,鄂尔多斯,0.0031095899999999
通辽,鄂尔多斯,0.0028608228
邢台,鄂尔多斯,0.0026120556
淄博,鄂尔多斯,0.0026120556
中卫,鄂尔多斯,0.0026120556
咸阳,鄂尔多斯,0.002487672
盘锦,鄂尔多斯,0.002487672
石家庄,鄂尔多斯,0.002487672
临汾,鄂尔多斯,0.0022389047999999
临沂,鄂尔多斯,0.0022389047999999
菏泽,鄂尔多斯,0.0022389047999999
济南,鄂尔多斯,0.0021145212
徐州,鄂尔多斯,0.0021145212
淮南,鄂尔多斯,0.0021145212
运城,鄂尔多斯,0.0021145212
郑州,鄂尔多斯,0.0021145212
武威,鄂尔多斯,0.0019901375999999
渭南,鄂尔多斯,0.0019901375999999
濮阳,鄂尔多斯,0.0019901375999999
淮北,鄂尔多斯,0.0018657539999999
晋中,鄂尔多斯,0.0018657539999999
重庆,鄂尔多斯,0.0017413704
驻马店,鄂尔多斯,0.0016169868
商丘,鄂尔多斯,0.0016169868
唐山,鄂尔多斯,0.0016169868
安阳,鄂尔多斯,0.0016169868
周口,鄂尔多斯,0.0014926031999999
潍坊,鄂尔多斯,0.0013682196
兴安盟,鄂尔多斯,0.0013682196
阜阳,鄂尔多斯,0.0013682196
宿州,鄂尔多斯,0.0013682196
新乡,鄂尔多斯,0.001243836
焦作,鄂尔多斯,0.001243836
聊城,鄂尔多斯,0.001243836
德州,鄂尔多斯,0.0011194523999999
沈阳,鄂尔多斯,0.0011194523999999
岳阳,鄂尔多斯,0.0011194523999999
平凉,鄂尔多斯,0.0011194523999999
廊坊,鄂尔多斯,0.0011194523999999
铁岭,鄂尔多斯,0.0011194523999999
白银,鄂尔多斯,0.0009950687999999
固原,鄂尔多斯,0.0009950687999999
洛阳,鄂尔多斯,0.0009950687999999
定西,鄂尔多斯,0.0009950687999999
衡水,鄂尔多斯,0.0008706852
陇南,鄂尔多斯,0.0008706852
成都,鄂尔多斯,0.0008706852
兰州,鄂尔多斯,0.0007463015999999
锦州,鄂尔多斯,0.0007463015999999
烟台,鄂尔多斯,0.0007463015999999
商洛,鄂尔多斯,0.0007463015999999
葫芦岛,鄂尔多斯,0.0007463015999999
朝阳,鄂尔多斯,0.0007463015999999
宝鸡,鄂尔多斯,0.000621918
开封,鄂尔多斯,0.000621918
三门峡,鄂尔多斯,0.000621918
天水,鄂尔多斯,0.000621918
晋城,鄂尔多斯,0.000621918
阳泉,鄂尔多斯,0.000621918
东营,鄂尔多斯,0.000621918
长治,鄂尔多斯,0.000621918
安康,鄂尔多斯,0.0004975343999999
许昌,鄂尔多斯,0.0004975343999999
承德,鄂尔多斯,0.0004975343999999
上海,鄂尔多斯,0.0004975343999999
鹤壁,鄂尔多斯,0.0004975343999999
滨州,鄂尔多斯,0.0004975343999999
阜新,鄂尔多斯,0.0004975343999999
信阳,鄂尔多斯,0.0004975343999999
呼伦贝尔,鄂尔多斯,0.0003731507999999
安庆,鄂尔多斯,0.0003731507999999
齐齐哈尔,呼伦贝尔,0.03122495568
兴安盟,呼伦贝尔,0.0174533615999999
赤峰,呼伦贝尔,0.00871394112
黑河,呼伦贝尔,0.0080896968
通辽,呼伦贝尔,0.0064462780799999
大兴安岭地区,呼伦贝尔,0.0062424432
呼和浩特,呼伦贝尔,0.00531244656
大庆,呼伦贝尔,0.00481559904
哈尔滨,呼伦贝尔,0.004458888
北京,呼伦贝尔,0.00329957712
绥化,呼伦贝尔,0.0018090345599999
沈阳,呼伦贝尔,0.00177081552
天津,呼伦贝尔,0.00174533616
大连,呼伦贝尔,0.00135040608
长春,呼伦贝尔,0.00135040608
白城,呼伦贝尔,0.00099369504
三亚,呼伦贝尔,0.0007006824
锡林郭勒盟,呼伦贝尔,0.0007006824
包头,呼伦贝尔,0.00067520304
潍坊,呼伦贝尔,0.000636984
伊春,呼伦贝尔,0.00061150464
营口,呼伦贝尔,0.00061150464
秦皇岛,呼伦贝尔,0.00054780624
辽阳,呼伦贝尔,0.0005095872
青岛,呼伦贝尔,0.0005095872
深圳,呼伦贝尔,0.00048410784
上海,呼伦贝尔,0.00048410784
鄂尔多斯,呼伦贝尔,0.00048410784
铁岭,呼伦贝尔,0.0004458887999999
鞍山,呼伦贝尔,0.0004458887999999
松原,呼伦贝尔,0.00042040944
唐山,呼伦贝尔,0.00042040944
乌兰察布,呼伦贝尔,0.00042040944
葫芦岛,呼伦贝尔,0.00042040944
锦州,呼伦贝尔,0.00042040944
吉林,呼伦贝尔,0.00034397136
四平,呼伦贝尔,0.00034397136
丹东,呼伦贝尔,0.00034397136
廊坊,呼伦贝尔,0.000318492
广州,呼伦贝尔,0.00028027296
本溪,呼伦贝尔,0.00028027296
朝阳,呼伦贝尔,0.00028027296
西安,呼伦贝尔,0.0002547936
枣庄,呼伦贝尔,0.0002547936
巴彦淖尔,呼伦贝尔,0.00021657456
烟台,呼伦贝尔,0.00021657456
盘锦,呼伦贝尔,0.0001910952
莆田,呼伦贝尔,0.0001910952
临沂,呼伦贝尔,0.0001910952
苏州,呼伦贝尔,0.0001910952
威海,呼伦贝尔,0.0001910952
牡丹江,呼伦贝尔,0.0001910952
济南,呼伦贝尔,0.0001910952
鸡西,呼伦贝尔,0.00015287616
延边朝鲜族自治州,呼伦贝尔,0.00015287616
鹤壁,呼伦贝尔,0.00015287616
保定,呼伦贝尔,0.00015287616
杭州,呼伦贝尔,0.00015287616
太原,呼伦贝尔,0.00015287616
石家庄,呼伦贝尔,0.00015287616
海口,呼伦贝尔,0.00015287616
阜阳,呼伦贝尔,0.00015287616
抚顺,呼伦贝尔,0.00015287616
沧州,呼伦贝尔,0.00015287616
承德,呼伦贝尔,0.00015287616
忻州,呼伦贝尔,0.0001273968
厦门,呼伦贝尔,0.0001273968
佳木斯,呼伦贝尔,0.0001273968
重庆,呼伦贝尔,0.0001273968
济宁,呼伦贝尔,0.0001273968
东方,呼伦贝尔,0.0001273968
德州,呼伦贝尔,0.0001273968
大同,呼伦贝尔,8.917776e-05
阜新,呼伦贝尔,8.917776e-05
南通,呼伦贝尔,8.917776e-05
兰州,呼伦贝尔,8.917776e-05
衡水,呼伦贝尔,8.917776e-05
榆林,呼伦贝尔,8.917776e-05
邯郸,呼伦贝尔,8.917776e-05
南京,呼伦贝尔,8.917776e-05
七台河,呼伦贝尔,8.917776e-05
徐州,呼伦贝尔,8.917776e-05
洛阳,呼伦贝尔,8.917776e-05
东莞,呼伦贝尔,8.917776e-05
张家口,呼伦贝尔,8.917776e-05
银川,呼伦贝尔,8.917776e-05
淄博,呼伦贝尔,8.917776e-05
滨州,呼伦贝尔,8.917776e-05
聊城,呼伦贝尔,8.917776e-05
咸阳,呼伦贝尔,8.917776e-05
文昌,呼伦贝尔,8.917776e-05
双鸭山,呼伦贝尔,8.917776e-05
台州,呼伦贝尔,8.917776e-05
连云港,呼伦贝尔,8.917776e-05
辽源,呼伦贝尔,8.917776e-05
嘉兴,呼伦贝尔,6.369840000000001e-05
成都,呼伦贝尔,6.369840000000001e-05
宁波,呼伦贝尔,6.369840000000001e-05
菏泽,呼伦贝尔,6.369840000000001e-05
揭阳,呼伦贝尔,6.369840000000001e-05
包头,巴彦淖尔,0.0940774338
鄂尔多斯,巴彦淖尔,0.0617135273999999
呼和浩特,巴彦淖尔,0.04610270196
乌海,巴彦淖尔,0.03747232692
乌兰察布,巴彦淖尔,0.01212060024
阿拉善盟,巴彦淖尔,0.01145428452
银川,巴彦淖尔,0.00387097704
赤峰,巴彦淖尔,0.00298255608
榆林,巴彦淖尔,0.0028239094799999
张家口,巴彦淖尔,0.00244315764
石嘴山,巴彦淖尔,0.0022845110399999
锡林郭勒盟,巴彦淖尔,0.0016181953199999
北京,巴彦淖尔,0.00149127804
大同,巴彦淖尔,0.00145954872
西安,巴彦淖尔,0.0012691727999999
定西,巴彦淖尔,0.00120571416
天津,巴彦淖尔,0.0011422555199999
石家庄,巴彦淖尔,0.00107879688
通辽,巴彦淖尔,0.00098360892
白银,巴彦淖尔,0.0009518796
保定,巴彦淖尔,0.0009518796
忻州,巴彦淖尔,0.00092015028
固原,巴彦淖尔,0.00092015028
吴忠,巴彦淖尔,0.00088842096
临汾,巴彦淖尔,0.00088842096
唐山,巴彦淖尔,0.00076150368
渭南,巴彦淖尔,0.00072977436
吕梁,巴彦淖尔,0.00072977436
沧州,巴彦淖尔,0.00072977436
邯郸,巴彦淖尔,0.00069804504
武威,巴彦淖尔,0.00069804504
平凉,巴彦淖尔,0.00060285708
汉中,巴彦淖尔,0.00060285708
衡水,巴彦淖尔,0.0005711277599999
陇南,巴彦淖尔,0.0005711277599999
廊坊,巴彦淖尔,0.0005076691199999
中卫,巴彦淖尔,0.0004759398
成都,巴彦淖尔,0.00044421048
天水,巴彦淖尔,0.00044421048
菏泽,巴彦淖尔,0.00038075184
咸阳,巴彦淖尔,0.00038075184
南阳,巴彦淖尔,0.00038075184
秦皇岛,巴彦淖尔,0.00038075184
周口,巴彦淖尔,0.00034902252
济南,巴彦淖尔,0.00034902252
重庆,巴彦淖尔,0.00034902252
聊城,巴彦淖尔,0.00034902252
兴安盟,巴彦淖尔,0.0002538345599999
延安,巴彦淖尔,0.0002538345599999
兰州,巴彦淖尔,0.0002538345599999
上海,巴彦淖尔,0.0002538345599999
常德,巴彦淖尔,0.0002538345599999
郑州,巴彦淖尔,0.0002538345599999
潍坊,巴彦淖尔,0.0002538345599999
临夏回族自治州,巴彦淖尔,0.00022210524
商丘,巴彦淖尔,0.00022210524
四平,巴彦淖尔,0.00022210524
朝阳,巴彦淖尔,0.00022210524
临沂,巴彦淖尔,0.00022210524
安阳,巴彦淖尔,0.00022210524
阜阳,巴彦淖尔,0.00022210524
晋中,巴彦淖尔,0.00022210524
朔州,巴彦淖尔,0.00022210524
亳州,巴彦淖尔,0.00019037592
新乡,巴彦淖尔,0.00019037592
广元,巴彦淖尔,0.00019037592
洛阳,巴彦淖尔,0.00019037592
盘锦,巴彦淖尔,0.00019037592
东营,巴彦淖尔,0.00019037592
广州,巴彦淖尔,0.0001586465999999
深圳,巴彦淖尔,0.0001586465999999
长治,巴彦淖尔,0.0001586465999999
大连,巴彦淖尔,0.0001586465999999
扬州,巴彦淖尔,0.0001586465999999
绥化,巴彦淖尔,0.0001586465999999
呼伦贝尔,巴彦淖尔,0.0001586465999999
承德,巴彦淖尔,0.0001586465999999
长春,巴彦淖尔,0.0001269172799999
庆阳,巴彦淖尔,0.0001269172799999
宝鸡,巴彦淖尔,0.0001269172799999
邢台,巴彦淖尔,0.0001269172799999
绵阳,巴彦淖尔,0.0001269172799999
青岛,巴彦淖尔,0.0001269172799999
商洛,巴彦淖尔,0.0001269172799999
漯河,巴彦淖尔,0.0001269172799999
西宁,巴彦淖尔,0.0001269172799999
福州,巴彦淖尔,9.518796e-05
巴中,巴彦淖尔,9.518796e-05
南京,巴彦淖尔,9.518796e-05
濮阳,巴彦淖尔,9.518796e-05
德州,巴彦淖尔,9.518796e-05
威海,巴彦淖尔,9.518796e-05
许昌,巴彦淖尔,9.518796e-05
鞍山,巴彦淖尔,9.518796e-05
安康,巴彦淖尔,9.518796e-05
葫芦岛,巴彦淖尔,9.518796e-05
随州,巴彦淖尔,9.518796e-05
哈尔滨,巴彦淖尔,9.518796e-05
张掖,巴彦淖尔,9.518796e-05
锦州,巴彦淖尔,9.518796e-05
呼和浩特,乌兰察布,0.24496447032
大同,乌兰察布,0.06471518004
包头,乌兰察布,0.06035106852
锡林郭勒盟,乌兰察布,0.04157390448
张家口,乌兰察布,0.03370701924
赤峰,乌兰察布,0.01831778388
鄂尔多斯,乌兰察布,0.015791193
朔州,乌兰察布,0.0142407849599999
巴彦淖尔,乌兰察布,0.01068058872
北京,乌兰察布,0.00465122412
通辽,乌兰察布,0.00442153404
忻州,乌兰察布,0.0035601962399999
保定,乌兰察布,0.00304339356
乌海,乌兰察布,0.00304339356
天津,乌兰察布,0.00252659088
唐山,乌兰察布,0.00223947828
吉林,乌兰察布,0.00223947828
南阳,乌兰察布,0.00166525308
太原,乌兰察布,0.00160783056
临汾,乌兰察布,0.00160783056
承德,乌兰察布,0.001435563
邯郸,乌兰察布,0.00137814048
德州,乌兰察布,0.00132071796
兴安盟,乌兰察布,0.00126329544
沧州,乌兰察布,0.00126329544
廊坊,乌兰察布,0.00109102788
石家庄,乌兰察布,0.00109102788
晋中,乌兰察布,0.00097618284
运城,乌兰察布,0.0009187603199999
郑州,乌兰察布,0.0009187603199999
吕梁,乌兰察布,0.0008613377999999
榆林,乌兰察布,0.00074649276
阿拉善盟,乌兰察布,0.00074649276
淄博,乌兰察布,0.00068907024
达州,乌兰察布,0.00063164772
西安,乌兰察布,0.00063164772
邢台,乌兰察布,0.0005742252
焦作,乌兰察布,0.0005168026799999
沈阳,乌兰察布,0.0005168026799999
合肥,乌兰察布,0.0005168026799999
临沂,乌兰察布,0.0005168026799999
呼伦贝尔,乌兰察布,0.0004593801599999
安阳,乌兰察布,0.00040195764
阜阳,乌兰察布,0.00040195764
长春,乌兰察布,0.00040195764
锦州,乌兰察布,0.00034453512
衡水,乌兰察布,0.00034453512
洛阳,乌兰察布,0.0002871126
潍坊,乌兰察布,0.0002871126
重庆,乌兰察布,0.0002871126
青岛,乌兰察布,0.0002871126
菏泽,乌兰察布,0.0002871126
长治,乌兰察布,0.0002871126
济南,乌兰察布,0.0002871126
渭南,乌兰察布,0.0002871126
辽阳,乌兰察布,0.0002871126
阳泉,乌兰察布,0.0002871126
许昌,乌兰察布,0.0002871126
济宁,乌兰察布,0.0002871126
濮阳,乌兰察布,0.0002296900799999
周口,乌兰察布,0.0002296900799999
新乡,乌兰察布,0.0002296900799999
银川,乌兰察布,0.0002296900799999
杭州,乌兰察布,0.00017226756
宜昌,乌兰察布,0.00017226756
秦皇岛,乌兰察布,0.00017226756
聊城,乌兰察布,0.00017226756
葫芦岛,乌兰察布,0.00017226756
衢州,乌兰察布,0.00017226756
上海,乌兰察布,0.00017226756
常州,乌兰察布,0.00017226756
齐齐哈尔,乌兰察布,0.00017226756
兰州,乌兰察布,0.00017226756
开封,乌兰察布,0.00017226756
松原,乌兰察布,0.00017226756
白银,乌兰察布,0.00017226756
汉中,乌兰察布,0.00017226756
嘉兴,乌兰察布,0.00017226756
铁岭,乌兰察布,0.0001148450399999
信阳,乌兰察布,0.0001148450399999
苏州,乌兰察布,0.0001148450399999
东营,乌兰察布,0.0001148450399999
广州,乌兰察布,0.0001148450399999
哈尔滨,乌兰察布,0.0001148450399999
四平,乌兰察布,0.0001148450399999
朝阳,乌兰察布,0.0001148450399999
漯河,乌兰察布,0.0001148450399999
广元,乌兰察布,0.0001148450399999
本溪,乌兰察布,0.0001148450399999
石嘴山,乌兰察布,0.0001148450399999
大连,乌兰察布,0.0001148450399999
盘锦,乌兰察布,0.0001148450399999
丹东,乌兰察布,0.0001148450399999
巴中,乌兰察布,0.0001148450399999
扬州,乌兰察布,0.0001148450399999
三亚,乌兰察布,0.0001148450399999
成都,乌兰察布,0.0001148450399999
安康,乌兰察布,0.0001148450399999
商丘,乌兰察布,0.0001148450399999
七台河,乌兰察布,0.0001148450399999
白城,兴安盟,0.04687783632
通辽,兴安盟,0.0359223984
齐齐哈尔,兴安盟,0.0291132273599999
呼伦贝尔,兴安盟,0.01667442672
赤峰,兴安盟,0.00897166368
呼和浩特,兴安盟,0.0048253968
长春,兴安盟,0.00371734272
锡林郭勒盟,兴安盟,0.00310970016
松原,兴安盟,0.00193015872
大庆,兴安盟,0.00180505584
沈阳,兴安盟,0.0016799529599999
大连,兴安盟,0.0012867724799999
四平,兴安盟,0.00109018224
乌兰察布,兴安盟,0.00109018224
吉林,兴安盟,0.00105443856
北京,兴安盟,0.00103656672
哈尔滨,兴安盟,0.000893592
阜新,兴安盟,0.0008042328
包头,兴安盟,0.00069700176
德州,兴安盟,0.00067912992
铁岭,兴安盟,0.00067912992
朝阳,兴安盟,0.00067912992
黑河,兴安盟,0.00060764256
绥化,兴安盟,0.00060764256
葫芦岛,兴安盟,0.00060764256
抚顺,兴安盟,0.00060764256
营口,兴安盟,0.00051828336
天津,兴安盟,0.000446796
锦州,兴安盟,0.000446796
鞍山,兴安盟,0.0003753086399999
三亚,兴安盟,0.0003216931199999
盘锦,兴安盟,0.00028594944
本溪,兴安盟,0.00028594944
牡丹江,兴安盟,0.00028594944
深圳,兴安盟,0.00028594944
承德,兴安盟,0.00028594944
唐山,兴安盟,0.00025020576
济宁,兴安盟,0.00025020576
鄂尔多斯,兴安盟,0.0002144620799999
潍坊,兴安盟,0.0002144620799999
西安,兴安盟,0.0001787184
辽阳,兴安盟,0.0001787184
白山,兴安盟,0.0001787184
保定,兴安盟,0.0001787184
青岛,兴安盟,0.0001787184
亳州,兴安盟,0.0001787184
琼海,兴安盟,0.0001608465599999
石家庄,兴安盟,0.0001608465599999
上海,兴安盟,0.0001608465599999
烟台,兴安盟,0.0001608465599999
丹东,兴安盟,0.0001608465599999
张家口,兴安盟,0.00012510288
沧州,兴安盟,0.00012510288
辽源,兴安盟,0.00012510288
广州,兴安盟,0.00012510288
昆明,兴安盟,0.00012510288
重庆,兴安盟,0.00012510288
延边朝鲜族自治州,兴安盟,0.00012510288
珠海,兴安盟,8.93592e-05
秦皇岛,兴安盟,8.93592e-05
佳木斯,兴安盟,8.93592e-05
乌海,兴安盟,8.93592e-05
巴彦淖尔,兴安盟,8.93592e-05
七台河,兴安盟,8.93592e-05
滨州,兴安盟,8.93592e-05
廊坊,兴安盟,8.93592e-05
临沂,兴安盟,5.361552e-05
淄博,兴安盟,5.361552e-05
扬州,兴安盟,5.361552e-05
武威,兴安盟,5.361552e-05
濮阳,兴安盟,5.361552e-05
太原,兴安盟,5.361552e-05
南通,兴安盟,5.361552e-05
邢台,兴安盟,5.361552e-05
吕梁,兴安盟,5.361552e-05
宿州,兴安盟,5.361552e-05
金华,兴安盟,5.361552e-05
鹤岗,兴安盟,5.361552e-05
淮北,兴安盟,5.361552e-05
大兴安岭地区,兴安盟,5.361552e-05
伊春,兴安盟,5.361552e-05
北海,兴安盟,5.361552e-05
杭州,兴安盟,5.361552e-05
商丘,兴安盟,5.361552e-05
长沙,兴安盟,5.361552e-05
衡水,兴安盟,5.361552e-05
威海,兴安盟,5.361552e-05
咸阳,兴安盟,5.361552e-05
平凉,兴安盟,5.361552e-05
郑州,兴安盟,5.361552e-05
上饶,兴安盟,1.787184e-05
德阳,兴安盟,1.787184e-05
东莞,兴安盟,1.787184e-05
朔州,兴安盟,1.787184e-05
绵阳,兴安盟,1.787184e-05
新乡,兴安盟,1.787184e-05
九江,兴安盟,1.787184e-05
惠州,兴安盟,1.787184e-05
六安,兴安盟,1.787184e-05
安庆,兴安盟,1.787184e-05
赤峰,锡林郭勒盟,0.06317957232
乌兰察布,锡林郭勒盟,0.0541713096
张家口,锡林郭勒盟,0.033476652
呼和浩特,锡林郭勒盟,0.03259408572
通辽,锡林郭勒盟,0.02361625632
阜新,锡林郭勒盟,0.01768175892
承德,锡林郭勒盟,0.01116902844
兴安盟,锡林郭勒盟,0.01013429556
包头,锡林郭勒盟,0.00769962996
北京,锡林郭勒盟,0.00343896516
铁岭,锡林郭勒盟,0.0031954986
大同,锡林郭勒盟,0.00313463196
鄂尔多斯,锡林郭勒盟,0.003043332
巴彦淖尔,锡林郭勒盟,0.0025868322
呼伦贝尔,锡林郭勒盟,0.00240423228
保定,锡林郭勒盟,0.00185643252
唐山,锡林郭勒盟,0.0013694994
朝阳,锡林郭勒盟,0.0012173328
廊坊,锡林郭勒盟,0.0009129996
沧州,锡林郭勒盟,0.00088256628
天津,锡林郭勒盟,0.00088256628
锦州,锡林郭勒盟,0.00085213296
沈阳,锡林郭勒盟,0.00082169964
齐齐哈尔,锡林郭勒盟,0.000760833
石家庄,锡林郭勒盟,0.00073039968
邢台,锡林郭勒盟,0.00069996636
德州,锡林郭勒盟,0.00066953304
白城,锡林郭勒盟,0.0006086664
牡丹江,锡林郭勒盟,0.00057823308
邯郸,锡林郭勒盟,0.00057823308
葫芦岛,锡林郭勒盟,0.00054779976
重庆,锡林郭勒盟,0.00051736644
西安,锡林郭勒盟,0.00051736644
松原,锡林郭勒盟,0.00042606648
四平,锡林郭勒盟,0.00039563316
抚顺,锡林郭勒盟,0.00039563316
朔州,锡林郭勒盟,0.00036519984
济宁,锡林郭勒盟,0.00033476652
临汾,锡林郭勒盟,0.00033476652
丹东,锡林郭勒盟,0.00033476652
绥化,锡林郭勒盟,0.0003043332
大庆,锡林郭勒盟,0.0003043332
济南,锡林郭勒盟,0.0003043332
郑州,锡林郭勒盟,0.0003043332
长春,锡林郭勒盟,0.0003043332
吕梁,锡林郭勒盟,0.00027389988
大连,锡林郭勒盟,0.00027389988
潍坊,锡林郭勒盟,0.00027389988
阿拉善盟,锡林郭勒盟,0.00027389988
新乡,锡林郭勒盟,0.00027389988
忻州,锡林郭勒盟,0.00024346656
乌海,锡林郭勒盟,0.00024346656
徐州,锡林郭勒盟,0.00024346656
深圳,锡林郭勒盟,0.00024346656
哈尔滨,锡林郭勒盟,0.00024346656
周口,锡林郭勒盟,0.00024346656
菏泽,锡林郭勒盟,0.00021303324
吉林,锡林郭勒盟,0.00021303324
衡水,锡林郭勒盟,0.00021303324
太原,锡林郭勒盟,0.00021303324
上海,锡林郭勒盟,0.00018259992
商丘,锡林郭勒盟,0.00018259992
盘锦,锡林郭勒盟,0.00018259992
洛阳,锡林郭勒盟,0.00018259992
临沂,锡林郭勒盟,0.00018259992
成都,锡林郭勒盟,0.00018259992
烟台,锡林郭勒盟,0.00018259992
秦皇岛,锡林郭勒盟,0.00018259992
晋中,锡林郭勒盟,0.0001521666
营口,锡林郭勒盟,0.0001521666
青岛,锡林郭勒盟,0.0001521666
三亚,锡林郭勒盟,0.0001521666
延安,锡林郭勒盟,0.0001521666
苏州,锡林郭勒盟,0.00012173328
鞍山,锡林郭勒盟,0.00012173328
榆林,锡林郭勒盟,0.00012173328
广州,锡林郭勒盟,0.00012173328
蚌埠,锡林郭勒盟,0.00012173328
黑河,锡林郭勒盟,0.00012173328
娄底,锡林郭勒盟,0.00012173328
本溪,锡林郭勒盟,0.00012173328
汉中,锡林郭勒盟,0.00012173328
银川,锡林郭勒盟,0.00012173328
辽阳,锡林郭勒盟,0.00012173328
聊城,锡林郭勒盟,0.00012173328
三门峡,锡林郭勒盟,0.00012173328
温州,锡林郭勒盟,0.00012173328
平顶山,锡林郭勒盟,0.00012173328
南阳,锡林郭勒盟,9.129996e-05
恩施土家族苗族自治州,锡林郭勒盟,9.129996e-05
兰州,锡林郭勒盟,9.129996e-05
亳州,锡林郭勒盟,9.129996e-05
长治,锡林郭勒盟,9.129996e-05
阳泉,锡林郭勒盟,9.129996e-05
杭州,锡林郭勒盟,9.129996e-05
珠海,锡林郭勒盟,9.129996e-05
通化,锡林郭勒盟,9.129996e-05
威海,锡林郭勒盟,9.129996e-05
渭南,锡林郭勒盟,9.129996e-05
枣庄,锡林郭勒盟,9.129996e-05
乌海,阿拉善盟,0.03730877172
巴彦淖尔,阿拉善盟,0.01936652652
白银,阿拉善盟,0.0172023588
银川,阿拉善盟,0.01677692412
中卫,阿拉善盟,0.01670293548
武威,阿拉善盟,0.01625900364
石嘴山,阿拉善盟,0.0071214066
呼和浩特,阿拉善盟,0.00586359972
酒泉,阿拉善盟,0.0045318042
吴忠,阿拉善盟,0.00429134112
鄂尔多斯,阿拉善盟,0.00307052856
金昌,阿拉善盟,0.00303353424
包头,阿拉善盟,0.0026820882
张掖,阿拉善盟,0.00209017908
兰州,阿拉善盟,0.00183121884
平凉,阿拉善盟,0.00164624724
庆阳,阿拉善盟,0.00131329836
乌兰察布,阿拉善盟,0.0012948012
固原,阿拉善盟,0.00116532108
哈密,阿拉善盟,0.0008323722
榆林,阿拉善盟,0.00079537788
南阳,阿拉善盟,0.00066589776
吕梁,阿拉善盟,0.0006474006
嘉峪关,阿拉善盟,0.0006474006
定西,阿拉善盟,0.00057341196
北京,阿拉善盟,0.00057341196
西安,阿拉善盟,0.00053641764
新乡,阿拉善盟,0.00053641764
天津,阿拉善盟,0.00051792048
衡水,阿拉善盟,0.00048092616
赤峰,阿拉善盟,0.00044393184
泰安,阿拉善盟,0.00044393184
天水,阿拉善盟,0.00044393184
潍坊,阿拉善盟,0.00040693752
保定,阿拉善盟,0.00038844036
邯郸,阿拉善盟,0.00035144604
沧州,阿拉善盟,0.00031445172
上海,阿拉善盟,0.00031445172
太原,阿拉善盟,0.0002774574
秦皇岛,阿拉善盟,0.0002774574
重庆,阿拉善盟,0.0002774574
德州,阿拉善盟,0.00025896024
郑州,阿拉善盟,0.00022196592
南京,阿拉善盟,0.00022196592
锡林郭勒盟,阿拉善盟,0.00022196592
忻州,阿拉善盟,0.00022196592
亳州,阿拉善盟,0.00022196592
菏泽,阿拉善盟,0.00022196592
陇南,阿拉善盟,0.00022196592
运城,阿拉善盟,0.00022196592
盐城,阿拉善盟,0.0001849716
宝鸡,阿拉善盟,0.0001849716
大同,阿拉善盟,0.0001849716
通辽,阿拉善盟,0.0001849716
长治,阿拉善盟,0.0001849716
商丘,阿拉善盟,0.0001849716
邢台,阿拉善盟,0.0001849716
乌鲁木齐,阿拉善盟,0.0001849716
平顶山,阿拉善盟,0.00014797728
济南,阿拉善盟,0.00014797728
临汾,阿拉善盟,0.00014797728
廊坊,阿拉善盟,0.00014797728
南充,阿拉善盟,0.00014797728
晋中,阿拉善盟,0.00012948012
临沂,阿拉善盟,0.00012948012
西宁,阿拉善盟,0.00012948012
石家庄,阿拉善盟,0.00012948012
许昌,阿拉善盟,0.00012948012
万宁,阿拉善盟,0.00012948012
丹东,阿拉善盟,0.00012948012
临夏回族自治州,阿拉善盟,0.00012948012
渭南,阿拉善盟,0.00012948012
常州,阿拉善盟,9.24858e-05
咸阳,阿拉善盟,9.24858e-05
张家口,阿拉善盟,9.24858e-05
宿州,阿拉善盟,9.24858e-05
承德,阿拉善盟,9.24858e-05
甘南藏族自治州,阿拉善盟,9.24858e-05
怀化,阿拉善盟,9.24858e-05
随州,阿拉善盟,9.24858e-05
温州,阿拉善盟,9.24858e-05
荆州,阿拉善盟,9.24858e-05
博尔塔拉蒙古自治州,阿拉善盟,9.24858e-05
淮安,阿拉善盟,9.24858e-05
朔州,阿拉善盟,5.549148e-05
凉山彝族自治州,阿拉善盟,5.549148e-05
雅安,阿拉善盟,5.549148e-05
哈尔滨,阿拉善盟,5.549148e-05
巴中,阿拉善盟,5.549148e-05
黄冈,阿拉善盟,5.549148e-05
淮北,阿拉善盟,5.549148e-05
南昌,阿拉善盟,5.549148e-05
朝阳,阿拉善盟,5.549148e-05
商洛,阿拉善盟,5.549148e-05
深圳,阿拉善盟,5.549148e-05
东营,阿拉善盟,5.549148e-05
驻马店,阿拉善盟,5.549148e-05
莆田,阿拉善盟,5.549148e-05
济宁,阿拉善盟,5.549148e-05
广元,阿拉善盟,5.549148e-05
铁岭,沈阳,0.5840768412
抚顺,沈阳,0.33790217256
朝阳,沈阳,0.31046232096
锦州,沈阳,0.2900784312
鞍山,沈阳,0.25244663472
辽阳,沈阳,0.2273587704
葫芦岛,沈阳,0.2261827767599999
阜新,沈阳,0.2195188128
本溪,沈阳,0.186198993
营口,沈阳,0.1720870693199999
丹东,沈阳,0.1685590883999999
大连,沈阳,0.1509191838
盘锦,沈阳,0.08271155268
通辽,沈阳,0.0725196078
赤峰,沈阳,0.04625574984
长春,沈阳,0.0431197668
四平,沈阳,0.03606380496
北京,沈阳,0.02312787492
吉林,沈阳,0.0227358770399999
哈尔滨,沈阳,0.02195188128
通化,沈阳,0.0164639109599999
齐齐哈尔,沈阳,0.0137199258
辽源,沈阳,0.0137199258
松原,沈阳,0.0137199258
菏泽,沈阳,0.01254393216
天津,沈阳,0.01058394276
周口,沈阳,0.009799947
白城,沈阳,0.00940794912
三亚,沈阳,0.00940794912
大庆,沈阳,0.00901595124
绥化,沈阳,0.0078399576
沧州,沈阳,0.0078399576
兴安盟,沈阳,0.0078399576
邯郸,沈阳,0.0078399576
上海,沈阳,0.00744795972
白山,沈阳,0.00744795972
秦皇岛,沈阳,0.00744795972
济宁,沈阳,0.00705596184
牡丹江,沈阳,0.00666396396
延边朝鲜族自治州,沈阳,0.00666396396
唐山,沈阳,0.00627196608
安庆,沈阳,0.00627196608
德州,沈阳,0.00548797032
青岛,沈阳,0.00548797032
阜阳,沈阳,0.00509597244
呼伦贝尔,沈阳,0.00470397456
保定,沈阳,0.0039199788
廊坊,沈阳,0.0039199788
重庆,沈阳,0.0039199788
临沂,沈阳,0.0039199788
驻马店,沈阳,0.0039199788
佳木斯,沈阳,0.0039199788
深圳,沈阳,0.00352798092
徐州,沈阳,0.00352798092
成都,沈阳,0.00352798092
烟台,沈阳,0.00313598304
潍坊,沈阳,0.00313598304
承德,沈阳,0.00313598304
亳州,沈阳,0.00313598304
聊城,沈阳,0.00313598304
广州,沈阳,0.00313598304
邢台,沈阳,0.00274398516
西安,沈阳,0.00274398516
衡水,沈阳,0.00274398516
郑州,沈阳,0.00274398516
济南,沈阳,0.00274398516
吕梁,沈阳,0.00274398516
伊春,沈阳,0.00235198728
漯河,沈阳,0.00235198728
泰安,沈阳,0.00235198728
滨州,沈阳,0.00235198728
鸡西,沈阳,0.00235198728
安阳,沈阳,0.00235198728
杭州,沈阳,0.00235198728
濮阳,沈阳,0.0019599894
七台河,沈阳,0.0019599894
威海,沈阳,0.0019599894
南通,沈阳,0.0019599894
南京,沈阳,0.0019599894
南充,沈阳,0.0019599894
石家庄,沈阳,0.0019599894
黑河,沈阳,0.0019599894
温州,沈阳,0.0019599894
无锡,沈阳,0.00156799152
陵水黎族自治县,沈阳,0.00156799152
新乡,沈阳,0.00156799152
盐城,沈阳,0.00156799152
莆田,沈阳,0.00156799152
厦门,沈阳,0.00156799152
双鸭山,沈阳,0.00156799152
海口,沈阳,0.00156799152
商丘,沈阳,0.00156799152
南阳,沈阳,0.00156799152
泉州,沈阳,0.00117599364
大同,沈阳,0.00117599364
包头,沈阳,0.00117599364
南昌,沈阳,0.00117599364
太原,沈阳,0.00117599364
苏州,沈阳,0.00117599364
张家口,沈阳,0.00117599364
营口,大连,0.13004710056
鞍山,大连,0.10752621048
丹东,大连,0.09030435336
沈阳,大连,0.0895315777199999
朝阳,大连,0.0724201171199999
锦州,大连,0.046918521
葫芦岛,大连,0.03996354024
铁岭,大连,0.0381971959199999
抚顺,大连,0.02936547432
辽阳,大连,0.0288134917199999
阜新,大连,0.0287030952
本溪,大连,0.0253911995999999
盘锦,大连,0.02450802744
长春,大连,0.02064414924
赤峰,大连,0.01678027104
哈尔滨,大连,0.01170203112
通辽,大连,0.01148123808
北京,大连,0.011039652
齐齐哈尔,大连,0.01092925548
周口,大连,0.00982529028
吉林,大连,0.00971489376
烟台,大连,0.0093837041999999
四平,大连,0.0088317216
松原,大连,0.008279739
大庆,大连,0.00783815292
白城,大连,0.00673418772
牡丹江,大连,0.0066237912
青岛,大连,0.00618220512
绥化,大连,0.0060718086
天津,大连,0.00574061904
驻马店,大连,0.005519826
兴安盟,大连,0.0047470503599999
辽源,大连,0.0045262573199999
上海,大连,0.0045262573199999
呼伦贝尔,大连,0.0045262573199999
威海,大连,0.0044158608
菏泽,大连,0.00430546428
延边朝鲜族自治州,大连,0.00408467124
临沂,大连,0.00397427472
邯郸,大连,0.00364308516
唐山,大连,0.0032014990799999
三亚,大连,0.0032014990799999
商丘,大连,0.00309110256
秦皇岛,大连,0.00298070604
白山,大连,0.00298070604
通化,大连,0.00287030952
重庆,大连,0.002759913
深圳,大连,0.00264951648
阜阳,大连,0.00253911996
潍坊,大连,0.00242872344
南充,大连,0.0023183269199999
沧州,大连,0.0022079304
日照,大连,0.00209753388
南通,大连,0.00209753388
信阳,大连,0.00198713736
黑河,大连,0.00198713736
成都,大连,0.00198713736
聊城,大连,0.00198713736
连云港,大连,0.00187674084
佳木斯,大连,0.00187674084
西安,大连,0.00187674084
杭州,大连,0.00187674084
保定,大连,0.00176634432
南阳,大连,0.00176634432
广州,大连,0.00176634432
济南,大连,0.00176634432
德州,大连,0.00176634432
鸡西,大连,0.00154555128
苏州,大连,0.00132475824
济宁,大连,0.00132475824
淄博,大连,0.00132475824
新乡,大连,0.00132475824
安庆,大连,0.00132475824
承德,大连,0.00121436172
郑州,大连,0.00121436172
廊坊,大连,0.00121436172
武汉,大连,0.0011039652
莆田,大连,0.0011039652
双鸭山,大连,0.0011039652
南京,大连,0.0011039652
七台河,大连,0.00099356868
无锡,大连,0.00099356868
盐城,大连,0.00099356868
宿州,大连,0.00099356868
伊春,大连,0.00088317216
徐州,大连,0.00088317216
包头,大连,0.00088317216
呼和浩特,大连,0.00077277564
太原,大连,0.00077277564
东营,大连,0.00077277564
达州,大连,0.00077277564
大同,大连,0.00077277564
张家口,大连,0.00077277564
合肥,大连,0.00077277564
福州,大连,0.00077277564
泰安,大连,0.00077277564
长沙,大连,0.00066237912
宁波,大连,0.00066237912
滨州,大连,0.00066237912
安阳,大连,0.00066237912
辽阳,鞍山,0.15349511988
沈阳,鞍山,0.09340523424
营口,鞍山,0.08943184404
盘锦,鞍山,0.04713052068
大连,鞍山,0.03814454592
锦州,鞍山,0.02653002072
丹东,鞍山,0.02237324328
朝阳,鞍山,0.01491549552
葫芦岛,鞍山,0.01418194656
铁岭,鞍山,0.01234807416
本溪,鞍山,0.01106436348
抚顺,鞍山,0.01045307268
阜新,鞍山,0.00868032936
北京,鞍山,0.00537935904
通辽,鞍山,0.00379000296
赤峰,鞍山,0.00323984124
长春,鞍山,0.003056454
天津,鞍山,0.0021395178
吉林,鞍山,0.00201725964
兴安盟,鞍山,0.00201725964
哈尔滨,鞍山,0.00189500148
四平,鞍山,0.001528227
唐山,鞍山,0.001528227
松原,鞍山,0.00140596884
通化,鞍山,0.00128371068
保定,鞍山,0.0012225816
白城,鞍山,0.00116145252
辽源,鞍山,0.00116145252
邯郸,鞍山,0.00110032344
齐齐哈尔,鞍山,0.0009169362
上海,鞍山,0.0009169362
沧州,鞍山,0.00085580712
绥化,鞍山,0.00085580712
秦皇岛,鞍山,0.00079467804
青岛,鞍山,0.00067241988
廊坊,鞍山,0.00067241988
阜阳,鞍山,0.00067241988
重庆,鞍山,0.00067241988
延边朝鲜族自治州,鞍山,0.00067241988
徐州,鞍山,0.00067241988
新乡,鞍山,0.0006112908
亳州,鞍山,0.0006112908
周口,鞍山,0.00055016172
牡丹江,鞍山,0.00055016172
临沂,鞍山,0.00055016172
深圳,鞍山,0.00055016172
三亚,鞍山,0.00055016172
大庆,鞍山,0.00055016172
菏泽,鞍山,0.00055016172
杭州,鞍山,0.00055016172
聊城,鞍山,0.00048903264
广州,鞍山,0.00048903264
烟台,鞍山,0.00042790356
白山,鞍山,0.00042790356
鸡西,鞍山,0.00042790356
石家庄,鞍山,0.00042790356
安阳,鞍山,0.00042790356
潍坊,鞍山,0.00042790356
呼伦贝尔,鞍山,0.00036677448
苏州,鞍山,0.00036677448
成都,鞍山,0.00036677448
承德,鞍山,0.0003056454
郑州,鞍山,0.0003056454
济宁,鞍山,0.0003056454
平顶山,鞍山,0.0003056454
德州,鞍山,0.00024451632
佳木斯,鞍山,0.00024451632
滨州,鞍山,0.00024451632
西安,鞍山,0.00024451632
衡水,鞍山,0.00024451632
济南,鞍山,0.00024451632
邢台,鞍山,0.00024451632
台州,鞍山,0.00024451632
福州,鞍山,0.00024451632
衡阳,鞍山,0.00024451632
泰州,鞍山,0.00024451632
商丘,鞍山,0.00018338724
太原,鞍山,0.00018338724
驻马店,鞍山,0.00018338724
温州,鞍山,0.00018338724
濮阳,鞍山,0.00018338724
厦门,鞍山,0.00018338724
伊春,鞍山,0.00018338724
南通,鞍山,0.00018338724
宁波,鞍山,0.00018338724
信阳,鞍山,0.00018338724
开封,鞍山,0.00018338724
黑河,鞍山,0.00018338724
岳阳,鞍山,0.00012225816
连云港,鞍山,0.00012225816
武汉,鞍山,0.00012225816
盐城,鞍山,0.00012225816
襄阳,鞍山,0.00012225816
双鸭山,鞍山,0.00012225816
嘉兴,鞍山,0.00012225816
桂林,鞍山,0.00012225816
淄博,鞍山,0.00012225816
运城,鞍山,0.00012225816
宜宾,鞍山,0.00012225816
安庆,鞍山,0.00012225816
沈阳,抚顺,0.14584935168
铁岭,抚顺,0.0309645504
本溪,抚顺,0.01987418592
大连,抚顺,0.00951054048
丹东,抚顺,0.00846785664
营口,抚顺,0.00840466368
鞍山,抚顺,0.0082150848
辽阳,抚顺,0.00755155872
朝阳,抚顺,0.0072039974399999
锦州,抚顺,0.00685643616
葫芦岛,抚顺,0.0061613136
辽源,抚顺,0.00606652416
通化,抚顺,0.0056873664
阜新,抚顺,0.004739472
盘锦,抚顺,0.00407594592
北京,抚顺,0.00243292896
吉林,抚顺,0.00195898176
赤峰,抚顺,0.001579824
通辽,抚顺,0.0013270521599999
四平,抚顺,0.0013270521599999
长春,抚顺,0.00129545568
天津,抚顺,0.00123226272
济宁,抚顺,0.0009162979199999
白山,抚顺,0.00085310496
邯郸,抚顺,0.00075831552
秦皇岛,抚顺,0.00072671904
大庆,抚顺,0.00072671904
哈尔滨,抚顺,0.00069512256
廊坊,抚顺,0.00069512256
深圳,抚顺,0.0006635260799999
上海,抚顺,0.0006319296
烟台,抚顺,0.00060033312
德州,抚顺,0.00056873664
淄博,抚顺,0.00050554368
牡丹江,抚顺,0.00050554368
周口,抚顺,0.0004739471999999
延边朝鲜族自治州,抚顺,0.0004739471999999
青岛,抚顺,0.0004739471999999
齐齐哈尔,抚顺,0.00044235072
三亚,抚顺,0.00044235072
松原,抚顺,0.00037915776
沧州,抚顺,0.00037915776
重庆,抚顺,0.00037915776
唐山,抚顺,0.00034756128
临沂,抚顺,0.0003159648
绥化,抚顺,0.0003159648
兴安盟,抚顺,0.00028436832
保定,抚顺,0.00028436832
呼伦贝尔,抚顺,0.00028436832
菏泽,抚顺,0.00028436832
威海,抚顺,0.00025277184
广州,抚顺,0.00022117536
成都,抚顺,0.00022117536
杭州,抚顺,0.00022117536
安庆,抚顺,0.00022117536
福州,抚顺,0.00022117536
济南,抚顺,0.00022117536
白城,抚顺,0.00022117536
泰安,抚顺,0.00022117536
新乡,抚顺,0.00022117536
潍坊,抚顺,0.00022117536
枣庄,抚顺,0.00018957888
商丘,抚顺,0.00018957888
兰州,抚顺,0.0001579824
佳木斯,抚顺,0.0001579824
聊城,抚顺,0.0001579824
鹤岗,抚顺,0.0001579824
南京,抚顺,0.0001579824
昆明,抚顺,0.0001579824
石家庄,抚顺,0.0001579824
驻马店,抚顺,0.0001579824
珠海,抚顺,0.0001579824
庆阳,抚顺,0.00012638592
南宁,抚顺,0.00012638592
安阳,抚顺,0.00012638592
衡水,抚顺,0.00012638592
滨州,抚顺,0.00012638592
佛山,抚顺,0.00012638592
徐州,抚顺,0.00012638592
西安,抚顺,0.00012638592
洛阳,抚顺,0.00012638592
儋州,抚顺,0.00012638592
柳州,抚顺,9.478944e-05
桂林,抚顺,9.478944e-05
双鸭山,抚顺,9.478944e-05
南昌,抚顺,9.478944e-05
南充,抚顺,9.478944e-05
中山,抚顺,9.478944e-05
温州,抚顺,9.478944e-05
厦门,抚顺,9.478944e-05
惠州,抚顺,9.478944e-05
鹰潭,抚顺,9.478944e-05
台州,抚顺,9.478944e-05
亳州,抚顺,9.478944e-05
鸡西,抚顺,9.478944e-05
西宁,抚顺,9.478944e-05
宁波,抚顺,6.319296e-05
抚州,抚顺,6.319296e-05
信阳,抚顺,6.319296e-05
忻州,抚顺,6.319296e-05
沈阳,本溪,0.0753168067199999
丹东,本溪,0.0314177454
抚顺,本溪,0.0218530256399999
辽阳,本溪,0.01728512136
鞍山,本溪,0.01078711668
铁岭,本溪,0.00872834292
大连,本溪,0.00754883712
营口,本溪,0.0054257266799999
锦州,本溪,0.00409610196
朝阳,本溪,0.00362429964
葫芦岛,本溪,0.0035814085199999
阜新,本溪,0.00274503168
盘锦,本溪,0.00218744712
北京,本溪,0.00167275368
长春,本溪,0.00102938688
通化,本溪,0.0008578224
天津,本溪,0.00083637684
四平,本溪,0.00072914904
秦皇岛,本溪,0.0006433668
通辽,本溪,0.00051469344
赤峰,本溪,0.00047180232
唐山,本溪,0.00047180232
吉林,本溪,0.00047180232
沧州,本溪,0.00040746564
兴安盟,本溪,0.00034312896
保定,本溪,0.00034312896
菏泽,本溪,0.00034312896
呼伦贝尔,本溪,0.0003216834
哈尔滨,本溪,0.0003216834
辽源,本溪,0.0003216834
松原,本溪,0.00027879228
衡水,本溪,0.00027879228
邯郸,本溪,0.00027879228
邢台,本溪,0.00025734672
三亚,本溪,0.00025734672
温州,本溪,0.0002144556
南通,本溪,0.0002144556
信阳,本溪,0.0002144556
南京,本溪,0.00019301004
延边朝鲜族自治州,本溪,0.00019301004
洛阳,本溪,0.00019301004
宿州,本溪,0.00019301004
廊坊,本溪,0.00019301004
青岛,本溪,0.00019301004
杭州,本溪,0.00019301004
上海,本溪,0.00019301004
重庆,本溪,0.00019301004
扬州,本溪,0.00019301004
新乡,本溪,0.00015011892
枣庄,本溪,0.00015011892
广州,本溪,0.00015011892
无锡,本溪,0.00012867336
聊城,本溪,0.00012867336
安康,本溪,0.00012867336
承德,本溪,0.00012867336
齐齐哈尔,本溪,0.00012867336
深圳,本溪,0.00012867336
福州,本溪,0.00012867336
牡丹江,本溪,0.00012867336
七台河,本溪,0.00012867336
漳州,本溪,8.578224e-05
潍坊,本溪,8.578224e-05
白城,本溪,8.578224e-05
大庆,本溪,8.578224e-05
鸡西,本溪,8.578224e-05
烟台,本溪,8.578224e-05
临沂,本溪,8.578224e-05
石家庄,本溪,8.578224e-05
济宁,本溪,8.578224e-05
安庆,本溪,8.578224e-05
佳木斯,本溪,6.433668e-05
白山,本溪,6.433668e-05
威海,本溪,6.433668e-05
德州,本溪,6.433668e-05
滨州,本溪,6.433668e-05
乌兰察布,本溪,6.433668e-05
济南,本溪,6.433668e-05
咸宁,本溪,6.433668e-05
泉州,本溪,6.433668e-05
长沙,本溪,6.433668e-05
徐州,本溪,6.433668e-05
芜湖,本溪,6.433668e-05
乌海,本溪,6.433668e-05
包头,本溪,6.433668e-05
珠海,本溪,6.433668e-05
莆田,本溪,6.433668e-05
厦门,本溪,6.433668e-05
郑州,本溪,2.144556e-05
苏州,本溪,2.144556e-05
榆林,本溪,2.144556e-05
黄冈,本溪,2.144556e-05
商洛,本溪,2.144556e-05
西安,本溪,2.144556e-05
泰安,本溪,2.144556e-05
成都,本溪,2.144556e-05
武汉,本溪,2.144556e-05
咸阳,本溪,2.144556e-05
韶关,本溪,2.144556e-05
佛山,本溪,2.144556e-05
汕头,本溪,2.144556e-05
沈阳,丹东,0.045570762
大连,丹东,0.04136936004
鞍山,丹东,0.02998778436
本溪,丹东,0.02807603532
营口,丹东,0.00726909228
抚顺,丹东,0.00660220308
辽阳,丹东,0.00553518036
铁岭,丹东,0.0053351136
朝阳,丹东,0.0050016689999999
锦州,丹东,0.00417917232
葫芦岛,丹东,0.00320106816
盘锦,丹东,0.00313437924
阜新,丹东,0.00271201608
长春,丹东,0.0018895194
北京,丹东,0.0018672897599999
吉林,丹东,0.00173391192
通化,丹东,0.00137823768
天津,丹东,0.00137823768
白山,丹东,0.0012226302
赤峰,丹东,0.00113371164
通辽,丹东,0.00113371164
延边朝鲜族自治州,丹东,0.00108925236
哈尔滨,丹东,0.0009336448799999
周口,丹东,0.00073357812
廊坊,丹东,0.00057797064
青岛,丹东,0.00057797064
辽源,丹东,0.00053351136
四平,丹东,0.00053351136
沧州,丹东,0.00053351136
鸡西,丹东,0.00051128172
上海,丹东,0.00051128172
德州,丹东,0.00051128172
烟台,丹东,0.0004668224399999
松原,丹东,0.0004445928
牡丹江,丹东,0.0004445928
唐山,丹东,0.0004445928
兴安盟,丹东,0.00040013352
齐齐哈尔,丹东,0.00040013352
威海,丹东,0.00040013352
驻马店,丹东,0.00040013352
重庆,丹东,0.00037790388
秦皇岛,丹东,0.00035567424
郑州,丹东,0.00031121496
白城,丹东,0.00031121496
南通,丹东,0.00031121496
深圳,丹东,0.00031121496
濮阳,丹东,0.00028898532
苏州,丹东,0.00024452604
成都,丹东,0.00024452604
承德,丹东,0.00024452604
邯郸,丹东,0.0002222964
潍坊,丹东,0.0002222964
绥化,丹东,0.0002222964
济南,丹东,0.0002222964
双鸭山,丹东,0.00017783712
日照,丹东,0.00017783712
黑河,丹东,0.00017783712
徐州,丹东,0.00017783712
伊春,丹东,0.00015560748
西安,丹东,0.00015560748
保定,丹东,0.00015560748
佳木斯,丹东,0.00015560748
泰州,丹东,0.00015560748
海口,丹东,0.00015560748
泰安,丹东,0.00015560748
宁波,丹东,0.0001111482
盐城,丹东,0.0001111482
大庆,丹东,0.0001111482
呼伦贝尔,丹东,0.0001111482
太原,丹东,0.0001111482
杭州,丹东,0.0001111482
石家庄,丹东,0.0001111482
广州,丹东,0.0001111482
福州,丹东,0.0001111482
阜阳,丹东,0.0001111482
昆明,丹东,8.891856e-05
东莞,丹东,8.891856e-05
台州,丹东,8.891856e-05
贵阳,丹东,8.891856e-05
揭阳,丹东,8.891856e-05
三亚,丹东,8.891856e-05
东营,丹东,8.891856e-05
阳泉,丹东,8.891856e-05
荆州,丹东,4.445928e-05
佛山,丹东,4.445928e-05
安庆,丹东,4.445928e-05
长沙,丹东,4.445928e-05
惠州,丹东,4.445928e-05
菏泽,丹东,4.445928e-05
衡水,丹东,4.445928e-05
亳州,丹东,4.445928e-05
锡林郭勒盟,丹东,4.445928e-05
扬州,丹东,4.445928e-05
安顺,丹东,4.445928e-05
呼和浩特,丹东,4.445928e-05
七台河,丹东,4.445928e-05
金华,丹东,4.445928e-05
珠海,丹东,4.445928e-05
商丘,丹东,4.445928e-05
鹤岗,丹东,4.445928e-05
葫芦岛,锦州,0.12480754752
盘锦,锦州,0.08775700704
沈阳,锦州,0.07954168896
朝阳,锦州,0.05353558272
阜新,锦州,0.0517401820799999
鞍山,锦州,0.01893331584
大连,锦州,0.01262221056
营口,锦州,0.01077240384
铁岭,锦州,0.0087049728
赤峰,锦州,0.00701838432
抚顺,锦州,0.00636551136
辽阳,锦州,0.0059846688
丹东,锦州,0.00582145056
北京,锦州,0.00473332896
本溪,锦州,0.0043524864
通辽,锦州,0.00429808032
唐山,锦州,0.00402604992
秦皇岛,锦州,0.0032643648
天津,锦州,0.00310114656
长春,锦州,0.0025570857599999
哈尔滨,锦州,0.00195861888
吉林,锦州,0.00141455808
四平,锦州,0.001360152
廊坊,锦州,0.0013057459199999
保定,锦州,0.00125133984
齐齐哈尔,锦州,0.00119693376
通化,锦州,0.0010881216
承德,锦州,0.00103371552
白城,锦州,0.00103371552
沧州,锦州,0.00097930944
潍坊,锦州,0.00087049728
衡水,锦州,0.00076168512
大庆,锦州,0.00076168512
呼伦贝尔,锦州,0.00070727904
临沂,锦州,0.0006528729599999
松原,锦州,0.0006528729599999
牡丹江,锦州,0.0006528729599999
青岛,锦州,0.0006528729599999
绥化,锦州,0.00059846688
辽源,锦州,0.0005440608
白山,锦州,0.0005440608
德州,锦州,0.0005440608
兴安盟,锦州,0.0005440608
济南,锦州,0.00048965472
石家庄,锦州,0.00048965472
驻马店,锦州,0.00043524864
菏泽,锦州,0.00043524864
太原,锦州,0.00043524864
徐州,锦州,0.00043524864
烟台,锦州,0.00043524864
邢台,锦州,0.00038084256
郑州,锦州,0.00038084256
周口,锦州,0.00038084256
杭州,锦州,0.00038084256
张家口,锦州,0.00038084256
连云港,锦州,0.00038084256
黑河,锦州,0.0003264364799999
济宁,锦州,0.0003264364799999
苏州,锦州,0.0003264364799999
邯郸,锦州,0.0003264364799999
泰安,锦州,0.0002720304
鸡西,锦州,0.0002720304
滨州,锦州,0.0002720304
上海,锦州,0.0002720304
阜阳,锦州,0.0002720304
西安,锦州,0.0002720304
合肥,锦州,0.0002720304
商丘,锦州,0.0002720304
锡林郭勒盟,锦州,0.00021762432
威海,锦州,0.00021762432
东营,锦州,0.00021762432
伊春,锦州,0.00021762432
南昌,锦州,0.00021762432
延边朝鲜族自治州,锦州,0.00021762432
福州,锦州,0.00021762432
焦作,锦州,0.00021762432
南阳,锦州,0.00021762432
三亚,锦州,0.00021762432
广州,锦州,0.00021762432
新乡,锦州,0.00021762432
重庆,锦州,0.00021762432
盐城,锦州,0.00021762432
许昌,锦州,0.0001632182399999
深圳,锦州,0.0001632182399999
无锡,锦州,0.0001632182399999
绍兴,锦州,0.0001632182399999
聊城,锦州,0.0001632182399999
成都,锦州,0.0001632182399999
临汾,锦州,0.0001632182399999
乌兰察布,锦州,0.0001632182399999
枣庄,锦州,0.0001632182399999
南通,锦州,0.00010881216
呼和浩特,锦州,0.00010881216
七台河,锦州,0.00010881216
包头,锦州,0.00010881216
温州,锦州,0.00010881216
泰州,锦州,0.00010881216
大同,锦州,0.00010881216
运城,锦州,0.00010881216
洛阳,锦州,0.00010881216
鞍山,营口,0.1028260850399999
大连,营口,0.0884085451199999
沈阳,营口,0.0630469979999999
盘锦,营口,0.0437284461599999
朝阳,营口,0.01660634136
锦州,营口,0.01541677536
辽阳,营口,0.0146078704799999
铁岭,营口,0.01394171352
葫芦岛,营口,0.01137225096
抚顺,营口,0.0109440072
丹东,营口,0.0101826849599999
阜新,营口,0.0076132224
本溪,营口,0.00728014392
赤峰,营口,0.00461551608
长春,营口,0.00385419384
北京,营口,0.0034259500799999
通辽,营口,0.00323561952
齐齐哈尔,营口,0.00280737576
天津,营口,0.00252187992
哈尔滨,营口,0.00252187992
吉林,营口,0.00209363616
秦皇岛,营口,0.0017129750399999
唐山,营口,0.00161780976
四平,营口,0.00152264448
辽源,营口,0.001189566
大庆,营口,0.001189566
松原,营口,0.001189566
通化,营口,0.001189566
绥化,营口,0.00109440072
南充,营口,0.00109440072
邯郸,营口,0.00104681808
沧州,营口,0.0009516528
上海,营口,0.00090407016
廊坊,营口,0.00090407016
白城,营口,0.00090407016
菏泽,营口,0.00080890488
兴安盟,营口,0.00080890488
呼伦贝尔,营口,0.00076132224
白山,营口,0.00061857432
周口,营口,0.00061857432
阜阳,营口,0.00057099168
日照,营口,0.00057099168
保定,营口,0.00057099168
牡丹江,营口,0.00057099168
济南,营口,0.00052340904
青岛,营口,0.0004758264
延边朝鲜族自治州,营口,0.0004758264
鸡西,营口,0.0004758264
徐州,营口,0.0004282437599999
广州,营口,0.0004282437599999
潍坊,营口,0.00038066112
郑州,营口,0.00038066112
三亚,营口,0.00038066112
济宁,营口,0.00038066112
威海,营口,0.00038066112
扬州,营口,0.00038066112
泰安,营口,0.00038066112
黑河,营口,0.00038066112
临沂,营口,0.00033307848
德州,营口,0.00033307848
佳木斯,营口,0.00033307848
张家口,营口,0.00033307848
洛阳,营口,0.00028549584
信阳,营口,0.00028549584
烟台,营口,0.00028549584
深圳,营口,0.00028549584
濮阳,营口,0.00028549584
成都,营口,0.00028549584
伊春,营口,0.00028549584
亳州,营口,0.00028549584
七台河,营口,0.00028549584
南京,营口,0.00028549584
滁州,营口,0.00028549584
西双版纳傣族自治州,营口,0.0002379132
南通,营口,0.0002379132
西安,营口,0.0002379132
杭州,营口,0.0002379132
许昌,营口,0.0002379132
承德,营口,0.0002379132
商丘,营口,0.00019033056
淄博,营口,0.00019033056
南阳,营口,0.00019033056
重庆,营口,0.00019033056
鄂尔多斯,营口,0.00019033056
衡水,营口,0.00019033056
舟山,营口,0.00019033056
泰州,营口,0.00019033056
台州,营口,0.00019033056
石家庄,营口,0.00019033056
乌兰察布,营口,0.00019033056
苏州,营口,0.00019033056
连云港,营口,0.00019033056
大兴安岭地区,营口,0.00019033056
盐城,营口,0.00014274792
吕梁,营口,0.00014274792
驻马店,营口,0.00014274792
滨州,营口,0.00014274792
张家界,营口,0.00014274792
温州,营口,9.516528e-05
三门峡,营口,9.516528e-05
沈阳,阜新,0.05797081872
锦州,阜新,0.05332911696
通辽,阜新,0.03814267968
朝阳,阜新,0.02204808336
大连,阜新,0.00650847312
葫芦岛,阜新,0.00620575344
铁岭,阜新,0.00610484688
鞍山,阜新,0.00524714112
盘锦,阜新,0.0050705546399999
抚顺,阜新,0.00330468984
锡林郭勒盟,阜新,0.00330468984
北京,阜新,0.0031533299999999
营口,阜新,0.0031533299999999
赤峰,阜新,0.00269925048
丹东,阜新,0.002522664
本溪,阜新,0.0022199443199999
辽阳,阜新,0.001891998
长春,阜新,0.001891998
天津,阜新,0.00186677136
齐齐哈尔,阜新,0.00166495824
大庆,阜新,0.00116042544
四平,阜新,0.00098383896
唐山,阜新,0.00095861232
秦皇岛,阜新,0.00083247912
吉林,阜新,0.0007567992
松原,阜新,0.00070634592
沧州,阜新,0.00065589264
兴安盟,阜新,0.00065589264
哈尔滨,阜新,0.00060543936
临沂,阜新,0.00060543936
郑州,阜新,0.00058021272
保定,阜新,0.00047930616
绥化,阜新,0.00042885288
白城,阜新,0.00042885288
聊城,阜新,0.00040362624
呼伦贝尔,阜新,0.00035317296
上海,阜新,0.00035317296
德州,阜新,0.00035317296
邢台,阜新,0.00030271968
泰安,阜新,0.00030271968
周口,阜新,0.0002774930399999
商丘,阜新,0.0002522664
廊坊,阜新,0.0002522664
牡丹江,阜新,0.0002522664
杭州,阜新,0.00020181312
承德,阜新,0.00020181312
呼和浩特,阜新,0.00020181312
邯郸,阜新,0.00020181312
烟台,阜新,0.00020181312
石家庄,阜新,0.00020181312
深圳,阜新,0.00020181312
青岛,阜新,0.00020181312
菏泽,阜新,0.00017658648
延边朝鲜族自治州,阜新,0.00017658648
乌兰察布,阜新,0.00017658648
威海,阜新,0.00017658648
洛阳,阜新,0.00017658648
大同,阜新,0.00015135984
鄂尔多斯,阜新,0.00015135984
南阳,阜新,0.00015135984
晋中,阜新,0.00015135984
济南,阜新,0.00015135984
苏州,阜新,0.00015135984
厦门,阜新,0.00015135984
衡水,阜新,0.00015135984
大兴安岭地区,阜新,0.00015135984
黑河,阜新,0.00015135984
珠海,阜新,0.0001261332
潍坊,阜新,0.0001261332
阜阳,阜新,0.0001261332
辽源,阜新,0.0001261332
鸡西,阜新,0.0001261332
亳州,阜新,0.0001261332
安阳,阜新,0.0001261332
通化,阜新,0.0001261332
漯河,阜新,0.0001261332
贵阳,阜新,7.567992e-05
南京,阜新,7.567992e-05
北海,阜新,7.567992e-05
连云港,阜新,7.567992e-05
湘潭,阜新,7.567992e-05
三门峡,阜新,7.567992e-05
广州,阜新,7.567992e-05
泰州,阜新,7.567992e-05
七台河,阜新,7.567992e-05
成都,阜新,7.567992e-05
宿迁,阜新,7.567992e-05
定西,阜新,7.567992e-05
滨州,阜新,7.567992e-05
驻马店,阜新,7.567992e-05
桂林,阜新,7.567992e-05
太原,阜新,7.567992e-05
六安,阜新,7.567992e-05
绵阳,阜新,7.567992e-05
临汾,阜新,7.567992e-05
许昌,阜新,7.567992e-05
鹤岗,阜新,7.567992e-05
泉州,阜新,7.567992e-05
济宁,阜新,7.567992e-05
朔州,阜新,5.045328e-05
鞍山,辽阳,0.1296274589999999
沈阳,辽阳,0.114418251
本溪,辽阳,0.026111727
营口,辽阳,0.013773645
大连,辽阳,0.011562102
铁岭,辽阳,0.010514529
朝阳,辽阳,0.009001368
丹东,辽阳,0.008690976
锦州,辽阳,0.008302986
抚顺,辽阳,0.008225388
葫芦岛,辽阳,0.007100217
盘锦,辽阳,0.0063242369999999
阜新,辽阳,0.004849875
通辽,辽阳,0.001823553
长春,辽阳,0.00155196
北京,辽阳,0.001319166
赤峰,辽阳,0.00116397
兴安盟,辽阳,0.001008774
唐山,辽阳,0.000892377
天津,辽阳,0.000814779
吉林,辽阳,0.000814779
哈尔滨,辽阳,0.00077598
四平,辽阳,0.000698382
亳州,辽阳,0.000581985
大庆,辽阳,0.000581985
齐齐哈尔,辽阳,0.000504387
郑州,辽阳,0.0004655879999999
辽源,辽阳,0.000426789
上海,辽阳,0.00038799
秦皇岛,辽阳,0.00038799
通化,辽阳,0.000349191
邯郸,辽阳,0.000349191
呼伦贝尔,辽阳,0.000349191
南阳,辽阳,0.000310392
绥化,辽阳,0.000310392
深圳,辽阳,0.000310392
延边朝鲜族自治州,辽阳,0.000271593
松原,辽阳,0.000271593
阜阳,辽阳,0.000271593
三亚,辽阳,0.0002327939999999
德州,辽阳,0.0002327939999999
白城,辽阳,0.0002327939999999
白山,辽阳,0.0002327939999999
成都,辽阳,0.0002327939999999
平顶山,辽阳,0.0002327939999999
临沂,辽阳,0.0002327939999999
包头,辽阳,0.000193995
北海,辽阳,0.000193995
佳木斯,辽阳,0.000193995
济宁,辽阳,0.000193995
廊坊,辽阳,0.000193995
滨州,辽阳,0.000193995
西双版纳傣族自治州,辽阳,0.000193995
周口,辽阳,0.000193995
新乡,辽阳,0.000193995
呼和浩特,辽阳,0.000193995
青岛,辽阳,0.000193995
盐城,辽阳,0.000193995
苏州,辽阳,0.000193995
南通,辽阳,0.000193995
威海,辽阳,0.000193995
广州,辽阳,0.000155196
锡林郭勒盟,辽阳,0.000155196
鸡西,辽阳,0.000155196
济南,辽阳,0.000155196
泰安,辽阳,0.000155196
菏泽,辽阳,0.000155196
枣庄,辽阳,0.000155196
沧州,辽阳,0.000155196
牡丹江,辽阳,0.0001163969999999
安阳,辽阳,0.0001163969999999
扬州,辽阳,0.0001163969999999
徐州,辽阳,0.0001163969999999
宁波,辽阳,0.0001163969999999
承德,辽阳,0.0001163969999999
杭州,辽阳,0.0001163969999999
保定,辽阳,0.0001163969999999
南京,辽阳,0.0001163969999999
陵水黎族自治县,辽阳,0.0001163969999999
珠海,辽阳,0.0001163969999999
重庆,辽阳,0.0001163969999999
石家庄,辽阳,0.0001163969999999
商丘,辽阳,0.0001163969999999
海口,辽阳,7.7598e-05
十堰,辽阳,7.7598e-05
信阳,辽阳,7.7598e-05
黑河,辽阳,7.7598e-05
太原,辽阳,7.7598e-05
濮阳,辽阳,7.7598e-05
广元,辽阳,7.7598e-05
衡水,辽阳,7.7598e-05
桂林,辽阳,3.8799e-05
昆明,辽阳,3.8799e-05
西安,辽阳,3.8799e-05
东营,辽阳,3.8799e-05
厦门,辽阳,3.8799e-05
日照,辽阳,3.8799e-05
铜仁,辽阳,3.8799e-05
洛阳,辽阳,3.8799e-05
安庆,辽阳,3.8799e-05
锦州,盘锦,0.0999657936
鞍山,盘锦,0.0707802786
营口,盘锦,0.0656782182
沈阳,盘锦,0.0399084894
朝阳,盘锦,0.0259859178
葫芦岛,盘锦,0.020754144
大连,盘锦,0.0169059798
铁岭,盘锦,0.0102041207999999
阜新,盘锦,0.0094258404
辽阳,盘锦,0.009296127
抚顺,盘锦,0.0071342369999999
丹东,盘锦,0.0051452982
赤峰,盘锦,0.0048426336
本溪,盘锦,0.003459024
北京,盘锦,0.0020754144
通辽,盘锦,0.0020321766
吉林,盘锦,0.0020321766
长春,盘锦,0.0017727497999999
天津,盘锦,0.0016430364
哈尔滨,盘锦,0.0014700852
四平,盘锦,0.0011241827999999
松原,盘锦,0.0011241827999999
邯郸,盘锦,0.0009944694
秦皇岛,盘锦,0.0009944694
大庆,盘锦,0.000864756
唐山,盘锦,0.000864756
徐州,盘锦,0.000864756
菏泽,盘锦,0.0007782804
廊坊,盘锦,0.0006918048
承德,盘锦,0.0006053292
沧州,盘锦,0.0006053292
绥化,盘锦,0.0005620913999999
齐齐哈尔,盘锦,0.0005188536
三亚,盘锦,0.0005188536
辽源,盘锦,0.0004756158
亳州,盘锦,0.0004756158
济南,盘锦,0.0004756158
通化,盘锦,0.000432378
青岛,盘锦,0.000432378
淄博,盘锦,0.000432378
上海,盘锦,0.000432378
德州,盘锦,0.0003891402
呼伦贝尔,盘锦,0.0003891402
泰安,盘锦,0.0003459024
保定,盘锦,0.0003459024
周口,盘锦,0.0003459024
牡丹江,盘锦,0.0003459024
深圳,盘锦,0.0003459024
西安,盘锦,0.0003026646
广州,盘锦,0.0003026646
延边朝鲜族自治州,盘锦,0.0003026646
鸡西,盘锦,0.0002594268
石家庄,盘锦,0.0002594268
呼和浩特,盘锦,0.0002594268
滨州,盘锦,0.000216189
兴安盟,盘锦,0.000216189
潍坊,盘锦,0.000216189
白城,盘锦,0.000216189
鄂尔多斯,盘锦,0.000216189
重庆,盘锦,0.000216189
无锡,盘锦,0.000216189
临沂,盘锦,0.000216189
苏州,盘锦,0.000216189
兰州,盘锦,0.000216189
济宁,盘锦,0.000216189
洛阳,盘锦,0.000216189
新乡,盘锦,0.000216189
佳木斯,盘锦,0.0001729512
伊春,盘锦,0.0001729512
日照,盘锦,0.0001729512
信阳,盘锦,0.0001729512
安阳,盘锦,0.0001729512
黑河,盘锦,0.0001729512
南通,盘锦,0.0001729512
杭州,盘锦,0.0001729512
巴彦淖尔,盘锦,0.0001297134
聊城,盘锦,0.0001297134
南京,盘锦,0.0001297134
成都,盘锦,0.0001297134
合肥,盘锦,0.0001297134
张家口,盘锦,0.0001297134
安庆,盘锦,0.0001297134
荆门,盘锦,0.0001297134
珠海,盘锦,0.0001297134
威海,盘锦,0.0001297134
烟台,盘锦,0.0001297134
白山,盘锦,0.0001297134
榆林,盘锦,8.64756e-05
南充,盘锦,8.64756e-05
锡林郭勒盟,盘锦,8.64756e-05
连云港,盘锦,8.64756e-05
商洛,盘锦,8.64756e-05
泰州,盘锦,8.64756e-05
银川,盘锦,8.64756e-05
许昌,盘锦,8.64756e-05
北海,盘锦,8.64756e-05
枣庄,盘锦,8.64756e-05
吕梁,盘锦,8.64756e-05
七台河,盘锦,8.64756e-05
南宁,盘锦,8.64756e-05
沈阳,铁岭,0.2040803424
四平,铁岭,0.04682839392
抚顺,铁岭,0.02675908224
通辽,铁岭,0.0127867766399999
辽源,铁岭,0.0121940121599999
大连,铁岭,0.0108814622399999
鞍山,铁岭,0.0087221059199999
长春,铁岭,0.00821402208
阜新,铁岭,0.0071978544
朝阳,铁岭,0.0071131737599999
营口,铁岭,0.0070284931199999
锦州,铁岭,0.00685913184
辽阳,铁岭,0.00596998512
葫芦岛,铁岭,0.0055042415999999
本溪,铁岭,0.0051655190399999
盘锦,铁岭,0.00461509488
丹东,铁岭,0.00448807392
哈尔滨,铁岭,0.0027521207999999
北京,铁岭,0.0025827595199999
吉林,铁岭,0.00224403696
赤峰,铁岭,0.0019053144
天津,铁岭,0.0013548902399999
松原,铁岭,0.0013125499199999
秦皇岛,铁岭,0.0013125499199999
大庆,铁岭,0.00110084832
通化,铁岭,0.00110084832
锡林郭勒盟,铁岭,0.0010585079999999
齐齐哈尔,铁岭,0.0008891467199999
临沂,铁岭,0.0008891467199999
唐山,铁岭,0.00080446608
兴安盟,铁岭,0.00059276448
白城,铁岭,0.00059276448
绥化,铁岭,0.00059276448
沧州,铁岭,0.00059276448
廊坊,铁岭,0.00055042416
佳木斯,铁岭,0.0004234032
延边朝鲜族自治州,铁岭,0.0004234032
呼伦贝尔,铁岭,0.0004234032
南通,铁岭,0.0003810628799999
石家庄,铁岭,0.0003810628799999
牡丹江,铁岭,0.0003810628799999
阜阳,铁岭,0.0003810628799999
承德,铁岭,0.0003387225599999
上海,铁岭,0.0003387225599999
邯郸,铁岭,0.0003387225599999
新乡,铁岭,0.00029638224
苏州,铁岭,0.00029638224
济宁,铁岭,0.00029638224
保定,铁岭,0.00025404192
青岛,铁岭,0.00025404192
鹤岗,铁岭,0.00025404192
济南,铁岭,0.00025404192
杭州,铁岭,0.00025404192
南阳,铁岭,0.00025404192
邢台,铁岭,0.00025404192
广州,铁岭,0.00025404192
菏泽,铁岭,0.00025404192
白山,铁岭,0.00025404192
宿州,铁岭,0.00025404192
周口,铁岭,0.0002117016
三亚,铁岭,0.0002117016
潍坊,铁岭,0.0002117016
重庆,铁岭,0.0002117016
烟台,铁岭,0.0001693612799999
深圳,铁岭,0.00012702096
赣州,铁岭,0.00012702096
驻马店,铁岭,0.00012702096
大兴安岭地区,铁岭,0.00012702096
枣庄,铁岭,0.00012702096
南京,铁岭,0.00012702096
双鸭山,铁岭,0.00012702096
十堰,铁岭,0.00012702096
洛阳,铁岭,0.00012702096
鸡西,铁岭,0.00012702096
德州,铁岭,0.00012702096
六安,铁岭,8.468063999999999e-05
黑河,铁岭,8.468063999999999e-05
儋州,铁岭,8.468063999999999e-05
包头,铁岭,8.468063999999999e-05
泰安,铁岭,8.468063999999999e-05
东营,铁岭,8.468063999999999e-05
商丘,铁岭,8.468063999999999e-05
威海,铁岭,8.468063999999999e-05
安康,铁岭,8.468063999999999e-05
襄阳,铁岭,8.468063999999999e-05
桂林,铁岭,8.468063999999999e-05
宁波,铁岭,8.468063999999999e-05
南充,铁岭,8.468063999999999e-05
临汾,铁岭,8.468063999999999e-05
淄博,铁岭,8.468063999999999e-05
西安,铁岭,8.468063999999999e-05
无锡,铁岭,8.468063999999999e-05
滨州,铁岭,8.468063999999999e-05
惠州,铁岭,8.468063999999999e-05
昆明,铁岭,8.468063999999999e-05
濮阳,铁岭,8.468063999999999e-05
东莞,铁岭,8.468063999999999e-05
平顶山,铁岭,8.468063999999999e-05
伊春,铁岭,8.468063999999999e-05
攀枝花,铁岭,4.234031999999999e-05
赤峰,朝阳,0.08331486012
葫芦岛,朝阳,0.05094719208
沈阳,朝阳,0.04494934944
锦州,朝阳,0.0315403794
承德,朝阳,0.01702835784
阜新,朝阳,0.0165457728
大连,朝阳,0.01247827032
盘锦,朝阳,0.01078922268
唐山,朝阳,0.00565313904
鞍山,朝阳,0.00554972796
营口,朝阳,0.0053429058
通辽,朝阳,0.00510161328
北京,朝阳,0.00458455788
铁岭,朝阳,0.004308795
秦皇岛,朝阳,0.00389515068
辽阳,朝阳,0.00386068032
天津,朝阳,0.0027576288
抚顺,朝阳,0.0027576288
丹东,朝阳,0.00265421772
本溪,朝阳,0.00227504376
邯郸,朝阳,0.00182692908
廊坊,朝阳,0.00158563656
长春,朝阳,0.00130987368
哈尔滨,朝阳,0.00117199224
保定,朝阳,0.00096517008
沧州,朝阳,0.00096517008
郑州,朝阳,0.00062046648
兴安盟,朝阳,0.00058599612
四平,朝阳,0.00058599612
青岛,朝阳,0.00058599612
邢台,朝阳,0.00055152576
吉林,朝阳,0.0005170554
石家庄,朝阳,0.0005170554
上海,朝阳,0.00048258504
松原,朝阳,0.00044811468
张家口,朝阳,0.00041364432
临沂,朝阳,0.00037917396
延边朝鲜族自治州,朝阳,0.00037917396
重庆,朝阳,0.00037917396
齐齐哈尔,朝阳,0.00031023324
济南,朝阳,0.00031023324
十堰,朝阳,0.00027576288
锡林郭勒盟,朝阳,0.00027576288
呼和浩特,朝阳,0.00027576288
白城,朝阳,0.00027576288
安庆,朝阳,0.00024129252
德州,朝阳,0.00024129252
呼伦贝尔,朝阳,0.00024129252
辽源,朝阳,0.00024129252
潍坊,朝阳,0.00024129252
烟台,朝阳,0.00020682216
安阳,朝阳,0.00020682216
黄冈,朝阳,0.00020682216
商丘,朝阳,0.00020682216
南阳,朝阳,0.00020682216
大庆,朝阳,0.00020682216
泰安,朝阳,0.0001723518
滨州,朝阳,0.0001723518
济宁,朝阳,0.0001723518
徐州,朝阳,0.0001723518
菏泽,朝阳,0.0001723518
驻马店,朝阳,0.0001723518
晋中,朝阳,0.00013788144
濮阳,朝阳,0.00013788144
合肥,朝阳,0.00013788144
宁波,朝阳,0.00013788144
大同,朝阳,0.00013788144
鄂尔多斯,朝阳,0.00013788144
淄博,朝阳,0.00010341108
伊春,朝阳,0.00010341108
盐城,朝阳,0.00010341108
长沙,朝阳,0.00010341108
东营,朝阳,0.00010341108
绥化,朝阳,0.00010341108
深圳,朝阳,0.00010341108
洛阳,朝阳,0.00010341108
衡水,朝阳,0.00010341108
乌兰察布,朝阳,0.00010341108
南京,朝阳,0.00010341108
阜阳,朝阳,0.00010341108
苏州,朝阳,0.00010341108
南昌,朝阳,0.00010341108
聊城,朝阳,6.894072000000001e-05
常州,朝阳,6.894072000000001e-05
武汉,朝阳,6.894072000000001e-05
张掖,朝阳,6.894072000000001e-05
襄阳,朝阳,6.894072000000001e-05
扬州,朝阳,6.894072000000001e-05
广州,朝阳,6.894072000000001e-05
娄底,朝阳,6.894072000000001e-05
杭州,朝阳,6.894072000000001e-05
银川,朝阳,6.894072000000001e-05
乐山,朝阳,6.894072000000001e-05
威海,朝阳,6.894072000000001e-05
安康,朝阳,6.894072000000001e-05
周口,朝阳,6.894072000000001e-05
白山,朝阳,6.894072000000001e-05
枣庄,朝阳,6.894072000000001e-05
无锡,朝阳,6.894072000000001e-05
荆州,朝阳,6.894072000000001e-05
锦州,葫芦岛,0.10121732136
朝阳,葫芦岛,0.05808186
沈阳,葫芦岛,0.0433677888
秦皇岛,葫芦岛,0.0418189392
盘锦,葫芦岛,0.01002880116
鞍山,葫芦岛,0.00964158876
大连,葫芦岛,0.00859611528
营口,葫芦岛,0.00824762412
阜新,葫芦岛,0.0078604117199999
天津,葫芦岛,0.00673749576
北京,葫芦岛,0.00669877452
唐山,葫芦岛,0.00611795592
抚顺,葫芦岛,0.00526608864
铁岭,葫芦岛,0.0052273674
辽阳,葫芦岛,0.00468527004
长春,葫芦岛,0.003872124
哈尔滨,葫芦岛,0.0030976992
丹东,葫芦岛,0.00305897796
赤峰,葫芦岛,0.00263304432
通辽,葫芦岛,0.0021296682
本溪,葫芦岛,0.00185861952
牡丹江,葫芦岛,0.0017424558
吉林,葫芦岛,0.00151012836
四平,葫芦岛,0.00151012836
保定,葫芦岛,0.00143268588
承德,葫芦岛,0.00139396464
齐齐哈尔,葫芦岛,0.0013552434
廊坊,葫芦岛,0.00123907968
沧州,葫芦岛,0.00120035844
泰安,葫芦岛,0.00112291596
大庆,葫芦岛,0.000968031
绥化,葫芦岛,0.00089058852
青岛,葫芦岛,0.00089058852
松原,葫芦岛,0.00081314604
济宁,葫芦岛,0.00081314604
临沂,葫芦岛,0.0007744248
徐州,葫芦岛,0.00069698232
上海,葫芦岛,0.00069698232
张家口,葫芦岛,0.00061953984
潍坊,葫芦岛,0.00061953984
邯郸,葫芦岛,0.00061953984
延边朝鲜族自治州,葫芦岛,0.00061953984
德州,葫芦岛,0.0005808186
石家庄,葫芦岛,0.0005808186
衡水,葫芦岛,0.0005808186
白城,葫芦岛,0.00054209736
菏泽,葫芦岛,0.00054209736
三亚,葫芦岛,0.00054209736
新乡,葫芦岛,0.00054209736
济南,葫芦岛,0.00050337612
驻马店,葫芦岛,0.00050337612
辽源,葫芦岛,0.00046465488
通化,葫芦岛,0.00046465488
濮阳,葫芦岛,0.00046465488
黑河,葫芦岛,0.00042593364
周口,葫芦岛,0.00042593364
安庆,葫芦岛,0.0003872124
滨州,葫芦岛,0.0003872124
武汉,葫芦岛,0.0003872124
太原,葫芦岛,0.0003872124
南京,葫芦岛,0.0003872124
兴安盟,葫芦岛,0.00034849116
广州,葫芦岛,0.00034849116
邢台,葫芦岛,0.00034849116
连云港,葫芦岛,0.00030976992
重庆,葫芦岛,0.00030976992
宿州,葫芦岛,0.00027104868
盐城,葫芦岛,0.00027104868
郑州,葫芦岛,0.00027104868
亳州,葫芦岛,0.00027104868
西安,葫芦岛,0.00027104868
杭州,葫芦岛,0.00023232744
安阳,葫芦岛,0.00023232744
无锡,葫芦岛,0.00023232744
聊城,葫芦岛,0.00023232744
朔州,葫芦岛,0.00023232744
淮南,葫芦岛,0.00023232744
南阳,葫芦岛,0.00023232744
佳木斯,葫芦岛,0.00023232744
洛阳,葫芦岛,0.00023232744
信阳,葫芦岛,0.0001936062
深圳,葫芦岛,0.0001936062
东营,葫芦岛,0.0001936062
合肥,葫芦岛,0.0001936062
成都,葫芦岛,0.0001936062
鸡西,葫芦岛,0.0001936062
呼和浩特,葫芦岛,0.0001936062
呼伦贝尔,葫芦岛,0.0001936062
阜阳,葫芦岛,0.0001936062
七台河,葫芦岛,0.0001936062
苏州,葫芦岛,0.0001936062
银川,葫芦岛,0.0001936062
烟台,葫芦岛,0.00015488496
南通,葫芦岛,0.00015488496
大同,葫芦岛,0.00015488496
商丘,葫芦岛,0.00015488496
泰州,葫芦岛,0.00015488496
临汾,葫芦岛,0.00015488496
锡林郭勒盟,葫芦岛,0.00015488496
福州,葫芦岛,0.00015488496
四平,长春,0.4108700214
松原,长春,0.3706253496
吉林,长春,0.36369952236
白城,长春,0.1289701342799999
辽源,长春,0.07786876032
延边朝鲜族自治州,长春,0.06944545692
白山,长春,0.0636427368
通化,长春,0.06102215352
哈尔滨,长春,0.03818564208
沈阳,长春,0.02639301732
通辽,长春,0.018718452
铁岭,长春,0.01441320804
大连,长春,0.01197980928
北京,长春,0.0112310712
兴安盟,长春,0.01048233312
大庆,长春,0.00973359504
齐齐哈尔,长春,0.0074873808
鞍山,长春,0.00580272012
天津,长春,0.00542835108
赤峰,长春,0.00505398204
营口,长春,0.00486679752
绥化,长春,0.00449242848
三亚,长春,0.00449242848
丹东,长春,0.00430524396
锦州,长春,0.00393087492
上海,长春,0.00393087492
朝阳,长春,0.00355650588
牡丹江,长春,0.00336932136
青岛,长春,0.00299495232
阜新,长春,0.00299495232
葫芦岛,长春,0.00299495232
秦皇岛,长春,0.0028077678
深圳,长春,0.0028077678
呼伦贝尔,长春,0.0028077678
辽阳,长春,0.0028077678
抚顺,长春,0.00262058328
唐山,长春,0.00262058328
沧州,长春,0.00243339876
佳木斯,长春,0.00243339876
廊坊,长春,0.00205902972
伊春,长春,0.00205902972
陵水黎族自治县,长春,0.00205902972
杭州,长春,0.0018718452
盘锦,长春,0.0018718452
潍坊,长春,0.00168466068
本溪,长春,0.00168466068
邢台,长春,0.00149747616
石家庄,长春,0.00149747616
德州,长春,0.00149747616
保定,长春,0.00149747616
广州,长春,0.00131029164
徐州,长春,0.00131029164
郑州,长春,0.00131029164
成都,长春,0.00131029164
衡水,长春,0.00131029164
邯郸,长春,0.00131029164
阜阳,长春,0.00112310712
鸡西,长春,0.00112310712
万宁,长春,0.00112310712
威海,长春,0.00112310712
烟台,长春,0.00112310712
承德,长春,0.00112310712
黑河,长春,0.00112310712
周口,长春,0.00112310712
济南,长春,0.00112310712
重庆,长春,0.00112310712
菏泽,长春,0.0009359226
双鸭山,长春,0.0009359226
临沂,长春,0.0009359226
聊城,长春,0.0009359226
平顶山,长春,0.0009359226
济宁,长春,0.0009359226
苏州,长春,0.0009359226
安庆,长春,0.0009359226
亳州,长春,0.0009359226
南通,长春,0.00074873808
驻马店,长春,0.00074873808
临汾,长春,0.00074873808
泉州,长春,0.00074873808
七台河,长春,0.00074873808
南京,长春,0.00074873808
呼和浩特,长春,0.00056155356
鹤岗,长春,0.00056155356
张家口,长春,0.00056155356
温州,长春,0.00056155356
北海,长春,0.00056155356
珠海,长春,0.00056155356
合肥,长春,0.00056155356
西安,长春,0.00056155356
莆田,长春,0.00056155356
盐城,长春,0.00056155356
南昌,长春,0.00056155356
安阳,长春,0.00056155356
佛山,长春,0.00037436904
运城,长春,0.00037436904
商丘,长春,0.00037436904
嘉兴,长春,0.00037436904
洛阳,长春,0.00037436904
淄博,长春,0.00037436904
武汉,长春,0.00037436904
长春,吉林市,0.21873911004
延边朝鲜族自治州,吉林市,0.02386465092
四平,吉林市,0.01833257448
通化,吉林市,0.01800953352
松原,吉林市,0.0144964630799999
哈尔滨,吉林市,0.01175061492
白山,吉林市,0.0104988312
辽源,吉林市,0.0094893282
白城,吉林市,0.00852020532
沈阳,吉林市,0.00771260292
北京,吉林市,0.00440143308
大连,吉林市,0.0042399126
天津,吉林市,0.00226128672
牡丹江,吉林市,0.00214014636
铁岭,吉林市,0.00185748552
上海,吉林市,0.00177672528
鞍山,吉林市,0.0016152048
通辽,吉林市,0.0014133042
营口,吉林市,0.00133254396
抚顺,吉林市,0.00133254396
大庆,吉林市,0.00125178372
丹东,吉林市,0.00113064336
绥化,吉林市,0.001009503
深圳,吉林市,0.00096912288
辽阳,吉林市,0.00092874276
沧州,吉林市,0.00088836264
葫芦岛,吉林市,0.00088836264
锦州,吉林市,0.0008076024
青岛,吉林市,0.0008076024
唐山,吉林市,0.00076722228
齐齐哈尔,吉林市,0.00072684216
赤峰,吉林市,0.00068646204
潍坊,吉林市,0.00064608192
邯郸,吉林市,0.00064608192
衡水,吉林市,0.00064608192
阜新,吉林市,0.00064608192
兴安盟,吉林市,0.0006057018
三亚,吉林市,0.0006057018
佳木斯,吉林市,0.00056532168
秦皇岛,吉林市,0.00056532168
廊坊,吉林市,0.00056532168
朝阳,吉林市,0.00052494156
盘锦,吉林市,0.00052494156
郑州,吉林市,0.00048456144
杭州,吉林市,0.00048456144
聊城,吉林市,0.00048456144
枣庄,吉林市,0.00048456144
周口,吉林市,0.00048456144
本溪,吉林市,0.00048456144
南京,吉林市,0.00048456144
济南,吉林市,0.00044418132
承德,吉林市,0.0004038012
温州,吉林市,0.0004038012
重庆,吉林市,0.0004038012
烟台,吉林市,0.0004038012
黑河,吉林市,0.0004038012
保定,吉林市,0.00036342108
德州,吉林市,0.00036342108
广州,吉林市,0.00036342108
西安,吉林市,0.00036342108
呼伦贝尔,吉林市,0.00036342108
鸡西,吉林市,0.00032304096
鹤岗,吉林市,0.00032304096
威海,吉林市,0.00032304096
昆明,吉林市,0.00032304096
海口,吉林市,0.00028266084
七台河,吉林市,0.00028266084
菏泽,吉林市,0.00024228072
双鸭山,吉林市,0.00024228072
太原,吉林市,0.00024228072
苏州,吉林市,0.00024228072
南通,吉林市,0.00024228072
佛山,吉林市,0.0002019006
临沂,吉林市,0.0002019006
珠海,吉林市,0.0002019006
石家庄,吉林市,0.0002019006
成都,吉林市,0.0002019006
贵阳,吉林市,0.00016152048
嘉兴,吉林市,0.00016152048
陵水黎族自治县,吉林市,0.00016152048
惠州,吉林市,0.00016152048
台州,吉林市,0.00016152048
淄博,吉林市,0.00016152048
南昌,吉林市,0.00016152048
泰州,吉林市,0.00016152048
厦门,吉林市,0.00016152048
日照,吉林市,0.00016152048
合肥,吉林市,0.00016152048
伊春,吉林市,0.00016152048
南宁,吉林市,0.00016152048
北海,吉林市,0.00016152048
阜阳,吉林市,0.00016152048
东营,吉林市,0.00016152048
无锡,吉林市,0.00016152048
张家口,吉林市,0.00012114036
南充,吉林市,0.00012114036
清远,吉林市,0.00012114036
信阳,吉林市,0.00012114036
徐州,吉林市,0.00012114036
乌兰察布,吉林市,0.00012114036
长春,四平,0.18827538912
铁岭,四平,0.05713073856
松原,四平,0.02816529408
通辽,四平,0.02784523392
辽源,四平,0.02512472256
吉林,四平,0.01376258688
沈阳,四平,0.01124211312
白城,四平,0.00592111296
哈尔滨,四平,0.00308057904
通化,四平,0.00292054896
大连,四平,0.00288054144
白山,四平,0.00236044368
延边朝鲜族自治州,四平,0.00212039856
北京,四平,0.00204038352
大庆,四平,0.0014002632
营口,四平,0.00136025568
锦州,四平,0.00112021056
鞍山,四平,0.00108020304
绥化,四平,0.00088016544
天津,四平,0.00084015792
盘锦,四平,0.0008001504
兴安盟,四平,0.00072013536
齐齐哈尔,四平,0.00072013536
牡丹江,四平,0.00068012784
呼伦贝尔,四平,0.00068012784
阜新,四平,0.00064012032
赤峰,四平,0.00064012032
本溪,四平,0.0006001128
葫芦岛,四平,0.00052009776
辽阳,四平,0.00048009024
廊坊,四平,0.00048009024
抚顺,四平,0.00044008272
丹东,四平,0.00044008272
邯郸,四平,0.0004000752
朝阳,四平,0.0004000752
唐山,四平,0.0004000752
苏州,四平,0.00036006768
秦皇岛,四平,0.00032006016
佳木斯,四平,0.00032006016
潍坊,四平,0.00032006016
上海,四平,0.00028005264
郑州,四平,0.00028005264
成都,四平,0.00024004512
德州,四平,0.0002000376
青岛,四平,0.0002000376
杭州,四平,0.0002000376
石家庄,四平,0.0002000376
深圳,四平,0.00016003008
烟台,四平,0.00016003008
济南,四平,0.00016003008
保定,四平,0.00016003008
威海,四平,0.00016003008
宿州,四平,0.00016003008
黑河,四平,0.00016003008
南京,四平,0.00016003008
珠海,四平,0.00016003008
沧州,四平,0.00016003008
无锡,四平,0.00016003008
临沂,四平,0.00016003008
三亚,四平,0.00016003008
聊城,四平,0.00016003008
南通,四平,0.00016003008
重庆,四平,0.00012002256
衡水,四平,0.00012002256
呼和浩特,四平,0.00012002256
承德,四平,0.00012002256
宿迁,四平,0.00012002256
邢台,四平,0.00012002256
双鸭山,四平,0.00012002256
大同,四平,8.001504000000002e-05
泰安,四平,8.001504000000002e-05
鄂尔多斯,四平,8.001504000000002e-05
咸阳,四平,8.001504000000002e-05
菏泽,四平,8.001504000000002e-05
佛山,四平,8.001504000000002e-05
徐州,四平,8.001504000000002e-05
巴彦淖尔,四平,8.001504000000002e-05
日照,四平,8.001504000000002e-05
滨州,四平,8.001504000000002e-05
广州,四平,8.001504000000002e-05
海口,四平,8.001504000000002e-05
济宁,四平,4.000752000000001e-05
太原,四平,4.000752000000001e-05
曲靖,四平,4.000752000000001e-05
滁州,四平,4.000752000000001e-05
厦门,四平,4.000752000000001e-05
金华,四平,4.000752000000001e-05
宁波,四平,4.000752000000001e-05
常州,四平,4.000752000000001e-05
盐城,四平,4.000752000000001e-05
焦作,四平,4.000752000000001e-05
安庆,四平,4.000752000000001e-05
合肥,四平,4.000752000000001e-05
北海,四平,4.000752000000001e-05
鹤岗,四平,4.000752000000001e-05
西安,四平,4.000752000000001e-05
安阳,四平,4.000752000000001e-05
桂林,四平,4.000752000000001e-05
周口,四平,4.000752000000001e-05
凉山彝族自治州,四平,4.000752000000001e-05
通化,辽源,0.03556923192
长春,辽源,0.0297712907999999
四平,辽源,0.0275686416
铁岭,辽源,0.01088535024
抚顺,辽源,0.0070626880799999
吉林,辽源,0.0064658412
沈阳,辽源,0.0035242387199999
白山,辽源,0.0022026492
松原,辽源,0.0017052768
大连,辽源,0.0013926427199999
白城,辽源,0.0011936937599999
北京,辽源,0.00102316608
唐山,辽源,0.0009947448
通辽,辽源,0.00086684904
延边朝鲜族自治州,辽源,0.00083842776
鞍山,辽源,0.00073895328
天津,辽源,0.00061105752
哈尔滨,辽源,0.00061105752
营口,辽源,0.0004405298399999
辽阳,辽源,0.00031263408
盘锦,辽源,0.00031263408
廊坊,辽源,0.00031263408
呼伦贝尔,辽源,0.0002842128
赤峰,辽源,0.0002842128
丹东,辽源,0.00025579152
重庆,辽源,0.00025579152
保定,辽源,0.00025579152
大庆,辽源,0.0002131596
青岛,辽源,0.0002131596
秦皇岛,辽源,0.00018473832
齐齐哈尔,辽源,0.00018473832
朝阳,辽源,0.00015631704
阜新,辽源,0.00015631704
德州,辽源,0.00015631704
伊春,辽源,0.00015631704
烟台,辽源,0.00015631704
牡丹江,辽源,0.00015631704
本溪,辽源,0.00012789576
葫芦岛,辽源,0.00012789576
沧州,辽源,0.00012789576
宿州,辽源,0.00012789576
双鸭山,辽源,0.00012789576
贵阳,辽源,8.526384e-05
兴安盟,辽源,8.526384e-05
张家口,辽源,8.526384e-05
成都,辽源,8.526384e-05
淄博,辽源,8.526384e-05
鸡西,辽源,8.526384e-05
聊城,辽源,8.526384e-05
苏州,辽源,8.526384e-05
锡林郭勒盟,辽源,8.526384e-05
福州,辽源,8.526384e-05
三亚,辽源,8.526384e-05
威海,辽源,8.526384e-05
锦州,辽源,8.526384e-05
乐东黎族自治县,辽源,5.684256e-05
连云港,辽源,5.684256e-05
商丘,辽源,5.684256e-05
宁波,辽源,5.684256e-05
潍坊,辽源,5.684256e-05
南通,辽源,5.684256e-05
郑州,辽源,5.684256e-05
长沙,辽源,5.684256e-05
滁州,辽源,5.684256e-05
杭州,辽源,5.684256e-05
菏泽,辽源,5.684256e-05
邢台,辽源,5.684256e-05
朔州,辽源,5.684256e-05
南阳,辽源,5.684256e-05
东营,辽源,5.684256e-05
邯郸,辽源,2.842128e-05
天水,辽源,2.842128e-05
西安,辽源,2.842128e-05
鹤岗,辽源,2.842128e-05
怀化,辽源,2.842128e-05
驻马店,辽源,2.842128e-05
东莞,辽源,2.842128e-05
蚌埠,辽源,2.842128e-05
广州,辽源,2.842128e-05
抚州,辽源,2.842128e-05
周口,辽源,2.842128e-05
湖州,辽源,2.842128e-05
保亭黎族苗族自治县,辽源,2.842128e-05
石家庄,辽源,2.842128e-05
广元,辽源,2.842128e-05
深圳,辽源,2.842128e-05
临沂,辽源,2.842128e-05
泰州,辽源,2.842128e-05
银川,辽源,2.842128e-05
镇江,辽源,2.842128e-05
忻州,辽源,2.842128e-05
温州,辽源,2.842128e-05
萍乡,辽源,2.842128e-05
万宁,辽源,2.842128e-05
济南,辽源,2.842128e-05
承德,辽源,2.842128e-05
马鞍山,辽源,2.842128e-05
舟山,辽源,2.842128e-05
荆州,辽源,2.842128e-05
徐州,辽源,2.842128e-05
辽源,通化,0.0377783352
长春,通化,0.0229981356
吉林,通化,0.0168105132
白山,通化,0.0093539448
抚顺,通化,0.0056679588
沈阳,通化,0.0044956944
四平,通化,0.0028762776
松原,通化,0.0015469056
大连,通化,0.0014139684
天津,通化,0.0014139684
延边朝鲜族自治州,通化,0.0012568608
丹东,通化,0.0011239236
北京,通化,0.0011239236
铁岭,通化,0.0010634976
白城,通化,0.0010030716
鞍山,通化,0.0005800896
秦皇岛,通化,0.000483408
廊坊,通化,0.0004108968
通辽,通化,0.0004108968
辽阳,通化,0.0003867264
本溪,通化,0.0003867264
上海,通化,0.0003142152
青岛,通化,0.0003142152
潍坊,通化,0.0003142152
锦州,通化,0.0002900448
阜新,通化,0.0002900448
哈尔滨,通化,0.0002900448
营口,通化,0.0002537892
兴安盟,通化,0.0002175336
唐山,通化,0.0002175336
济南,通化,0.0001933632
盘锦,通化,0.0001933632
深圳,通化,0.0001933632
衡水,通化,0.0001933632
保定,通化,0.0001933632
三亚,通化,0.0001933632
苏州,通化,0.0001933632
烟台,通化,0.0001571076
牡丹江,通化,0.0001571076
广州,通化,0.000120852
杭州,通化,0.000120852
威海,通化,0.000120852
南京,通化,0.000120852
佛山,通化,0.000120852
沧州,通化,0.000120852
合肥,通化,9.66816e-05
石家庄,通化,9.66816e-05
太原,通化,9.66816e-05
乌兰察布,通化,9.66816e-05
鹤岗,通化,9.66816e-05
揭阳,通化,6.042600000000001e-05
武汉,通化,6.042600000000001e-05
莆田,通化,6.042600000000001e-05
邯郸,通化,6.042600000000001e-05
呼和浩特,通化,6.042600000000001e-05
齐齐哈尔,通化,6.042600000000001e-05
绍兴,通化,6.042600000000001e-05
绥化,通化,6.042600000000001e-05
曲靖,通化,6.042600000000001e-05
赤峰,通化,6.042600000000001e-05
北海,通化,6.042600000000001e-05
嘉兴,通化,6.042600000000001e-05
济宁,通化,6.042600000000001e-05
锡林郭勒盟,通化,6.042600000000001e-05
葫芦岛,通化,6.042600000000001e-05
滨州,通化,6.042600000000001e-05
铜陵,通化,6.042600000000001e-05
泰州,通化,6.042600000000001e-05
金华,通化,6.042600000000001e-05
长沙,通化,6.042600000000001e-05
咸阳,通化,2.41704e-05
南宁,通化,2.41704e-05
西宁,通化,2.41704e-05
泰安,通化,2.41704e-05
吉安,通化,2.41704e-05
朝阳,通化,2.41704e-05
呼伦贝尔,通化,2.41704e-05
鄂尔多斯,通化,2.41704e-05
张家口,通化,2.41704e-05
佳木斯,通化,2.41704e-05
日照,通化,2.41704e-05
宁德,通化,2.41704e-05
聊城,通化,2.41704e-05
承德,通化,2.41704e-05
西双版纳傣族自治州,通化,2.41704e-05
陵水黎族自治县,通化,2.41704e-05
成都,通化,2.41704e-05
万宁,通化,2.41704e-05
酒泉,通化,2.41704e-05
黄冈,通化,2.41704e-05
西安,通化,2.41704e-05
昆玉,通化,2.41704e-05
鸡西,通化,2.41704e-05
泉州,通化,2.41704e-05
鹰潭,通化,2.41704e-05
汉中,通化,2.41704e-05
南充,通化,2.41704e-05
重庆,通化,2.41704e-05
淄博,通化,2.41704e-05
漳州,通化,2.41704e-05
长春,白山,0.01891728756
通化,白山,0.0093309569999999
延边朝鲜族自治州,白山,0.0089380746
吉林,白山,0.0073861891199999
四平,白山,0.00226562184
沈阳,白山,0.00210192084
辽源,白山,0.0018727394399999
大连,白山,0.0014864050799999
松原,白山,0.0011655511199999
白城,白山,0.0009036295199999
北京,白山,0.00070718832
青岛,白山,0.00067444812
上海,白山,0.0006417079199999
抚顺,白山,0.0005500353599999
临沂,白山,0.0003208539599999
天津,白山,0.0003208539599999
本溪,白山,0.0002881137599999
哈尔滨,白山,0.0002881137599999
丹东,白山,0.0002881137599999
营口,白山,0.0002881137599999
日照,白山,0.0002881137599999
唐山,白山,0.0002553735599999
赤峰,白山,0.0002553735599999
邯郸,白山,0.0002553735599999
葫芦岛,白山,0.0002553735599999
大庆,白山,0.00022263336
淄博,白山,0.00022263336
铁岭,白山,0.0001898931599999
阜新,白山,0.0001898931599999
鞍山,白山,0.0001898931599999
牡丹江,白山,0.0001898931599999
济南,白山,0.0001571529599999
通辽,白山,0.0001571529599999
张家口,白山,0.0001571529599999
齐齐哈尔,白山,0.0001244127599999
成都,白山,0.0001244127599999
秦皇岛,白山,0.0001244127599999
威海,白山,0.0001244127599999
邢台,白山,0.0001244127599999
潍坊,白山,9.167256e-05
杭州,白山,9.167256e-05
南阳,白山,9.167256e-05
锦州,白山,9.167256e-05
泰安,白山,9.167256e-05
乐东黎族自治县,白山,9.167256e-05
开封,白山,9.167256e-05
苏州,白山,9.167256e-05
忻州,白山,9.167256e-05
西安,白山,9.167256e-05
佳木斯,白山,9.167256e-05
深圳,白山,9.167256e-05
新乡,白山,9.167256e-05
临高县,白山,5.893236e-05
三亚,白山,5.893236e-05
广州,白山,5.893236e-05
德州,白山,5.893236e-05
盘锦,白山,5.893236e-05
兴安盟,白山,5.893236e-05
万宁,白山,5.893236e-05
无锡,白山,5.893236e-05
承德,白山,5.893236e-05
辽阳,白山,5.893236e-05
七台河,白山,2.619216e-05
连云港,白山,2.619216e-05
扬州,白山,2.619216e-05
吕梁,白山,2.619216e-05
周口,白山,2.619216e-05
长治,白山,2.619216e-05
阳泉,白山,2.619216e-05
钦州,白山,2.619216e-05
厦门,白山,2.619216e-05
东方,白山,2.619216e-05
临汾,白山,2.619216e-05
长沙,白山,2.619216e-05
曲靖,白山,2.619216e-05
十堰,白山,2.619216e-05
焦作,白山,2.619216e-05
盐城,白山,2.619216e-05
南昌,白山,2.619216e-05
鄂尔多斯,白山,2.619216e-05
绥化,白山,2.619216e-05
聊城,白山,2.619216e-05
沧州,白山,2.619216e-05
洛阳,白山,2.619216e-05
鹤岗,白山,2.619216e-05
泰州,白山,2.619216e-05
朝阳,白山,2.619216e-05
阜阳,白山,2.619216e-05
温州,白山,2.619216e-05
东营,白山,2.619216e-05
徐州,白山,2.619216e-05
菏泽,白山,2.619216e-05
呼伦贝尔,白山,2.619216e-05
保定,白山,2.619216e-05
资阳,白山,2.619216e-05
长春,松原,0.1798068585599999
白城,松原,0.05947216992
四平,松原,0.02620807488
大庆,松原,0.00997575264
吉林,松原,0.00952388928
通辽,松原,0.00862016256
哈尔滨,松原,0.00778595328
绥化,松原,0.0049009795199999
沈阳,松原,0.0042058051199999
延边朝鲜族自治州,松原,0.00288497376
大连,松原,0.0021202819199999
齐齐哈尔,松原,0.00194648832
辽源,松原,0.00187697088
盘锦,松原,0.0016684185599999
北京,松原,0.00152938368
兴安盟,松原,0.00142510752
白山,松原,0.00128607264
通化,松原,0.0012513139199999
天津,松原,0.00118179648
铁岭,松原,0.00093848544
锦州,松原,0.000868968
鞍山,松原,0.00076469184
呼伦贝尔,松原,0.00076469184
营口,松原,0.00055613952
深圳,松原,0.00055613952
赤峰,松原,0.00048662208
辽阳,松原,0.00045186336
苏州,松原,0.0004171046399999
上海,松原,0.0004171046399999
阜新,松原,0.0004171046399999
三亚,松原,0.00038234592
丹东,松原,0.00038234592
朝阳,松原,0.0003475872
保定,松原,0.0003475872
唐山,松原,0.0003475872
潍坊,松原,0.0003128284799999
南京,松原,0.00027806976
邢台,松原,0.00027806976
葫芦岛,松原,0.00024331104
德州,松原,0.00024331104
锡林郭勒盟,松原,0.00024331104
抚顺,松原,0.00024331104
承德,松原,0.00024331104
青岛,松原,0.0002085523199999
廊坊,松原,0.0002085523199999
黑河,松原,0.0002085523199999
淄博,松原,0.0002085523199999
秦皇岛,松原,0.0002085523199999
佳木斯,松原,0.0002085523199999
成都,松原,0.0002085523199999
杭州,松原,0.0002085523199999
菏泽,松原,0.0001737936
徐州,松原,0.0001737936
牡丹江,松原,0.0001737936
临沂,松原,0.0001737936
漯河,松原,0.00013903488
鹤岗,松原,0.00013903488
伊春,松原,0.00013903488
济南,松原,0.00013903488
嘉兴,松原,0.00013903488
烟台,松原,0.0001042761599999
广州,松原,0.0001042761599999
鸡西,松原,0.0001042761599999
东营,松原,0.0001042761599999
本溪,松原,0.0001042761599999
安庆,松原,0.0001042761599999
石家庄,松原,0.0001042761599999
陵水黎族自治县,松原,0.0001042761599999
重庆,松原,0.0001042761599999
盐城,松原,0.0001042761599999
商丘,松原,0.0001042761599999
西安,松原,6.951744000000001e-05
沧州,松原,6.951744000000001e-05
绵阳,松原,6.951744000000001e-05
威海,松原,6.951744000000001e-05
亳州,松原,6.951744000000001e-05
昆明,松原,6.951744000000001e-05
宁波,松原,6.951744000000001e-05
大同,松原,6.951744000000001e-05
连云港,松原,6.951744000000001e-05
安阳,松原,3.4758720000000005e-05
西双版纳傣族自治州,松原,3.4758720000000005e-05
随州,松原,3.4758720000000005e-05
万宁,松原,3.4758720000000005e-05
邯郸,松原,3.4758720000000005e-05
七台河,松原,3.4758720000000005e-05
吴忠,松原,3.4758720000000005e-05
海口,松原,3.4758720000000005e-05
中山,松原,3.4758720000000005e-05
荆门,松原,3.4758720000000005e-05
南宁,松原,3.4758720000000005e-05
淮安,松原,3.4758720000000005e-05
阳泉,松原,3.4758720000000005e-05
聊城,松原,3.4758720000000005e-05
马鞍山,松原,3.4758720000000005e-05
太原,松原,3.4758720000000005e-05
合肥,松原,3.4758720000000005e-05
扬州,松原,3.4758720000000005e-05
镇江,松原,3.4758720000000005e-05
佛山,松原,3.4758720000000005e-05
松原,白城,0.05931262908
兴安盟,白城,0.04077384156
长春,白城,0.03857140296
齐齐哈尔,白城,0.00735422976
通辽,白城,0.00624343464
吉林,白城,0.00540076248
四平,白城,0.00494112312
沈阳,白城,0.00271953288
呼伦贝尔,白城,0.0022024386
大连,白城,0.00203007384
大庆,白城,0.00183855744
赤峰,白城,0.00137891808
延边朝鲜族自治州,白城,0.00135976644
北京,白城,0.00132146316
辽源,白城,0.0012448566
铁岭,白城,0.000957582
天津,白城,0.00080436888
白山,白城,0.0006703073999999
石家庄,白城,0.00051709428
通化,白城,0.000478791
潍坊,白城,0.000478791
绥化,白城,0.000478791
廊坊,白城,0.00044048772
锡林郭勒盟,白城,0.00044048772
鞍山,白城,0.00040218444
营口,白城,0.00040218444
唐山,白城,0.00034472952
哈尔滨,白城,0.00034472952
锦州,白城,0.00030642624
德州,白城,0.0002872746
辽阳,白城,0.0002872746
保定,白城,0.0002872746
盘锦,白城,0.0002872746
朝阳,白城,0.00024897132
深圳,白城,0.00024897132
秦皇岛,白城,0.00024897132
抚顺,白城,0.00024897132
黑河,白城,0.00024897132
杭州,白城,0.00021066804
儋州,白城,0.00015321312
邵阳,白城,0.00015321312
广州,白城,0.00015321312
葫芦岛,白城,0.00015321312
济南,白城,0.00015321312
张家口,白城,0.00015321312
阜新,白城,0.00015321312
宿州,白城,0.00011490984
邢台,白城,0.00011490984
烟台,白城,0.00011490984
威海,白城,9.57582e-05
厦门,白城,9.57582e-05
三亚,白城,9.57582e-05
临沂,白城,9.57582e-05
上海,白城,9.57582e-05
滨州,白城,9.57582e-05
承德,白城,9.57582e-05
沧州,白城,9.57582e-05
周口,白城,9.57582e-05
宁波,白城,9.57582e-05
青岛,白城,5.745492e-05
牡丹江,白城,5.745492e-05
桂林,白城,5.745492e-05
武汉,白城,5.745492e-05
七台河,白城,5.745492e-05
常州,白城,5.745492e-05
佳木斯,白城,5.745492e-05
鹤岗,白城,5.745492e-05
开封,白城,5.745492e-05
许昌,白城,5.745492e-05
商丘,白城,5.745492e-05
菏泽,白城,5.745492e-05
泉州,白城,5.745492e-05
郑州,白城,5.745492e-05
东营,白城,5.745492e-05
本溪,白城,1.915164e-05
鄂尔多斯,白城,1.915164e-05
南宁,白城,1.915164e-05
南阳,白城,1.915164e-05
日照,白城,1.915164e-05
吕梁,白城,1.915164e-05
湖州,白城,1.915164e-05
邯郸,白城,1.915164e-05
聊城,白城,1.915164e-05
黔南布依族苗族自治州,白城,1.915164e-05
成都,白城,1.915164e-05
太原,白城,1.915164e-05
镇江,白城,1.915164e-05
嘉兴,白城,1.915164e-05
驻马店,白城,1.915164e-05
淮南,白城,1.915164e-05
芜湖,白城,1.915164e-05
盐城,白城,1.915164e-05
常德,白城,1.915164e-05
安阳,白城,1.915164e-05
肇庆,白城,1.915164e-05
洛阳,白城,1.915164e-05
庆阳,白城,1.915164e-05
恩施土家族苗族自治州,白城,1.915164e-05
濮阳,白城,1.915164e-05
福州,白城,1.915164e-05
长春,延边朝鲜族自治州,0.03365702928
吉林,延边朝鲜族自治州,0.02721572784
白山,延边朝鲜族自治州,0.0130546987199999
牡丹江,延边朝鲜族自治州,0.00735095088
松原,延边朝鲜族自治州,0.0038475712799999
四平,延边朝鲜族自治州,0.00355254984
白城,延边朝鲜族自治州,0.0025199748
通化,延边朝鲜族自治州,0.00242163432
沈阳,延边朝鲜族自治州,0.0019668096
哈尔滨,延边朝鲜族自治州,0.001843884
辽源,延边朝鲜族自治州,0.00177012864
北京,延边朝鲜族自治州,0.00154886256
大连,延边朝鲜族自治州,0.0014136443999999
大庆,延边朝鲜族自治州,0.00105716016
抚顺,延边朝鲜族自治州,0.00083589408
营口,延边朝鲜族自治州,0.00077443128
天津,延边朝鲜族自治州,0.0007375535999999
鸡西,延边朝鲜族自治州,0.0006760908
丹东,延边朝鲜族自治州,0.000614628
铁岭,延边朝鲜族自治州,0.000614628
青岛,延边朝鲜族自治州,0.0005777503199999
葫芦岛,延边朝鲜族自治州,0.00054087264
赤峰,延边朝鲜族自治州,0.0005162875199999
通辽,延边朝鲜族自治州,0.00044253216
鞍山,延边朝鲜族自治州,0.00041794704
上海,延边朝鲜族自治州,0.00038106936
临沂,延边朝鲜族自治州,0.00031960656
杭州,延边朝鲜族自治州,0.00031960656
锦州,延边朝鲜族自治州,0.00031960656
佳木斯,延边朝鲜族自治州,0.00031960656
潍坊,延边朝鲜族自治州,0.00028272888
绥化,延边朝鲜族自治州,0.00028272888
朝阳,延边朝鲜族自治州,0.00028272888
唐山,延边朝鲜族自治州,0.0002581437599999
阜新,延边朝鲜族自治州,0.0002581437599999
黑河,延边朝鲜族自治州,0.0002581437599999
武汉,延边朝鲜族自治州,0.00022126608
南阳,延边朝鲜族自治州,0.00022126608
齐齐哈尔,延边朝鲜族自治州,0.00022126608
驻马店,延边朝鲜族自治州,0.00022126608
无锡,延边朝鲜族自治州,0.0001843883999999
保定,延边朝鲜族自治州,0.0001843883999999
廊坊,延边朝鲜族自治州,0.0001843883999999
呼伦贝尔,延边朝鲜族自治州,0.0001843883999999
天门,延边朝鲜族自治州,0.0001843883999999
辽阳,延边朝鲜族自治州,0.0001843883999999
宁波,延边朝鲜族自治州,0.0001843883999999
鹤岗,延边朝鲜族自治州,0.00015980328
本溪,延边朝鲜族自治州,0.00015980328
新乡,延边朝鲜族自治州,0.00015980328
日照,延边朝鲜族自治州,0.00015980328
沧州,延边朝鲜族自治州,0.00015980328
连云港,延边朝鲜族自治州,0.00015980328
海口,延边朝鲜族自治州,0.00015980328
广州,延边朝鲜族自治州,0.00015980328
三亚,延边朝鲜族自治州,0.00015980328
深圳,延边朝鲜族自治州,0.00015980328
开封,延边朝鲜族自治州,0.0001229256
枣庄,延边朝鲜族自治州,0.0001229256
济南,延边朝鲜族自治州,0.0001229256
兴安盟,延边朝鲜族自治州,0.0001229256
福州,延边朝鲜族自治州,0.0001229256
台州,延边朝鲜族自治州,0.0001229256
盘锦,延边朝鲜族自治州,0.0001229256
邯郸,延边朝鲜族自治州,0.0001229256
七台河,延边朝鲜族自治州,0.0001229256
周口,延边朝鲜族自治州,0.0001229256
秦皇岛,延边朝鲜族自治州,0.0001229256
南昌,延边朝鲜族自治州,0.0001229256
商丘,延边朝鲜族自治州,0.0001229256
苏州,延边朝鲜族自治州,0.0001229256
东莞,延边朝鲜族自治州,8.604792000000001e-05
绍兴,延边朝鲜族自治州,8.604792000000001e-05
成都,延边朝鲜族自治州,8.604792000000001e-05
徐州,延边朝鲜族自治州,8.604792000000001e-05
黄石,延边朝鲜族自治州,8.604792000000001e-05
德州,延边朝鲜族自治州,8.604792000000001e-05
重庆,延边朝鲜族自治州,8.604792000000001e-05
西安,延边朝鲜族自治州,8.604792000000001e-05
聊城,延边朝鲜族自治州,8.604792000000001e-05
威海,延边朝鲜族自治州,8.604792000000001e-05
济宁,延边朝鲜族自治州,8.604792000000001e-05
邢台,延边朝鲜族自治州,8.604792000000001e-05
烟台,延边朝鲜族自治州,8.604792000000001e-05
佛山,延边朝鲜族自治州,8.604792000000001e-05
安庆,延边朝鲜族自治州,8.604792000000001e-05
菏泽,延边朝鲜族自治州,6.14628e-05
厦门,延边朝鲜族自治州,6.14628e-05
洛阳,延边朝鲜族自治州,6.14628e-05
陵水黎族自治县,延边朝鲜族自治州,6.14628e-05
双鸭山,延边朝鲜族自治州,6.14628e-05
阳泉,延边朝鲜族自治州,6.14628e-05
莆田,延边朝鲜族自治州,6.14628e-05
衡阳,延边朝鲜族自治州,6.14628e-05
泰安,延边朝鲜族自治州,6.14628e-05
绵阳,延边朝鲜族自治州,6.14628e-05
茂名,延边朝鲜族自治州,6.14628e-05
珠海,延边朝鲜族自治州,6.14628e-05
岳阳,延边朝鲜族自治州,6.14628e-05
遵义,延边朝鲜族自治州,2.458512e-05
绥化,哈尔滨,0.207784116
大庆,哈尔滨,0.09494830692
齐齐哈尔,哈尔滨,0.0808551233999999
牡丹江,哈尔滨,0.05745682512
佳木斯,哈尔滨,0.0546562566
长春,哈尔滨,0.0388465956
伊春,哈尔滨,0.03351648132
双鸭山,哈尔滨,0.03098693556
鸡西,哈尔滨,0.03080625372
黑河,哈尔滨,0.0302642082
七台河,哈尔滨,0.02330795736
三亚,哈尔滨,0.01635170652
北京,哈尔滨,0.01120227408
吉林,哈尔滨,0.01066022856
松原,哈尔滨,0.0103892057999999
沈阳,哈尔滨,0.0099375012
鹤岗,哈尔滨,0.0099375012
呼伦贝尔,哈尔滨,0.009034092
大兴安岭地区,哈尔滨,0.00822102372
天津,哈尔滨,0.00659488716
大连,哈尔滨,0.0058721598
上海,哈尔滨,0.00487840968
青岛,哈尔滨,0.00433636416
深圳,哈尔滨,0.00261988668
廊坊,哈尔滨,0.00261988668
亳州,哈尔滨,0.002258523
沧州,哈尔滨,0.002258523
威海,哈尔滨,0.00216818208
成都,哈尔滨,0.00216818208
西双版纳傣族自治州,哈尔滨,0.00216818208
北海,哈尔滨,0.00198750024
重庆,哈尔滨,0.00198750024
铁岭,哈尔滨,0.0018068184
临沂,哈尔滨,0.0018068184
烟台,哈尔滨,0.0018068184
秦皇岛,哈尔滨,0.0018068184
唐山,哈尔滨,0.0018068184
广州,哈尔滨,0.00162613656
四平,哈尔滨,0.00153579564
苏州,哈尔滨,0.00153579564
营口,哈尔滨,0.00153579564
赤峰,哈尔滨,0.00144545472
陵水黎族自治县,哈尔滨,0.00144545472
延边朝鲜族自治州,哈尔滨,0.00144545472
白城,哈尔滨,0.0013551137999999
杭州,哈尔滨,0.0013551137999999
聊城,哈尔滨,0.0013551137999999
丹东,哈尔滨,0.0013551137999999
锦州,哈尔滨,0.0013551137999999
保定,哈尔滨,0.0013551137999999
南京,哈尔滨,0.00126477288
潍坊,哈尔滨,0.00126477288
济南,哈尔滨,0.00126477288
石家庄,哈尔滨,0.00117443196
通辽,哈尔滨,0.00117443196
德州,哈尔滨,0.00117443196
乐东黎族自治县,哈尔滨,0.00117443196
兴安盟,哈尔滨,0.00108409104
济宁,哈尔滨,0.00108409104
辽源,哈尔滨,0.00108409104
东方,哈尔滨,0.00099375012
通化,哈尔滨,0.00099375012
昆明,哈尔滨,0.0009034092
泉州,哈尔滨,0.0009034092
朝阳,哈尔滨,0.0009034092
扬州,哈尔滨,0.0009034092
鞍山,哈尔滨,0.0009034092
辽阳,哈尔滨,0.0009034092
无锡,哈尔滨,0.0009034092
抚顺,哈尔滨,0.00081306828
郑州,哈尔滨,0.00081306828
葫芦岛,哈尔滨,0.00081306828
周口,哈尔滨,0.00072272736
徐州,哈尔滨,0.00072272736
盘锦,哈尔滨,0.00072272736
海口,哈尔滨,0.00063238644
菏泽,哈尔滨,0.00063238644
泰安,哈尔滨,0.00063238644
合肥,哈尔滨,0.00063238644
张家口,哈尔滨,0.00054204552
邢台,哈尔滨,0.00054204552
新乡,哈尔滨,0.00054204552
琼海,哈尔滨,0.00054204552
邯郸,哈尔滨,0.00054204552
日照,哈尔滨,0.00054204552
西安,哈尔滨,0.00054204552
珠海,哈尔滨,0.00054204552
临汾,哈尔滨,0.00054204552
阜新,哈尔滨,0.0004517046
莆田,哈尔滨,0.0004517046
滨州,哈尔滨,0.0004517046
南通,哈尔滨,0.0004517046
淄博,哈尔滨,0.0004517046
惠州,哈尔滨,0.0004517046
呼和浩特,哈尔滨,0.0004517046
东莞,哈尔滨,0.0004517046
厦门,哈尔滨,0.0004517046
衡水,哈尔滨,0.0004517046
中山,哈尔滨,0.0004517046
武汉,哈尔滨,0.00036136368
哈尔滨,齐齐哈尔,0.04454497152
大庆,齐齐哈尔,0.04441563072
呼伦贝尔,齐齐哈尔,0.0345339936
兴安盟,齐齐哈尔,0.02941209792
黑河,齐齐哈尔,0.02907581184
绥化,齐齐哈尔,0.01399467456
白城,齐齐哈尔,0.0050442912
天津,齐齐哈尔,0.00424237824
大兴安岭地区,齐齐哈尔,0.00411303744
北京,齐齐哈尔,0.003880224
沈阳,齐齐哈尔,0.00380261952
长春,齐齐哈尔,0.00367327872
大连,齐齐哈尔,0.0036215424
牡丹江,齐齐哈尔,0.00300070656
廊坊,齐齐哈尔,0.0014227488
佳木斯,齐齐哈尔,0.00137101248
松原,齐齐哈尔,0.00131927616
通辽,齐齐哈尔,0.00118993536
赤峰,齐齐哈尔,0.00111233088
伊春,齐齐哈尔,0.0009312537599999
秦皇岛,齐齐哈尔,0.0009312537599999
营口,齐齐哈尔,0.00085364928
吉林,齐齐哈尔,0.0007760448
鸡西,齐齐哈尔,0.0007760448
四平,齐齐哈尔,0.00072430848
鞍山,齐齐哈尔,0.00072430848
上海,齐齐哈尔,0.00069844032
鹤岗,齐齐哈尔,0.00067257216
三亚,齐齐哈尔,0.00067257216
青岛,齐齐哈尔,0.000646704
深圳,齐齐哈尔,0.00059496768
双鸭山,齐齐哈尔,0.00054323136
沧州,齐齐哈尔,0.0005173632
葫芦岛,齐齐哈尔,0.0004656268799999
延边朝鲜族自治州,齐齐哈尔,0.0003880224
丹东,齐齐哈尔,0.0003880224
铁岭,齐齐哈尔,0.0003880224
辽阳,齐齐哈尔,0.00033628608
辽源,齐齐哈尔,0.00033628608
唐山,齐齐哈尔,0.00033628608
苏州,齐齐哈尔,0.00031041792
邯郸,齐齐哈尔,0.00028454976
威海,齐齐哈尔,0.00028454976
锦州,齐齐哈尔,0.0002586816
七台河,齐齐哈尔,0.0002586816
抚顺,齐齐哈尔,0.0002586816
德州,齐齐哈尔,0.0002586816
烟台,齐齐哈尔,0.0002586816
保定,齐齐哈尔,0.0002586816
通化,齐齐哈尔,0.0002586816
盘锦,齐齐哈尔,0.00020694528
徐州,齐齐哈尔,0.00020694528
重庆,齐齐哈尔,0.00020694528
广州,齐齐哈尔,0.00020694528
本溪,齐齐哈尔,0.00020694528
朝阳,齐齐哈尔,0.00020694528
包头,齐齐哈尔,0.00020694528
南京,齐齐哈尔,0.00018107712
杭州,齐齐哈尔,0.00018107712
聊城,齐齐哈尔,0.00018107712
临沂,齐齐哈尔,0.00015520896
白山,齐齐哈尔,0.00015520896
承德,齐齐哈尔,0.00015520896
宿迁,齐齐哈尔,0.00015520896
菏泽,齐齐哈尔,0.00015520896
乌兰察布,齐齐哈尔,0.00015520896
阜新,齐齐哈尔,0.00015520896
石家庄,齐齐哈尔,0.0001293408
宁波,齐齐哈尔,0.0001293408
周口,齐齐哈尔,0.0001293408
呼和浩特,齐齐哈尔,0.0001293408
驻马店,齐齐哈尔,0.0001293408
厦门,齐齐哈尔,0.0001293408
济南,齐齐哈尔,0.0001293408
郑州,齐齐哈尔,0.0001293408
成都,齐齐哈尔,0.0001293408
西安,齐齐哈尔,7.760448e-05
海口,齐齐哈尔,7.760448e-05
商丘,齐齐哈尔,7.760448e-05
珠海,齐齐哈尔,7.760448e-05
济宁,齐齐哈尔,7.760448e-05
北海,齐齐哈尔,7.760448e-05
扬州,齐齐哈尔,7.760448e-05
日照,齐齐哈尔,7.760448e-05
黔东南苗族侗族自治州,齐齐哈尔,7.760448e-05
亳州,齐齐哈尔,7.760448e-05
朔州,齐齐哈尔,7.760448e-05
大同,齐齐哈尔,7.760448e-05
鄂尔多斯,齐齐哈尔,7.760448e-05
开封,齐齐哈尔,7.760448e-05
宿州,齐齐哈尔,7.760448e-05
巴彦淖尔,齐齐哈尔,7.760448e-05
黄冈,齐齐哈尔,5.173632e-05
东莞,齐齐哈尔,5.173632e-05
阜阳,齐齐哈尔,5.173632e-05
泰安,齐齐哈尔,5.173632e-05
南通,齐齐哈尔,5.173632e-05
南昌,齐齐哈尔,5.173632e-05
贵阳,齐齐哈尔,5.173632e-05
张家口,齐齐哈尔,5.173632e-05
牡丹江,鸡西,0.01798130664
哈尔滨,鸡西,0.01194977124
七台河,鸡西,0.0080975862
双鸭山,鸡西,0.006831297
佳木斯,鸡西,0.00375221484
绥化,鸡西,0.00184611636
北京,鸡西,0.00158619384
齐齐哈尔,鸡西,0.00145290024
长春,鸡西,0.00119297772
大庆,鸡西,0.0010996722
鹤岗,鸡西,0.00090639648
沈阳,鸡西,0.00073977948
青岛,鸡西,0.00064647396
大连,鸡西,0.00047985696
天津,鸡西,0.00038655144
深圳,鸡西,0.00038655144
伊春,鸡西,0.00035322804
吉林,鸡西,0.00031990464
延边朝鲜族自治州,鸡西,0.00028658124
廊坊,鸡西,0.00025325784
黑河,鸡西,0.00025325784
三亚,鸡西,0.00025325784
广州,鸡西,0.00019327572
鞍山,鸡西,0.00019327572
秦皇岛,鸡西,0.00019327572
上海,鸡西,0.00019327572
威海,鸡西,0.00019327572
苏州,鸡西,0.00015995232
丹东,鸡西,0.00015995232
宁德,鸡西,0.00015995232
济南,鸡西,0.00012662892
南京,鸡西,0.00012662892
烟台,鸡西,0.00012662892
宁波,鸡西,0.00012662892
临沂,鸡西,0.00012662892
济宁,鸡西,0.00012662892
长沙,鸡西,9.330552000000002e-05
西双版纳傣族自治州,鸡西,9.330552000000002e-05
沧州,鸡西,9.330552000000002e-05
大兴安岭地区,鸡西,9.330552000000002e-05
石家庄,鸡西,9.330552000000002e-05
临汾,鸡西,9.330552000000002e-05
周口,鸡西,9.330552000000002e-05
商丘,鸡西,9.330552000000002e-05
合肥,鸡西,9.330552000000002e-05
滨州,鸡西,9.330552000000002e-05
铁岭,鸡西,9.330552000000002e-05
辽阳,鸡西,9.330552000000002e-05
呼伦贝尔,鸡西,5.998212e-05
佛山,鸡西,5.998212e-05
扬州,鸡西,5.998212e-05
郑州,鸡西,5.998212e-05
潍坊,鸡西,5.998212e-05
阜新,鸡西,5.998212e-05
松原,鸡西,5.998212e-05
杭州,鸡西,5.998212e-05
惠州,鸡西,5.998212e-05
白城,鸡西,5.998212e-05
银川,鸡西,5.998212e-05
成都,鸡西,5.998212e-05
邢台,鸡西,5.998212e-05
陵水黎族自治县,鸡西,5.998212e-05
武汉,鸡西,5.998212e-05
清远,鸡西,2.665872e-05
赣州,鸡西,2.665872e-05
驻马店,鸡西,2.665872e-05
东营,鸡西,2.665872e-05
朔州,鸡西,2.665872e-05
抚顺,鸡西,2.665872e-05
营口,鸡西,2.665872e-05
南阳,鸡西,2.665872e-05
琼海,鸡西,2.665872e-05
绍兴,鸡西,2.665872e-05
西安,鸡西,2.665872e-05
镇江,鸡西,2.665872e-05
温州,鸡西,2.665872e-05
锦州,鸡西,2.665872e-05
保定,鸡西,2.665872e-05
呼和浩特,鸡西,2.665872e-05
东方,鸡西,2.665872e-05
泰安,鸡西,2.665872e-05
朝阳,鸡西,2.665872e-05
晋中,鸡西,2.665872e-05
重庆,鸡西,2.665872e-05
定西,鸡西,2.665872e-05
新乡,鸡西,2.665872e-05
赤峰,鸡西,2.665872e-05
嘉兴,鸡西,2.665872e-05
湛江,鸡西,2.665872e-05
信阳,鸡西,2.665872e-05
葫芦岛,鸡西,2.665872e-05
张家口,鸡西,2.665872e-05
大理白族自治州,鸡西,2.665872e-05
邯郸,鸡西,2.665872e-05
唐山,鸡西,2.665872e-05
辽源,鸡西,2.665872e-05
四平,鸡西,2.665872e-05
巴中,鸡西,2.665872e-05
佳木斯,鹤岗,0.03809628936
哈尔滨,鹤岗,0.00443396592
双鸭山,鹤岗,0.00349529904
伊春,鹤岗,0.00287775504
鸡西,鹤岗,0.0012597897599999
绥化,鹤岗,0.00122891256
北京,鹤岗,0.00096954408
七台河,鹤岗,0.00083985984
牡丹江,鹤岗,0.0007101755999999
大庆,鹤岗,0.00061136856
齐齐哈尔,鹤岗,0.00054961416
沈阳,鹤岗,0.00041992992
天津,鹤岗,0.00035200008
长春,鹤岗,0.00035200008
黑河,鹤岗,0.00032112288
松原,鹤岗,0.00029024568
杭州,鹤岗,0.00025319304
大连,鹤岗,0.00025319304
潍坊,鹤岗,0.0002223158399999
阜新,鹤岗,0.00019143864
三亚,鹤岗,0.00016056144
吉林,鹤岗,0.00016056144
廊坊,鹤岗,0.00016056144
深圳,鹤岗,0.0001235088
延边朝鲜族自治州,鹤岗,0.0001235088
朝阳,鹤岗,0.0001235088
青岛,鹤岗,0.0001235088
丹东,鹤岗,0.0001235088
葫芦岛,鹤岗,9.26316e-05
周口,鹤岗,9.26316e-05
上海,鹤岗,9.26316e-05
广州,鹤岗,9.26316e-05
呼伦贝尔,鹤岗,9.26316e-05
济宁,鹤岗,9.26316e-05
漯河,鹤岗,9.26316e-05
四平,鹤岗,9.26316e-05
陵水黎族自治县,鹤岗,6.17544e-05
珠海,鹤岗,6.17544e-05
铁岭,鹤岗,6.17544e-05
南通,鹤岗,6.17544e-05
济南,鹤岗,6.17544e-05
唐山,鹤岗,6.17544e-05
长沙,鹤岗,6.17544e-05
白城,鹤岗,6.17544e-05
泰州,鹤岗,6.17544e-05
鞍山,鹤岗,6.17544e-05
秦皇岛,鹤岗,6.17544e-05
铜仁,鹤岗,6.17544e-05
赤峰,鹤岗,6.17544e-05
中山,鹤岗,3.08772e-05
嘉兴,鹤岗,3.08772e-05
泰安,鹤岗,3.08772e-05
烟台,鹤岗,3.08772e-05
漳州,鹤岗,3.08772e-05
通化,鹤岗,3.08772e-05
锦州,鹤岗,3.08772e-05
昆明,鹤岗,3.08772e-05
澄迈县,鹤岗,3.08772e-05
郑州,鹤岗,3.08772e-05
东莞,鹤岗,3.08772e-05
西安,鹤岗,3.08772e-05
南宁,鹤岗,3.08772e-05
宿州,鹤岗,3.08772e-05
六盘水,鹤岗,3.08772e-05
保定,鹤岗,3.08772e-05
成都,鹤岗,3.08772e-05
信阳,鹤岗,3.08772e-05
平顶山,鹤岗,3.08772e-05
包头,鹤岗,3.08772e-05
辽阳,鹤岗,3.08772e-05
石家庄,鹤岗,3.08772e-05
通辽,鹤岗,3.08772e-05
天水,鹤岗,3.08772e-05
张家口,鹤岗,3.08772e-05
防城港,鹤岗,3.08772e-05
德州,鹤岗,3.08772e-05
菏泽,鹤岗,3.08772e-05
德阳,鹤岗,3.08772e-05
衡阳,鹤岗,3.08772e-05
威海,鹤岗,3.08772e-05
大兴安岭地区,鹤岗,3.08772e-05
曲靖,鹤岗,3.08772e-05
南京,鹤岗,3.08772e-05
盐城,鹤岗,3.08772e-05
徐州,鹤岗,3.08772e-05
镇江,鹤岗,3.08772e-05
佳木斯,双鸭山,0.04911188436
哈尔滨,双鸭山,0.00926220744
七台河,双鸭山,0.00793111176
鸡西,双鸭山,0.00680337792
鹤岗,双鸭山,0.00261597276
绥化,双鸭山,0.00207059328
牡丹江,双鸭山,0.0013218519599999
北京,双鸭山,0.00110000268
大庆,双鸭山,0.00084117852
齐齐哈尔,双鸭山,0.0007117664399999
长春,双鸭山,0.0006470603999999
伊春,双鸭山,0.00061008552
大连,双鸭山,0.00048067344
沈阳,双鸭山,0.00048067344
四平,双鸭山,0.00035126136
天津,双鸭山,0.00035126136
深圳,双鸭山,0.00028655532
吉林,双鸭山,0.00028655532
黑河,双鸭山,0.00028655532
青岛,双鸭山,0.00025882416
杭州,双鸭山,0.00022184928
延边朝鲜族自治州,双鸭山,0.00022184928
威海,双鸭山,0.00022184928
营口,双鸭山,0.0001941181199999
锡林郭勒盟,双鸭山,0.0001941181199999
潍坊,双鸭山,0.00015714324
邯郸,双鸭山,0.00015714324
宁波,双鸭山,0.00015714324
烟台,双鸭山,0.00015714324
廊坊,双鸭山,0.00012941208
上海,双鸭山,0.00012941208
唐山,双鸭山,0.00012941208
铁岭,双鸭山,0.00012941208
海西蒙古族藏族自治州,双鸭山,9.24372e-05
朝阳,双鸭山,9.24372e-05
恩施土家族苗族自治州,双鸭山,9.24372e-05
白山,双鸭山,9.24372e-05
松原,双鸭山,9.24372e-05
秦皇岛,双鸭山,9.24372e-05
贺州,双鸭山,9.24372e-05
三亚,双鸭山,9.24372e-05
济南,双鸭山,9.24372e-05
金华,双鸭山,9.24372e-05
重庆,双鸭山,9.24372e-05
保定,双鸭山,9.24372e-05
锦州,双鸭山,9.24372e-05
广州,双鸭山,6.470604e-05
聊城,双鸭山,6.470604e-05
南通,双鸭山,6.470604e-05
宜昌,双鸭山,6.470604e-05
中山,双鸭山,6.470604e-05
石家庄,双鸭山,6.470604e-05
保亭黎族苗族自治县,双鸭山,6.470604e-05
宿州,双鸭山,6.470604e-05
呼和浩特,双鸭山,6.470604e-05
沧州,双鸭山,6.470604e-05
苏州,双鸭山,6.470604e-05
淄博,双鸭山,6.470604e-05
凉山彝族自治州,双鸭山,6.470604e-05
昭通,双鸭山,6.470604e-05
揭阳,双鸭山,6.470604e-05
玉林,双鸭山,6.470604e-05
驻马店,双鸭山,6.470604e-05
临沂,双鸭山,6.470604e-05
亳州,双鸭山,2.773116e-05
毕节,双鸭山,2.773116e-05
孝感,双鸭山,2.773116e-05
临汾,双鸭山,2.773116e-05
蚌埠,双鸭山,2.773116e-05
赤峰,双鸭山,2.773116e-05
防城港,双鸭山,2.773116e-05
黔西南布依族苗族自治州,双鸭山,2.773116e-05
郴州,双鸭山,2.773116e-05
清远,双鸭山,2.773116e-05
宝鸡,双鸭山,2.773116e-05
枣庄,双鸭山,2.773116e-05
鄂尔多斯,双鸭山,2.773116e-05
葫芦岛,双鸭山,2.773116e-05
丹东,双鸭山,2.773116e-05
成都,双鸭山,2.773116e-05
大兴安岭地区,双鸭山,2.773116e-05
莆田,双鸭山,2.773116e-05
通辽,双鸭山,2.773116e-05
荆州,双鸭山,2.773116e-05
韶关,双鸭山,2.773116e-05
东方,双鸭山,2.773116e-05
信阳,双鸭山,2.773116e-05
潮州,双鸭山,2.773116e-05
南昌,双鸭山,2.773116e-05
铜仁,双鸭山,2.773116e-05
泰州,双鸭山,2.773116e-05
西安,双鸭山,2.773116e-05
湖州,双鸭山,2.773116e-05
兴安盟,双鸭山,2.773116e-05
阜新,双鸭山,2.773116e-05
永州,双鸭山,2.773116e-05
鞍山,双鸭山,2.773116e-05
渭南,双鸭山,2.773116e-05
邵阳,双鸭山,2.773116e-05
常德,双鸭山,2.773116e-05
绥化,大庆,0.10584672084
齐齐哈尔,大庆,0.05009742756
哈尔滨,大庆,0.0498607002
松原,大庆,0.01609746048
长春,大庆,0.00571104756
呼伦贝尔,大庆,0.00405395604
黑河,大庆,0.00402436512
牡丹江,大庆,0.00352131948
佳木斯,大庆,0.002959092
大连,大庆,0.0028111373999999
沈阳,大庆,0.00269277372
北京,大庆,0.00227850084
伊春,大庆,0.0022489099199999
白城,大庆,0.0021305462399999
鸡西,大庆,0.0020713643999999
天津,大庆,0.0019825916399999
大兴安岭地区,大庆,0.001479546
青岛,大庆,0.0013907732399999
三亚,大庆,0.0013020004799999
上海,大庆,0.0012132277199999
鹤岗,大庆,0.0012132277199999
吉林,大庆,0.0012132277199999
双鸭山,大庆,0.0011836368
四平,大庆,0.0008877275999999
盘锦,大庆,0.0008877275999999
兴安盟,大庆,0.0008877275999999
通辽,大庆,0.00085813668
七台河,大庆,0.00082854576
烟台,大庆,0.00071018208
营口,大庆,0.0006510002399999
菏泽,大庆,0.00062140932
威海,大庆,0.0005918184
深圳,大庆,0.0005918184
铁岭,大庆,0.0005918184
秦皇岛,大庆,0.0005622274799999
邯郸,大庆,0.0005622274799999
唐山,大庆,0.00050304564
廊坊,大庆,0.00047345472
丹东,大庆,0.00047345472
沧州,大庆,0.0004438637999999
乐东黎族自治县,大庆,0.0004438637999999
济南,大庆,0.0004438637999999
锦州,大庆,0.00041427288
延边朝鲜族自治州,大庆,0.0003846819599999
赤峰,大庆,0.0003846819599999
抚顺,大庆,0.0003846819599999
济宁,大庆,0.00035509104
朝阳,大庆,0.00035509104
陵水黎族自治县,大庆,0.00035509104
鞍山,大庆,0.00035509104
葫芦岛,大庆,0.0002959092
辽阳,大庆,0.0002663182799999
白山,大庆,0.0002663182799999
南通,大庆,0.0002663182799999
杭州,大庆,0.0002663182799999
东营,大庆,0.0002663182799999
保定,大庆,0.00023672736
莆田,大庆,0.00023672736
镇江,大庆,0.00020713644
潍坊,大庆,0.00020713644
银川,大庆,0.00020713644
徐州,大庆,0.00020713644
辽源,大庆,0.00020713644
重庆,大庆,0.00017754552
洛阳,大庆,0.00017754552
扬州,大庆,0.00017754552
成都,大庆,0.00017754552
琼海,大庆,0.00017754552
北海,大庆,0.0001479546
阜新,大庆,0.0001479546
宝鸡,大庆,0.0001479546
商丘,大庆,0.0001479546
东方,大庆,0.0001479546
郑州,大庆,0.0001479546
汕头,大庆,0.0001479546
泰安,大庆,0.0001479546
西安,大庆,0.0001479546
盐城,大庆,0.00011836368
珠海,大庆,0.00011836368
通化,大庆,0.00011836368
淄博,大庆,0.00011836368
长沙,大庆,0.00011836368
承德,大庆,0.00011836368
德州,大庆,0.00011836368
贵阳,大庆,0.00011836368
苏州,大庆,0.00011836368
石家庄,大庆,0.00011836368
保亭黎族苗族自治县,大庆,0.00011836368
滨州,大庆,0.00011836368
惠州,大庆,0.00011836368
安阳,大庆,0.00011836368
南京,大庆,0.00011836368
万宁,大庆,0.00011836368
金华,大庆,0.00011836368
舟山,大庆,0.00011836368
广州,大庆,0.00011836368
五指山,大庆,0.00011836368
湛江,大庆,8.877276e-05
本溪,大庆,8.877276e-05
襄阳,大庆,8.877276e-05
哈尔滨,伊春,0.00945798768
绥化,伊春,0.00864780624
佳木斯,伊春,0.0079344943199999
黑河,伊春,0.00330237
鹤岗,伊春,0.00246136644
大庆,伊春,0.0013605764399999
齐齐哈尔,伊春,0.0012593037599999
双鸭山,伊春,0.0010039204799999
北京,伊春,0.0008718256799999
牡丹江,伊春,0.0006780866399999
沈阳,伊春,0.0005151697199999
廊坊,伊春,0.0004183002
长春,伊春,0.0004183002
七台河,伊春,0.00032143068
天津,伊春,0.00029060856
青岛,伊春,0.00029060856
大连,伊春,0.0002245611599999
阜新,伊春,0.0002245611599999
南京,伊春,0.0001937390399999
鸡西,伊春,0.0001937390399999
鞍山,伊春,0.0001585137599999
日照,伊春,0.0001585137599999
秦皇岛,伊春,0.0001585137599999
临沂,伊春,0.0001585137599999
丹东,伊春,0.0001276916399999
三亚,伊春,0.0001276916399999
杭州,伊春,0.0001276916399999
吉林,伊春,0.0001276916399999
呼伦贝尔,伊春,0.0001276916399999
东莞,伊春,0.0001276916399999
松原,伊春,9.686952e-05
唐山,伊春,9.686952e-05
白城,伊春,9.686952e-05
深圳,伊春,9.686952e-05
厦门,伊春,9.686952e-05
锦州,伊春,9.686952e-05
四平,伊春,9.686952e-05
潍坊,伊春,9.686952e-05
上海,伊春,9.686952e-05
北海,伊春,6.164424e-05
鹤壁,伊春,6.164424e-05
成都,伊春,6.164424e-05
铁岭,伊春,6.164424e-05
温州,伊春,6.164424e-05
绵阳,伊春,6.164424e-05
无锡,伊春,6.164424e-05
郑州,伊春,6.164424e-05
赤峰,伊春,6.164424e-05
衡水,伊春,3.082212e-05
滨州,伊春,3.082212e-05
张家口,伊春,3.082212e-05
盘锦,伊春,3.082212e-05
平顶山,伊春,3.082212e-05
烟台,伊春,3.082212e-05
辽源,伊春,3.082212e-05
上饶,伊春,3.082212e-05
琼海,伊春,3.082212e-05
白山,伊春,3.082212e-05
河源,伊春,3.082212e-05
德州,伊春,3.082212e-05
通化,伊春,3.082212e-05
佛山,伊春,3.082212e-05
济南,伊春,3.082212e-05
南通,伊春,3.082212e-05
荆州,伊春,3.082212e-05
常州,伊春,3.082212e-05
苏州,伊春,3.082212e-05
焦作,伊春,3.082212e-05
东方,伊春,3.082212e-05
抚顺,伊春,3.082212e-05
大兴安岭地区,伊春,3.082212e-05
锡林郭勒盟,伊春,3.082212e-05
邯郸,伊春,3.082212e-05
威海,伊春,3.082212e-05
绍兴,伊春,3.082212e-05
漳州,伊春,3.082212e-05
营口,伊春,3.082212e-05
乐东黎族自治县,伊春,3.082212e-05
延边朝鲜族自治州,伊春,3.082212e-05
辽阳,伊春,3.082212e-05
双鸭山,佳木斯,0.06401806812
鹤岗,佳木斯,0.04107672
哈尔滨,佳木斯,0.0350179038
七台河,佳木斯,0.01556807688
伊春,佳木斯,0.01026918
牡丹江,佳木斯,0.00529889688
鸡西,佳木斯,0.00490866804
绥化,佳木斯,0.0042103638
齐齐哈尔,佳木斯,0.00244406484
大庆,佳木斯,0.00160199208
北京,佳木斯,0.00158145372
长春,佳木斯,0.0014171468399999
大连,佳木斯,0.0014171468399999
沈阳,佳木斯,0.0009858412799999
天津,佳木斯,0.0009036878399999
黑河,佳木斯,0.00069830424
杭州,佳木斯,0.00067776588
深圳,佳木斯,0.00067776588
松原,佳木斯,0.00053399736
青岛,佳木斯,0.00053399736
四平,佳木斯,0.0004518439199999
上海,佳木斯,0.0004518439199999
烟台,佳木斯,0.00034915212
吉林,佳木斯,0.0003080753999999
广州,佳木斯,0.0003080753999999
廊坊,佳木斯,0.0003080753999999
大兴安岭地区,佳木斯,0.0003080753999999
呼伦贝尔,佳木斯,0.00028753704
朝阳,佳木斯,0.0002464603199999
秦皇岛,佳木斯,0.0002464603199999
铁岭,佳木斯,0.0002464603199999
威海,佳木斯,0.0002464603199999
济南,佳木斯,0.0002259219599999
保定,佳木斯,0.0002259219599999
临沂,佳木斯,0.0001848452399999
通化,佳木斯,0.0001848452399999
通辽,佳木斯,0.0001848452399999
鞍山,佳木斯,0.0001848452399999
赤峰,佳木斯,0.0001848452399999
三亚,佳木斯,0.0001848452399999
抚顺,佳木斯,0.0001848452399999
德州,佳木斯,0.00014376852
辽源,佳木斯,0.00014376852
苏州,佳木斯,0.00014376852
唐山,佳木斯,0.00014376852
武汉,佳木斯,0.00014376852
日照,佳木斯,0.0001232301599999
盘锦,佳木斯,0.0001232301599999
锦州,佳木斯,0.0001232301599999
重庆,佳木斯,0.0001232301599999
漳州,佳木斯,8.215344e-05
营口,佳木斯,8.215344e-05
嘉兴,佳木斯,8.215344e-05
徐州,佳木斯,8.215344e-05
成都,佳木斯,8.215344e-05
丹东,佳木斯,8.215344e-05
泰州,佳木斯,8.215344e-05
衡水,佳木斯,8.215344e-05
延边朝鲜族自治州,佳木斯,8.215344e-05
潍坊,佳木斯,8.215344e-05
上饶,佳木斯,8.215344e-05
西安,佳木斯,6.161507999999999e-05
无锡,佳木斯,6.161507999999999e-05
南京,佳木斯,6.161507999999999e-05
陵水黎族自治县,佳木斯,6.161507999999999e-05
阜新,佳木斯,6.161507999999999e-05
北海,佳木斯,6.161507999999999e-05
贵阳,佳木斯,6.161507999999999e-05
东营,佳木斯,6.161507999999999e-05
葫芦岛,佳木斯,6.161507999999999e-05
长沙,佳木斯,6.161507999999999e-05
佛山,佳木斯,6.161507999999999e-05
锡林郭勒盟,佳木斯,6.161507999999999e-05
亳州,佳木斯,6.161507999999999e-05
南昌,佳木斯,6.161507999999999e-05
南通,佳木斯,6.161507999999999e-05
白山,佳木斯,6.161507999999999e-05
阜阳,佳木斯,6.161507999999999e-05
阳泉,佳木斯,6.161507999999999e-05
湛江,佳木斯,6.161507999999999e-05
辽阳,佳木斯,6.161507999999999e-05
宜春,佳木斯,6.161507999999999e-05
中山,佳木斯,6.161507999999999e-05
西双版纳傣族自治州,佳木斯,6.161507999999999e-05
焦作,佳木斯,6.161507999999999e-05
枣庄,佳木斯,6.161507999999999e-05
东方,佳木斯,6.161507999999999e-05
信阳,佳木斯,2.053836e-05
巴彦淖尔,佳木斯,2.053836e-05
茂名,佳木斯,2.053836e-05
大理白族自治州,佳木斯,2.053836e-05
西宁,佳木斯,2.053836e-05
菏泽,佳木斯,2.053836e-05
龙岩,佳木斯,2.053836e-05
绍兴,佳木斯,2.053836e-05
张家口,佳木斯,2.053836e-05
宁波,佳木斯,2.053836e-05
宝鸡,佳木斯,2.053836e-05
淮安,佳木斯,2.053836e-05
呼和浩特,佳木斯,2.053836e-05
佳木斯,七台河,0.01480344012
哈尔滨,七台河,0.00997917732
鸡西,七台河,0.00822834936
牡丹江,七台河,0.00621733644
双鸭山,七台河,0.00585958212
鹤岗,七台河,0.00077513436
北京,七台河,0.00064504188
大庆,七台河,0.00048242628
长春,七台河,0.00044990316
大连,七台河,0.00044990316
齐齐哈尔,七台河,0.00041738004
青岛,七台河,0.00041738004
绥化,七台河,0.00041738004
沈阳,七台河,0.00041738004
伊春,七台河,0.00028728756
三亚,七台河,0.00028728756
松原,七台河,0.00022224132
天津,七台河,0.0001897182
吉林,七台河,0.0001897182
深圳,七台河,0.00015719508
鞍山,七台河,0.00015719508
上海,七台河,0.00015719508
丹东,七台河,0.00015719508
宿州,七台河,0.00015719508
白山,七台河,0.00015719508
葫芦岛,七台河,0.00012467196
本溪,七台河,0.00012467196
邢台,七台河,0.00012467196
威海,七台河,0.00012467196
苏州,七台河,0.00012467196
四平,七台河,9.214884000000002e-05
潍坊,七台河,9.214884000000002e-05
延边朝鲜族自治州,七台河,9.214884000000002e-05
黑河,七台河,9.214884000000002e-05
廊坊,七台河,9.214884000000002e-05
常州,七台河,9.214884000000002e-05
海口,七台河,5.962572e-05
朝阳,七台河,5.962572e-05
南昌,七台河,5.962572e-05
镇江,七台河,5.962572e-05
杭州,七台河,5.962572e-05
抚顺,七台河,5.962572e-05
锦州,七台河,2.7102600000000004e-05
平凉,七台河,2.7102600000000004e-05
宿迁,七台河,2.7102600000000004e-05
通化,七台河,2.7102600000000004e-05
日照,七台河,2.7102600000000004e-05
成都,七台河,2.7102600000000004e-05
辽阳,七台河,2.7102600000000004e-05
桂林,七台河,2.7102600000000004e-05
临汾,七台河,2.7102600000000004e-05
银川,七台河,2.7102600000000004e-05
重庆,七台河,2.7102600000000004e-05
盘锦,七台河,2.7102600000000004e-05
秦皇岛,七台河,2.7102600000000004e-05
营口,七台河,2.7102600000000004e-05
东莞,七台河,2.7102600000000004e-05
贵阳,七台河,2.7102600000000004e-05
厦门,七台河,2.7102600000000004e-05
沧州,七台河,2.7102600000000004e-05
连云港,七台河,2.7102600000000004e-05
太原,七台河,2.7102600000000004e-05
呼伦贝尔,七台河,2.7102600000000004e-05
临沂,七台河,2.7102600000000004e-05
东方,七台河,2.7102600000000004e-05
北海,七台河,2.7102600000000004e-05
南通,七台河,2.7102600000000004e-05
哈尔滨,牡丹江,0.0306123818399999
鸡西,牡丹江,0.0242972784
七台河,牡丹江,0.00715784688
延边朝鲜族自治州,牡丹江,0.0051111842399999
佳木斯,牡丹江,0.0045967824
齐齐哈尔,牡丹江,0.0028456272
绥化,牡丹江,0.0022983912
北京,牡丹江,0.00223272288
长春,牡丹江,0.0021013862399999
大庆,牡丹江,0.00203571792
伊春,牡丹江,0.00174021048
双鸭山,牡丹江,0.00170737632
大连,牡丹江,0.00170737632
沈阳,牡丹江,0.0013243111199999
青岛,牡丹江,0.0012586428
吉林,牡丹江,0.00112730616
天津,牡丹江,0.0009631353599999
鹤岗,牡丹江,0.0007114068
黑河,牡丹江,0.0007114068
丹东,牡丹江,0.0007114068
烟台,牡丹江,0.0006457384799999
临沂,牡丹江,0.0004815676799999
潍坊,牡丹江,0.0004487335199999
深圳,牡丹江,0.0004487335199999
上海,牡丹江,0.00041589936
廊坊,牡丹江,0.0003830652
秦皇岛,牡丹江,0.0003830652
三亚,牡丹江,0.0003173968799999
鞍山,牡丹江,0.00028456272
莆田,牡丹江,0.00028456272
白山,牡丹江,0.00025172856
白城,牡丹江,0.00025172856
抚顺,牡丹江,0.00025172856
呼伦贝尔,牡丹江,0.00025172856
营口,牡丹江,0.00025172856
大兴安岭地区,牡丹江,0.00025172856
唐山,牡丹江,0.0002188944
松原,牡丹江,0.0002188944
威海,牡丹江,0.0002188944
沧州,牡丹江,0.0002188944
通化,牡丹江,0.0002188944
东营,牡丹江,0.0001860602399999
济南,牡丹江,0.0001860602399999
朝阳,牡丹江,0.0001860602399999
盘锦,牡丹江,0.00015322608
菏泽,牡丹江,0.00015322608
淄博,牡丹江,0.00015322608
惠州,牡丹江,0.00015322608
亳州,牡丹江,0.00015322608
杭州,牡丹江,0.00015322608
辽源,牡丹江,0.00015322608
苏州,牡丹江,0.00015322608
重庆,牡丹江,0.00015322608
四平,牡丹江,0.00015322608
锦州,牡丹江,0.00015322608
海口,牡丹江,0.00015322608
武汉,牡丹江,0.0001203919199999
本溪,牡丹江,0.0001203919199999
聊城,牡丹江,0.0001203919199999
长沙,牡丹江,0.0001203919199999
南京,牡丹江,0.0001203919199999
铁岭,牡丹江,0.0001203919199999
辽阳,牡丹江,0.0001203919199999
西安,牡丹江,0.0001203919199999
太原,牡丹江,0.0001203919199999
福州,牡丹江,0.0001203919199999
通辽,牡丹江,0.0001203919199999
乌鲁木齐,牡丹江,8.755776e-05
葫芦岛,牡丹江,8.755776e-05
日照,牡丹江,8.755776e-05
嘉兴,牡丹江,8.755776e-05
保定,牡丹江,8.755776e-05
兰州,牡丹江,8.755776e-05
北海,牡丹江,8.755776e-05
广州,牡丹江,8.755776e-05
石家庄,牡丹江,8.755776e-05
宁波,牡丹江,8.755776e-05
南通,牡丹江,5.47236e-05
驻马店,牡丹江,5.47236e-05
衡水,牡丹江,5.47236e-05
濮阳,牡丹江,5.47236e-05
赣州,牡丹江,5.47236e-05
徐州,牡丹江,5.47236e-05
德州,牡丹江,5.47236e-05
绍兴,牡丹江,5.47236e-05
连云港,牡丹江,5.47236e-05
佛山,牡丹江,5.47236e-05
邯郸,牡丹江,5.47236e-05
淮北,牡丹江,5.47236e-05
大同,牡丹江,5.47236e-05
赤峰,牡丹江,5.47236e-05
济宁,牡丹江,5.47236e-05
厦门,牡丹江,5.47236e-05
温州,牡丹江,2.188944e-05
遂宁,牡丹江,2.188944e-05
滨州,牡丹江,2.188944e-05
三门峡,牡丹江,2.188944e-05
商丘,牡丹江,2.188944e-05
东莞,牡丹江,2.188944e-05
无锡,牡丹江,2.188944e-05
齐齐哈尔,黑河,0.03217061448
哈尔滨,黑河,0.0132447636
呼伦贝尔,黑河,0.0089714530799999
绥化,黑河,0.0060559390799999
大兴安岭地区,黑河,0.00339865632
大庆,黑河,0.0024573618
伊春,黑河,0.00209917008
沈阳,黑河,0.00089964432
双鸭山,黑河,0.0007080534
大连,黑河,0.00064141308
长春,黑河,0.00064141308
北京,黑河,0.00064141308
上海,黑河,0.0005831027999999
佳木斯,黑河,0.00054978264
天津,黑河,0.00051646248
牡丹江,黑河,0.00051646248
青岛,黑河,0.0004831423199999
鹤岗,黑河,0.000416502
阜新,黑河,0.0003498616799999
秦皇岛,黑河,0.0003498616799999
鸡西,黑河,0.0002915513999999
三亚,黑河,0.00025823124
深圳,黑河,0.00025823124
廊坊,黑河,0.00025823124
兴安盟,黑河,0.00025823124
营口,黑河,0.00025823124
杭州,黑河,0.0001915909199999
七台河,黑河,0.0001915909199999
铁岭,黑河,0.0001915909199999
烟台,黑河,0.0001915909199999
通化,黑河,0.0001915909199999
广州,黑河,0.0001582707599999
葫芦岛,黑河,0.0001582707599999
苏州,黑河,0.0001582707599999
四平,黑河,0.0001582707599999
吉林,黑河,0.0001582707599999
鞍山,黑河,0.0001582707599999
威海,黑河,0.0001249506
临沂,黑河,0.0001249506
重庆,黑河,0.0001249506
菏泽,黑河,0.0001249506
保定,黑河,0.0001249506
淄博,黑河,0.0001249506
抚顺,黑河,0.0001249506
唐山,黑河,0.0001249506
石家庄,黑河,0.0001249506
张家口,黑河,9.163044e-05
南京,黑河,9.163044e-05
南阳,黑河,9.163044e-05
东营,黑河,9.163044e-05
德州,黑河,9.163044e-05
日照,黑河,9.163044e-05
成都,黑河,9.163044e-05
珠海,黑河,5.831028e-05
潍坊,黑河,5.831028e-05
辽源,黑河,5.831028e-05
延边朝鲜族自治州,黑河,5.831028e-05
盘锦,黑河,5.831028e-05
北海,黑河,5.831028e-05
西安,黑河,5.831028e-05
锦州,黑河,5.831028e-05
沧州,黑河,5.831028e-05
孝感,黑河,5.831028e-05
辽阳,黑河,5.831028e-05
太原,黑河,5.831028e-05
合肥,黑河,5.831028e-05
乐东黎族自治县,黑河,2.499012e-05
阜阳,黑河,2.499012e-05
大同,黑河,2.499012e-05
海口,黑河,2.499012e-05
郑州,黑河,2.499012e-05
商丘,黑河,2.499012e-05
松原,黑河,2.499012e-05
银川,黑河,2.499012e-05
亳州,黑河,2.499012e-05
本溪,黑河,2.499012e-05
驻马店,黑河,2.499012e-05
盐城,黑河,2.499012e-05
贵阳,黑河,2.499012e-05
云浮,黑河,2.499012e-05
咸阳,黑河,2.499012e-05
西双版纳傣族自治州,黑河,2.499012e-05
宿州,黑河,2.499012e-05
塔城地区,黑河,2.499012e-05
呼和浩特,黑河,2.499012e-05
中山,黑河,2.499012e-05
朝阳,黑河,2.499012e-05
湖州,黑河,2.499012e-05
漯河,黑河,2.499012e-05
南昌,黑河,2.499012e-05
昭通,黑河,2.499012e-05
六安,黑河,2.499012e-05
南宁,黑河,2.499012e-05
长沙,黑河,2.499012e-05
湛江,黑河,2.499012e-05
宁波,黑河,2.499012e-05
东方,黑河,2.499012e-05
绍兴,黑河,2.499012e-05
信阳,黑河,2.499012e-05
常德,黑河,2.499012e-05
哈尔滨,绥化,0.10709687808
大庆,绥化,0.07570148544
齐齐哈尔,绥化,0.0131489049599999
伊春,绥化,0.0073843488
黑河,绥化,0.005359608
沈阳,绥化,0.00219148416
长春,绥化,0.00209620224
北京,绥化,0.00209620224
大连,绥化,0.00150069024
佳木斯,绥化,0.00147686976
廊坊,绥化,0.0011433830399999
牡丹江,绥化,0.0011195625599999
呼伦贝尔,绥化,0.00085753728
天津,绥化,0.0008337167999999
大兴安岭地区,绥化,0.00066697344
鸡西,绥化,0.00054787104
双鸭山,绥化,0.00054787104
松原,绥化,0.00050023008
唐山,绥化,0.0004764096
秦皇岛,绥化,0.00045258912
鹤岗,绥化,0.00045258912
三亚,绥化,0.00038112768
铁岭,绥化,0.00038112768
上海,绥化,0.00038112768
青岛,绥化,0.00038112768
营口,绥化,0.00038112768
四平,绥化,0.00030966624
德州,绥化,0.00030966624
苏州,绥化,0.0002858457599999
保定,绥化,0.0002858457599999
杭州,绥化,0.0002382048
辽源,绥化,0.00021438432
潍坊,绥化,0.00021438432
烟台,绥化,0.00019056384
赤峰,绥化,0.00019056384
武汉,绥化,0.00019056384
吉林,绥化,0.00019056384
白城,绥化,0.00019056384
威海,绥化,0.00019056384
南京,绥化,0.00019056384
沧州,绥化,0.00019056384
广州,绥化,0.0001429228799999
南通,绥化,0.0001429228799999
通辽,绥化,0.0001429228799999
盘锦,绥化,0.0001429228799999
延边朝鲜族自治州,绥化,0.0001429228799999
菏泽,绥化,0.0001429228799999
辽阳,绥化,0.0001429228799999
阜新,绥化,0.0001429228799999
七台河,绥化,0.0001429228799999
温州,绥化,0.0001191024
兴安盟,绥化,0.0001191024
鞍山,绥化,0.0001191024
临沂,绥化,0.0001191024
抚顺,绥化,0.0001191024
无锡,绥化,0.0001191024
邯郸,绥化,0.0001191024
重庆,绥化,0.0001191024
葫芦岛,绥化,0.0001191024
郑州,绥化,0.0001191024
西安,绥化,9.528192e-05
北海,绥化,9.528192e-05
荆门,绥化,9.528192e-05
丹东,绥化,9.528192e-05
本溪,绥化,9.528192e-05
深圳,绥化,9.528192e-05
朝阳,绥化,9.528192e-05
泰安,绥化,9.528192e-05
锦州,绥化,9.528192e-05
宁波,绥化,9.528192e-05
南宁,绥化,4.764096e-05
扬州,绥化,4.764096e-05
陵水黎族自治县,绥化,4.764096e-05
肇庆,绥化,4.764096e-05
阿克苏地区,绥化,4.764096e-05
中山,绥化,4.764096e-05
南充,绥化,4.764096e-05
石家庄,绥化,4.764096e-05
广元,绥化,4.764096e-05
济南,绥化,4.764096e-05
黄石,绥化,4.764096e-05
保亭黎族苗族自治县,绥化,4.764096e-05
株洲,绥化,4.764096e-05
邢台,绥化,4.764096e-05
大同,绥化,4.764096e-05
厦门,绥化,4.764096e-05
湛江,绥化,4.764096e-05
衡水,绥化,4.764096e-05
张家口,绥化,4.764096e-05
日照,绥化,4.764096e-05
桂林,绥化,4.764096e-05
东营,绥化,4.764096e-05
海口,绥化,4.764096e-05
常德,绥化,2.382048e-05
巴音郭楞蒙古自治州,绥化,2.382048e-05
淄博,绥化,2.382048e-05
白山,绥化,2.382048e-05
阜阳,绥化,2.382048e-05
河池,绥化,2.382048e-05
嘉兴,绥化,2.382048e-05
呼伦贝尔,大兴安岭地区,0.0068685408
黑河,大兴安岭地区,0.0030771576
哈尔滨,大兴安岭地区,0.0029467151999999
齐齐哈尔,大兴安岭地区,0.0029146392
大庆,大兴安岭地区,0.001165428
绥化,大兴安岭地区,0.0004533408
长春,大兴安岭地区,0.0003549744
沈阳,大兴安岭地区,0.0003228984
鸡西,大兴安岭地区,0.0002587464
北京,大兴安岭地区,0.0002266704
青岛,大兴安岭地区,0.0002266704
牡丹江,大兴安岭地区,0.0002266704
佳木斯,大兴安岭地区,0.00016038
鹤岗,大兴安岭地区,0.000128304
威海,大兴安岭地区,0.000128304
鞍山,大兴安岭地区,9.6228e-05
葫芦岛,大兴安岭地区,9.6228e-05
秦皇岛,大兴安岭地区,9.6228e-05
三亚,大兴安岭地区,9.6228e-05
伊春,大兴安岭地区,9.6228e-05
营口,大兴安岭地区,9.6228e-05
廊坊,大兴安岭地区,6.4152e-05
唐山,大兴安岭地区,6.4152e-05
天津,大兴安岭地区,6.4152e-05
上海,大兴安岭地区,6.4152e-05
日照,大兴安岭地区,6.4152e-05
连云港,大兴安岭地区,6.4152e-05
大连,大兴安岭地区,6.4152e-05
重庆,大兴安岭地区,6.4152e-05
成都,大兴安岭地区,6.4152e-05
商洛,大兴安岭地区,3.2076e-05
铁岭,大兴安岭地区,3.2076e-05
潍坊,大兴安岭地区,3.2076e-05
盘锦,大兴安岭地区,3.2076e-05
松原,大兴安岭地区,3.2076e-05
广州,大兴安岭地区,3.2076e-05
承德,大兴安岭地区,3.2076e-05
邵阳,大兴安岭地区,3.2076e-05
通辽,大兴安岭地区,3.2076e-05
漳州,大兴安岭地区,3.2076e-05
锦州,大兴安岭地区,3.2076e-05
黔南布依族苗族自治州,大兴安岭地区,3.2076e-05
福州,大兴安岭地区,3.2076e-05
海口,大兴安岭地区,3.2076e-05
陵水黎族自治县,大兴安岭地区,3.2076e-05
双鸭山,大兴安岭地区,3.2076e-05
乐山,大兴安岭地区,3.2076e-05
吉林,大兴安岭地区,3.2076e-05
防城港,大兴安岭地区,3.2076e-05
烟台,大兴安岭地区,3.2076e-05
苏州,大兴安岭地区,3.2076e-05
佛山,大兴安岭地区,3.2076e-05
乌兰察布,大兴安岭地区,3.2076e-05
苏州,上海,1.0489430826
南通,上海,0.49756148316
盐城,上海,0.36026526816
阜阳,上海,0.3251174371199999
淮南,上海,0.2526250356
安庆,上海,0.2251657925999999
六安,上海,0.2229690531599999
嘉兴,上海,0.21857557428
周口,上海,0.21198535596
合肥,上海,0.20210002848
信阳,上海,0.20100165876
杭州,上海,0.19550981016
亳州,上海,0.19550981016
无锡,上海,0.18891959184
宿州,上海,0.18782122212
宿迁,上海,0.18232937352
泰州,上海,0.1812310038
徐州,上海,0.17903426436
芜湖,上海,0.1757391552
商丘,上海,0.17244404604
蚌埠,上海,0.15706686996
淮安,上海,0.1559685002399999
上饶,上海,0.1515750213599999
滁州,上海,0.1482799122
宣城,上海,0.14059132416
扬州,上海,0.1263125178
南京,上海,0.11862392976
宁波,上海,0.11862392976
菏泽,上海,0.1153288206
常州,上海,0.11203371144
临沂,上海,0.10324675368
重庆,上海,0.10105001424
抚州,上海,0.09995164452
驻马店,上海,0.0988532748
九江,上海,0.09665653536
连云港,上海,0.09555816564
绍兴,上海,0.09226305648
温州,上海,0.09006631704
黄冈,上海,0.09006631704
南阳,上海,0.07029566208
池州,上海,0.07029566208
台州,上海,0.06919729236
镇江,上海,0.06260707404
淮北,上海,0.0604103346
宜春,上海,0.05931196488
南昌,上海,0.05711522544
枣庄,上海,0.05272174656
金华,上海,0.05272174656
南平,上海,0.05272174656
湖州,上海,0.05162337684
赣州,上海,0.05162337684
北京,上海,0.05052500712
吉安,上海,0.05052500712
宁德,上海,0.0494266374
铜陵,上海,0.04722989796
济宁,上海,0.04613152824
武汉,上海,0.04503315852
马鞍山,上海,0.04173804936
舟山,上海,0.04173804936
福州,上海,0.0384429402
黄山,上海,0.0384429402
洛阳,上海,0.0384429402
郑州,上海,0.03734457048
开封,上海,0.03404946132
成都,上海,0.0329510916
许昌,上海,0.0329510916
巴中,上海,0.03185272188
西安,上海,0.03075435216
青岛,上海,0.02965598244
濮阳,上海,0.02855761272
襄阳,上海,0.02855761272
长沙,上海,0.027459243
深圳,上海,0.027459243
荆州,上海,0.027459243
平顶山,上海,0.02636087328
运城,上海,0.02636087328
三亚,上海,0.02636087328
衡阳,上海,0.02526250356
衢州,上海,0.02526250356
泉州,上海,0.02416413384
新乡,上海,0.02416413384
南充,上海,0.02416413384
安阳,上海,0.02306576412
天津,上海,0.02306576412
景德镇,上海,0.02306576412
邵阳,上海,0.02306576412
莆田,上海,0.02306576412
广州,上海,0.0219673944
鹰潭,上海,0.0219673944
济南,上海,0.0219673944
岳阳,上海,0.02086902468
株洲,上海,0.02086902468
三明,上海,0.02086902468
漯河,上海,0.02086902468
孝感,上海,0.0197706549599999
大连,上海,0.0197706549599999
咸宁,上海,0.0197706549599999
聊城,上海,0.01867228524
丽水,上海,0.01867228524
焦作,上海,0.01757391552
镇江,南京,0.46222285824
滁州,南京,0.421296876
淮安,南京,0.37495421964
宿迁,南京,0.3671301348
徐州,南京,0.34425973296
扬州,南京,0.29972263464
马鞍山,南京,0.27865779084
盐城,南京,0.27143555868
南通,南京,0.24615774612
泰州,南京,0.20523176388
连云港,南京,0.1775465406
常州,南京,0.1655094869999999
宿州,南京,0.14986131732
无锡,南京,0.11675941992
芜湖,南京,0.11615756724
亳州,南京,0.11013904044
苏州,南京,0.10652792436
合肥,南京,0.1017131029199999
蚌埠,南京,0.0993056921999999
阜阳,南京,0.09268531272
安庆,南京,0.08907419664
宣城,南京,0.0830556698399999
六安,南京,0.06500008944
上海,南京,0.06379638408
商丘,南京,0.045138951
淮北,南京,0.0427315402799999
周口,南京,0.04032412956
淮南,南京,0.03972227688
信阳,南京,0.03791671884
铜陵,南京,0.0361111608
池州,南京,0.02949078132
杭州,南京,0.02587966524
临沂,南京,0.02287040184
菏泽,南京,0.02166669648
重庆,南京,0.01865743308
驻马店,南京,0.01745372772
九江,南京,0.01564816968
济宁,南京,0.01564816968
枣庄,南京,0.015046317
南昌,南京,0.01444446432
黄山,南京,0.01444446432
上饶,南京,0.01444446432
南阳,南京,0.01444446432
郑州,南京,0.01324075896
黄冈,南京,0.01324075896
北京,南京,0.01324075896
洛阳,南京,0.01263890628
开封,南京,0.0120370536
青岛,南京,0.01143520092
新乡,南京,0.01023149556
温州,南京,0.01023149556
宁波,南京,0.01023149556
宜春,南京,0.01023149556
武汉,南京,0.01023149556
抚州,南京,0.00962964288
台州,南京,0.00962964288
济南,南京,0.0090277902
西安,南京,0.00842593752
潍坊,南京,0.00842593752
许昌,南京,0.00842593752
濮阳,南京,0.00842593752
平顶山,南京,0.00782408484
深圳,南京,0.00782408484
赣州,南京,0.00782408484
泉州,南京,0.00782408484
福州,南京,0.00782408484
湖州,南京,0.00722223216
泰安,南京,0.00722223216
天津,南京,0.00722223216
安阳,南京,0.00722223216
成都,南京,0.00722223216
烟台,南京,0.00662037948
漯河,南京,0.00662037948
吉安,南京,0.00662037948
聊城,南京,0.0060185268
金华,南京,0.0060185268
嘉兴,南京,0.0060185268
荆州,南京,0.0060185268
襄阳,南京,0.00541667412
德州,南京,0.00541667412
长沙,南京,0.00541667412
运城,南京,0.00541667412
岳阳,南京,0.00541667412
广州,南京,0.00541667412
莆田,南京,0.00541667412
绍兴,南京,0.00481482144
邯郸,南京,0.00481482144
景德镇,南京,0.00421296876
日照,南京,0.00421296876
焦作,南京,0.00421296876
孝感,南京,0.00421296876
临汾,南京,0.00421296876
衡阳,南京,0.00421296876
三亚,南京,0.00421296876
宁德,南京,0.00421296876
沧州,南京,0.00421296876
大连,南京,0.00421296876
沈阳,南京,0.00361111608
常德,南京,0.00361111608
黄石,南京,0.00361111608
盐城,无锡,0.37025621316
常州,无锡,0.32133347028
苏州,无锡,0.31540344084
泰州,无锡,0.240907446
淮安,无锡,0.1704883464
宿迁,无锡,0.1627051827599999
徐州,无锡,0.13861443816
连云港,无锡,0.129719394
南通,无锡,0.12564249876
上海,无锡,0.08635605372
扬州,无锡,0.0759785021999999
南京,无锡,0.07486662168
宿州,无锡,0.07375474116
六安,无锡,0.06819533856
阜阳,无锡,0.06745408488
镇江,无锡,0.0630065628
滁州,无锡,0.06189468228
亳州,无锡,0.05337026496
周口,无锡,0.04595772816
商丘,无锡,0.0444752208
信阳,无锡,0.0441045939599999
蚌埠,无锡,0.03483892296
菏泽,无锡,0.03187390824
合肥,无锡,0.03039140088
宣城,无锡,0.027797013
安庆,无锡,0.02668513248
重庆,无锡,0.02520262512
淮南,无锡,0.02446137144
芜湖,无锡,0.0211257298799999
南阳,无锡,0.0211257298799999
杭州,无锡,0.01927259568
驻马店,无锡,0.01890196884
湖州,无锡,0.01741946148
临沂,无锡,0.0148250736
铜陵,无锡,0.01445444676
马鞍山,无锡,0.01408381992
洛阳,无锡,0.01371319308
黄冈,无锡,0.0129719393999999
绵阳,无锡,0.01186005888
许昌,无锡,0.01148943204
淮北,无锡,0.01148943204
开封,无锡,0.0107481783599999
南充,无锡,0.0107481783599999
平顶山,无锡,0.0107481783599999
九江,无锡,0.01037755152
运城,无锡,0.01037755152
安阳,无锡,0.01037755152
嘉兴,无锡,0.01000692468
上饶,无锡,0.00963629784
抚州,无锡,0.00963629784
池州,无锡,0.00963629784
聊城,无锡,0.00963629784
济宁,无锡,0.009265671
枣庄,无锡,0.009265671
台州,无锡,0.009265671
温州,无锡,0.009265671
达州,无锡,0.0074125368
宁波,无锡,0.0074125368
汉中,无锡,0.00667128312
湘西土家族苗族自治州,无锡,0.00667128312
濮阳,无锡,0.00667128312
赣州,无锡,0.00667128312
南昌,无锡,0.00630065628
巴中,无锡,0.00593002944
宜春,无锡,0.00593002944
毕节,无锡,0.0055594026
新乡,无锡,0.00518877576
金华,无锡,0.00518877576
泰安,无锡,0.00481814892
潍坊,无锡,0.00481814892
恩施土家族苗族自治州,无锡,0.00481814892
吉安,无锡,0.00481814892
咸宁,无锡,0.00481814892
黄山,无锡,0.00444752208
宁德,无锡,0.00444752208
莆田,无锡,0.00444752208
绍兴,无锡,0.00444752208
郑州,无锡,0.0040768952399999
漯河,无锡,0.0040768952399999
遵义,无锡,0.0040768952399999
泉州,无锡,0.0040768952399999
青岛,无锡,0.0040768952399999
黔南布依族苗族自治州,无锡,0.0040768952399999
铜仁,无锡,0.0040768952399999
襄阳,无锡,0.0040768952399999
武汉,无锡,0.0040768952399999
渭南,无锡,0.0040768952399999
西安,无锡,0.0037062684
焦作,无锡,0.0037062684
福州,无锡,0.0037062684
成都,无锡,0.0037062684
北京,无锡,0.0037062684
荆州,无锡,0.0037062684
安顺,无锡,0.00333564156
沧州,无锡,0.00333564156
深圳,无锡,0.00333564156
昭通,无锡,0.00333564156
临汾,无锡,0.00296501472
天津,无锡,0.00296501472
长治,无锡,0.00296501472
宿州,徐州,0.41277765888
宿迁,徐州,0.15855035904
枣庄,徐州,0.0965311992
济宁,徐州,0.0869635051199999
临沂,徐州,0.07978773456
连云港,徐州,0.06458193504
南京,徐州,0.05689360944
商丘,徐州,0.04988869056
淮北,徐州,0.04373803008
菏泽,徐州,0.0416878099199999
苏州,徐州,0.0392958863999999
淮安,徐州,0.03092415408
盐城,徐州,0.02579860368
南通,徐州,0.02101475664
上海,徐州,0.0208439049599999
无锡,徐州,0.01896453648
扬州,徐州,0.0187936848
常州,徐州,0.01674346464
亳州,徐州,0.01571835456
阜阳,徐州,0.0153766512
泰州,徐州,0.01247217264
周口,徐州,0.01247217264
蚌埠,徐州,0.0102511008
合肥,徐州,0.00973854576
镇江,徐州,0.0093968424
济南,徐州,0.00888428736
郑州,徐州,0.00888428736
滁州,徐州,0.008542584
杭州,徐州,0.00803002896
开封,徐州,0.00734662224
聊城,徐州,0.0068340672
泰安,徐州,0.00666321552
青岛,徐州,0.00632151216
洛阳,徐州,0.00615066048
新乡,徐州,0.0059798088
潍坊,徐州,0.00563810544
安庆,徐州,0.00546725376
北京,徐州,0.00546725376
西安,徐州,0.00529640208
重庆,徐州,0.00495469872
南阳,徐州,0.00478384704
淮南,徐州,0.00478384704
宁波,徐州,0.00478384704
六安,徐州,0.00461299536
安阳,徐州,0.00461299536
濮阳,徐州,0.00461299536
运城,徐州,0.00444214368
温州,徐州,0.004271292
驻马店,徐州,0.00410044032
邯郸,徐州,0.00410044032
信阳,徐州,0.00410044032
芜湖,徐州,0.00375873696
天津,徐州,0.00375873696
德州,徐州,0.00358788528
焦作,徐州,0.0034170336
临汾,徐州,0.0034170336
许昌,徐州,0.00290447856
日照,徐州,0.00273362688
淄博,徐州,0.00273362688
武汉,徐州,0.00273362688
嘉兴,徐州,0.0025627752
马鞍山,徐州,0.0025627752
保定,徐州,0.0025627752
烟台,徐州,0.0025627752
南昌,徐州,0.00239192352
平顶山,徐州,0.00239192352
成都,徐州,0.00222107184
九江,徐州,0.00205022016
三门峡,徐州,0.00205022016
黄冈,徐州,0.00205022016
台州,徐州,0.00205022016
上饶,徐州,0.00205022016
长治,徐州,0.00205022016
池州,徐州,0.00205022016
石家庄,徐州,0.00205022016
黄山,徐州,0.00187936848
宣城,徐州,0.00187936848
抚州,徐州,0.00187936848
漯河,徐州,0.00187936848
沧州,徐州,0.00187936848
廊坊,徐州,0.00187936848
渭南,徐州,0.00187936848
滨州,徐州,0.0017085168
广州,徐州,0.0017085168
唐山,徐州,0.0017085168
太原,徐州,0.0017085168
金华,徐州,0.0017085168
鹤壁,徐州,0.0017085168
襄阳,徐州,0.00153766512
绍兴,徐州,0.00153766512
湖州,徐州,0.00153766512
长沙,徐州,0.00136681344
岳阳,徐州,0.00136681344
威海,徐州,0.00136681344
邢台,徐州,0.00119596176
晋城,徐州,0.00119596176
东营,徐州,0.00119596176
三亚,徐州,0.00119596176
泉州,徐州,0.00119596176
宝鸡,徐州,0.00119596176
无锡,常州,0.31256412516
镇江,常州,0.21887706924
盐城,常州,0.1588844808
宿迁,常州,0.14874874668
徐州,常州,0.14190027768
泰州,常州,0.12820333968
连云港,常州,0.12519001332
淮安,常州,0.1205330544
南京,常州,0.10026158616
苏州,常州,0.08875615824
扬州,常州,0.08053799544
阜阳,常州,0.06327985356
宿州,常州,0.061636221
南通,常州,0.06136228224
宣城,常州,0.05095260936
六安,常州,0.04711746672
上海,常州,0.04273444656
亳州,常州,0.04163869152
商丘,常州,0.03999505896
滁州,常州,0.03889930392
周口,常州,0.0328726512
合肥,常州,0.02711993724
蚌埠,常州,0.02657205972
铜陵,常州,0.02218903956
安庆,常州,0.02218903956
信阳,常州,0.02164116204
淮南,常州,0.01807995816
芜湖,常州,0.01725814188
淮北,常州,0.01397087676
池州,常州,0.01287512172
南阳,常州,0.01260118296
马鞍山,常州,0.0123272442
驻马店,常州,0.0123272442
杭州,常州,0.0112314891599999
重庆,常州,0.01068361164
巴中,常州,0.01040967288
运城,常州,0.00903997908
菏泽,常州,0.00876604032
临沂,常州,0.00876604032
枣庄,常州,0.00849210156
上饶,常州,0.0082181628
九江,常州,0.00767028528
平顶山,常州,0.00767028528
黄冈,常州,0.006848469
抚州,常州,0.00657453024
温州,常州,0.00657453024
黔南布依族苗族自治州,常州,0.00657453024
开封,常州,0.00602665272
宁波,常州,0.00575271396
昭通,常州,0.0054787752
济宁,常州,0.0054787752
新乡,常州,0.00520483644
湖州,常州,0.00493089768
洛阳,常州,0.00493089768
泰安,常州,0.00465695892
南充,常州,0.00465695892
嘉兴,常州,0.00465695892
台州,常州,0.00465695892
濮阳,常州,0.00438302016
咸宁,常州,0.00438302016
南昌,常州,0.00438302016
聊城,常州,0.0041090814
许昌,常州,0.0041090814
安阳,常州,0.00356120388
北京,常州,0.00356120388
毕节,常州,0.00356120388
金华,常州,0.00328726512
宜春,常州,0.00328726512
绵阳,常州,0.00301332636
武汉,常州,0.00301332636
漯河,常州,0.00301332636
赣州,常州,0.0027393876
十堰,常州,0.0027393876
吉安,常州,0.0027393876
成都,常州,0.00246544884
黄山,常州,0.00246544884
郑州,常州,0.00246544884
潍坊,常州,0.00246544884
襄阳,常州,0.00246544884
莆田,常州,0.00246544884
汉中,常州,0.00246544884
达州,常州,0.00219151008
临汾,常州,0.00219151008
青岛,常州,0.00219151008
邯郸,常州,0.00219151008
西安,常州,0.00219151008
渭南,常州,0.00219151008
宜宾,常州,0.00219151008
安康,常州,0.00219151008
绍兴,常州,0.00191757132
恩施土家族苗族自治州,常州,0.00191757132
天津,常州,0.00191757132
衡阳,常州,0.00191757132
荆州,常州,0.00191757132
宁德,常州,0.00191757132
岳阳,常州,0.00164363256
咸阳,常州,0.00164363256
福州,常州,0.00164363256
三门峡,常州,0.00164363256
长治,常州,0.00164363256
盐城,苏州,0.6384987809999999
上海,苏州,0.5770258559999999
徐州,苏州,0.38523033
无锡,苏州,0.384410691
宿迁,苏州,0.343428741
南通,苏州,0.343428741
淮安,苏州,0.340150185
连云港,苏州,0.3024467909999999
泰州,苏州,0.27048087
宿州,苏州,0.231138198
商丘,苏州,0.217204335
六安,苏州,0.152452854
扬州,苏州,0.1450761029999999
信阳,苏州,0.1442564639999999
亳州,苏州,0.1278636839999999
阜阳,苏州,0.1229458499999999
常州,苏州,0.1196672939999999
周口,苏州,0.1180280159999999
滁州,苏州,0.115569099
南京,苏州,0.103274514
菏泽,苏州,0.0926192069999999
安庆,苏州,0.089340651
镇江,苏州,0.0827835389999999
平顶山,苏州,0.07376751
嘉兴,苏州,0.072947871
蚌埠,苏州,0.0721282319999999
合肥,苏州,0.0713085929999999
淮南,苏州,0.0704889539999999
驻马店,苏州,0.0680300369999999
开封,苏州,0.06557112
黄冈,苏州,0.0631122029999999
南阳,苏州,0.0631122029999999
芜湖,苏州,0.0524568959999999
洛阳,苏州,0.0524568959999999
临沂,苏州,0.051637257
杭州,苏州,0.050817618
湖州,苏州,0.050817618
上饶,苏州,0.0467194229999999
枣庄,苏州,0.044260506
濮阳,苏州,0.043440867
淮北,苏州,0.0418015889999999
重庆,苏州,0.0377033939999999
新乡,苏州,0.0377033939999999
铜陵,苏州,0.036883755
运城,苏州,0.036883755
九江,苏州,0.0360641159999999
抚州,苏州,0.0360641159999999
吉安,苏州,0.0303266429999999
池州,苏州,0.0295070039999999
宣城,苏州,0.0295070039999999
宁波,苏州,0.027867726
宜春,苏州,0.027048087
赣州,苏州,0.027048087
许昌,苏州,0.027048087
安阳,苏州,0.027048087
济宁,苏州,0.025408809
温州,苏州,0.0245891699999999
襄阳,苏州,0.021310614
台州,苏州,0.021310614
马鞍山,苏州,0.0204909749999999
三门峡,苏州,0.0196713359999999
咸宁,苏州,0.0196713359999999
庆阳,苏州,0.0196713359999999
渭南,苏州,0.0188516969999999
聊城,苏州,0.0188516969999999
莆田,苏州,0.0180320579999999
达州,苏州,0.0172124189999999
咸阳,苏州,0.0172124189999999
邵阳,苏州,0.01639278
汉中,苏州,0.01639278
黄山,苏州,0.01639278
绍兴,苏州,0.015573141
南昌,苏州,0.015573141
邯郸,苏州,0.015573141
绵阳,苏州,0.015573141
宝鸡,苏州,0.015573141
焦作,苏州,0.013933863
金华,苏州,0.013933863
荆州,苏州,0.013933863
岳阳,苏州,0.013933863
衡阳,苏州,0.0131142239999999
泉州,苏州,0.0131142239999999
漯河,苏州,0.0131142239999999
临汾,苏州,0.0131142239999999
武汉,苏州,0.0131142239999999
鹤壁,苏州,0.0131142239999999
郑州,苏州,0.0131142239999999
泰安,苏州,0.0122945849999999
南充,苏州,0.011474946
西安,苏州,0.011474946
毕节,苏州,0.011474946
宁德,苏州,0.011474946
孝感,苏州,0.010655307
常德,苏州,0.010655307
十堰,苏州,0.010655307
安康,苏州,0.010655307
随州,苏州,0.010655307
陇南,苏州,0.0098356679999999
永州,苏州,0.0090160289999999
天水,苏州,0.0090160289999999
盐城,南通,0.1838887596
上海,南通,0.1242979667999999
泰州,南通,0.12038544
苏州,南通,0.1175262858
徐州,南通,0.0821630627999999
连云港,南通,0.0621489833999999
南京,南通,0.050411403
商丘,南通,0.0469503216
无锡,南通,0.0460474308
宿迁,南通,0.0455959854
淮安,南通,0.0407805678
扬州,南通,0.0404796042
宿州,南通,0.0340088868
常州,南通,0.024829497
亳州,南通,0.0216693792
蚌埠,南通,0.0194121522
枣庄,南通,0.0153491436
临沂,南通,0.01504818
阜阳,南通,0.0148976982
镇江,南通,0.0145967346
菏泽,南通,0.0142957709999999
滁州,南通,0.0126404712
周口,南通,0.0109851714
六安,南通,0.0105337259999999
合肥,南通,0.0094803534
杭州,南通,0.0084269808
信阳,南通,0.0070726446
安庆,南通,0.0069221628
淮南,南通,0.0069221628
温州,南通,0.0069221628
重庆,南通,0.006771681
淮北,南通,0.006771681
济宁,南通,0.0064707174
芜湖,南通,0.0063202356
驻马店,南通,0.0061697537999999
嘉兴,南通,0.006019272
南阳,南通,0.0052668629999999
台州,南通,0.0046649358
九江,南通,0.0043639722
濮阳,南通,0.0043639722
开封,南通,0.0039125268
宁波,南通,0.0039125268
运城,南通,0.0039125268
宣城,南通,0.0039125268
上饶,南通,0.003762045
黄冈,南通,0.003762045
铜陵,南通,0.0036115632
平顶山,南通,0.0036115632
聊城,南通,0.0033105995999999
新乡,南通,0.0033105995999999
北京,南通,0.0033105995999999
马鞍山,南通,0.0031601178
抚州,南通,0.0031601178
青岛,南通,0.0028591541999999
潍坊,南通,0.0028591541999999
安阳,南通,0.0027086724
绍兴,南通,0.0027086724
洛阳,南通,0.0027086724
泉州,南通,0.0025581906
南昌,南通,0.0025581906
深圳,南通,0.0024077088
金华,南通,0.0024077088
莆田,南通,0.0024077088
泰安,南通,0.0024077088
郑州,南通,0.0024077088
池州,南通,0.0024077088
德州,南通,0.0024077088
咸宁,南通,0.0024077088
襄阳,南通,0.002257227
宁德,南通,0.002257227
舟山,南通,0.002257227
荆州,南通,0.0021067452
沧州,南通,0.0021067452
宜春,南通,0.0021067452
湖州,南通,0.0019562634
许昌,南通,0.0019562634
邯郸,南通,0.0019562634
安康,南通,0.0019562634
济南,南通,0.0019562634
十堰,南通,0.0019562634
铜仁,南通,0.0019562634
天津,南通,0.0018057816
武汉,南通,0.0018057816
黔南布依族苗族自治州,南通,0.0018057816
烟台,南通,0.0018057816
保定,南通,0.0016552997999999
赣州,南通,0.0016552997999999
岳阳,南通,0.0016552997999999
毕节,南通,0.0016552997999999
淄博,南通,0.0016552997999999
怀化,南通,0.0016552997999999
福州,南通,0.001504818
漯河,南通,0.001504818
咸阳,南通,0.001504818
成都,南通,0.001504818
吉安,南通,0.001504818
西安,南通,0.001504818
广州,南通,0.0013543362
衡阳,南通,0.0013543362
绵阳,南通,0.0013543362
宿迁,连云港,0.08741211228
临沂,连云港,0.08316659772
盐城,连云港,0.08005827456
徐州,连云港,0.07384162824
淮安,连云港,0.06239390148
南京,连云港,0.03123485712
苏州,连云港,0.028429785
日照,连云港,0.02228895144
扬州,连云港,0.01804343688
南通,连云港,0.01561742856
无锡,连云港,0.01485930096
常州,连云港,0.01334304576
上海,连云港,0.01235747988
泰州,连云港,0.00924915672
青岛,连云港,0.00917334396
枣庄,连云港,0.00803615256
菏泽,连云港,0.007581276
宿州,连云港,0.00697477392
镇江,连云港,0.00667152288
商丘,连云港,0.00561014424
阜阳,连云港,0.00507945492
潍坊,连云港,0.00507945492
济宁,连云港,0.00462457836
杭州,连云港,0.00447295284
亳州,连云港,0.00363901248
周口,连云港,0.00356319972
宁波,连云港,0.00348738696
滁州,连云港,0.00310832316
合肥,连云港,0.00310832316
淄博,连云港,0.0030325104
南阳,连云港,0.0030325104
安阳,连云港,0.00288088488
淮北,连云港,0.00272925936
蚌埠,连云港,0.0026534466
驻马店,连云港,0.00257763384
邯郸,连云港,0.00242600832
济南,连云港,0.00242600832
烟台,连云港,0.0022743828
淮南,连云港,0.00219857004
北京,连云港,0.00212275728
嘉兴,连云港,0.00204694452
开封,连云港,0.00204694452
六安,连云港,0.00197113176
信阳,连云港,0.00197113176
邢台,连云港,0.00197113176
郑州,连云港,0.00181950624
天津,连云港,0.00174369348
台州,连云港,0.00174369348
泰安,连云港,0.0015920679599999
德州,连云港,0.0015920679599999
安庆,连云港,0.0015920679599999
威海,连云港,0.0015920679599999
新乡,连云港,0.0015162552
重庆,连云港,0.00144044244
聊城,连云港,0.00144044244
滨州,连云港,0.00136462968
温州,连云港,0.00128881692
洛阳,连云港,0.00128881692
芜湖,连云港,0.00128881692
临汾,连云港,0.00128881692
福州,连云港,0.00128881692
东营,连云港,0.00121300416
大连,连云港,0.0011371914
西安,连云港,0.0011371914
襄阳,连云港,0.0011371914
马鞍山,连云港,0.00106137864
上饶,连云港,0.00098556588
沈阳,连云港,0.00098556588
湖州,连云港,0.00090975312
黄冈,连云港,0.00090975312
廊坊,连云港,0.00090975312
铜陵,连云港,0.00083394036
绍兴,连云港,0.00083394036
黄山,连云港,0.00083394036
许昌,连云港,0.00083394036
沧州,连云港,0.0007581276
平顶山,连云港,0.0007581276
濮阳,连云港,0.0007581276
武汉,连云港,0.00068231484
保定,连云港,0.00068231484
吉林,连云港,0.00068231484
南昌,连云港,0.00060650208
金华,连云港,0.00060650208
天水,连云港,0.00060650208
唐山,连云港,0.00060650208
长春,连云港,0.00060650208
焦作,连云港,0.00060650208
朝阳,连云港,0.00053068932
晋城,连云港,0.00053068932
宝鸡,连云港,0.00053068932
太原,连云港,0.00053068932
南平,连云港,0.00053068932
荆门,连云港,0.00045487656
运城,连云港,0.00045487656
深圳,连云港,0.00045487656
长沙,连云港,0.00045487656
咸阳,连云港,0.00045487656
荆州,连云港,0.00045487656
锦州,连云港,0.00045487656
九江,连云港,0.00045487656
宿迁,淮安,0.204937452
南京,淮安,0.083897208
连云港,淮安,0.083496744
盐城,淮安,0.074986884
扬州,淮安,0.0577669319999999
徐州,淮安,0.057166236
苏州,淮安,0.03854466
滁州,淮安,0.03454002
无锡,淮安,0.02202552
商丘,淮安,0.019322388
上海,淮安,0.018221112
宿州,淮安,0.017920764
常州,淮安,0.017119836
南通,淮安,0.016118676
镇江,淮安,0.015317748
泰州,淮安,0.014717052
临沂,淮安,0.010412064
菏泽,淮安,0.010111716
周口,淮安,0.008309628
蚌埠,淮安,0.008109396
开封,淮安,0.00650754
济宁,淮安,0.00600696
亳州,淮安,0.005606496
阜阳,淮安,0.005306148
濮阳,淮安,0.0050058
枣庄,淮安,0.004805568
杭州,淮安,0.004805568
运城,淮安,0.004705452
合肥,淮安,0.004605336
新乡,淮安,0.003804408
洛阳,淮安,0.003704292
淮北,淮安,0.00350406
安阳,淮安,0.003303828
聊城,淮安,0.003203712
芜湖,淮安,0.003103596
马鞍山,淮安,0.00300348
六安,淮安,0.002903364
温州,淮安,0.002703132
青岛,淮安,0.002603016
安庆,淮安,0.0025029
许昌,淮安,0.0025029
淮南,淮安,0.002402784
潍坊,淮安,0.002402784
南阳,淮安,0.002302668
济南,淮安,0.002202552
嘉兴,淮安,0.002202552
泰安,淮安,0.002102436
邯郸,淮安,0.002102436
宣城,淮安,0.002102436
驻马店,淮安,0.001802088
宁波,淮安,0.001802088
台州,淮安,0.001802088
信阳,淮安,0.001802088
重庆,淮安,0.001701972
平顶山,淮安,0.001701972
沧州,淮安,0.001601856
焦作,淮安,0.00150174
北京,淮安,0.00150174
郑州,淮安,0.00150174
东营,淮安,0.001401624
上饶,淮安,0.001401624
鹤壁,淮安,0.001301508
临汾,淮安,0.001301508
九江,淮安,0.001201392
铜陵,淮安,0.001201392
黄冈,淮安,0.001101276
保定,淮安,0.001101276
衡水,淮安,0.001101276
漯河,淮安,0.00100116
绍兴,淮安,0.00100116
湖州,淮安,0.00100116
滨州,淮安,0.00100116
烟台,淮安,0.000901044
池州,淮安,0.000901044
长治,淮安,0.000901044
天津,淮安,0.000901044
德州,淮安,0.000901044
金华,淮安,0.000800928
福州,淮安,0.000800928
三门峡,淮安,0.000800928
日照,淮安,0.000800928
西安,淮安,0.000800928
黄山,淮安,0.000800928
深圳,淮安,0.000800928
襄阳,淮安,0.000700812
石家庄,淮安,0.000700812
达州,淮安,0.000700812
南昌,淮安,0.000700812
淄博,淮安,0.000700812
渭南,淮安,0.000600696
廊坊,淮安,0.000600696
邢台,淮安,0.000600696
广州,淮安,0.000600696
抚州,淮安,0.000600696
武汉,淮安,0.000600696
咸阳,淮安,0.000600696
景德镇,淮安,0.00050058
泉州,淮安,0.00050058
威海,淮安,0.00050058
长沙,淮安,0.00050058
泰州,盐城,0.1167602039999999
连云港,盐城,0.10338585336
南通,盐城,0.09839700828
苏州,盐城,0.08725171608
淮安,盐城,0.07791089976
南京,盐城,0.05296667436
无锡,盐城,0.05232980052
上海,盐城,0.04649179032
徐州,盐城,0.04065378012
宿迁,盐城,0.03683253708
扬州,盐城,0.03598337196
常州,盐城,0.02091069108
临沂,盐城,0.01305591372
镇江,盐城,0.0123128942399999
商丘,盐城,0.00987154452
宿州,盐城,0.00912852504
菏泽,盐城,0.0076424860799999
杭州,盐城,0.00711175788
济宁,盐城,0.0068994666
阜阳,盐城,0.00551957328
潍坊,盐城,0.00488269944
青岛,盐城,0.0047765538
洛阳,盐城,0.0047765538
亳州,盐城,0.00456426252
台州,盐城,0.00456426252
滁州,盐城,0.00445811688
周口,盐城,0.0043519712399999
枣庄,盐城,0.0042458256
驻马店,盐城,0.0042458256
嘉兴,盐城,0.0038212430399999
合肥,盐城,0.0037150974
芜湖,盐城,0.00339666048
重庆,盐城,0.00329051484
蚌埠,盐城,0.0031843691999999
六安,盐城,0.0030782235599999
北京,盐城,0.00297207792
淄博,盐城,0.00297207792
宁波,盐城,0.00286593228
南阳,盐城,0.00286593228
安庆,盐城,0.00286593228
濮阳,盐城,0.00275978664
聊城,盐城,0.00275978664
德州,盐城,0.002653641
信阳,盐城,0.002653641
开封,盐城,0.002653641
淮南,盐城,0.00254749536
温州,盐城,0.00244134972
湖州,盐城,0.00244134972
淮北,盐城,0.00244134972
日照,盐城,0.0023352040799999
泰安,盐城,0.00222905844
邯郸,盐城,0.00222905844
天津,盐城,0.00222905844
郑州,盐城,0.0021229128
烟台,盐城,0.0021229128
济南,盐城,0.0021229128
平顶山,盐城,0.0021229128
新乡,盐城,0.00201676716
运城,盐城,0.0019106215199999
安阳,盐城,0.0019106215199999
绍兴,盐城,0.00169833024
保定,盐城,0.0015921845999999
宣城,盐城,0.0015921845999999
九江,盐城,0.0015921845999999
滨州,盐城,0.0015921845999999
黄冈,盐城,0.00148603896
武汉,盐城,0.00137989332
东营,盐城,0.00137989332
马鞍山,盐城,0.00137989332
上饶,盐城,0.00127374768
沧州,盐城,0.00127374768
西安,盐城,0.00127374768
许昌,盐城,0.0011676020399999
抚州,盐城,0.0011676020399999
深圳,盐城,0.0011676020399999
铜陵,盐城,0.0011676020399999
长沙,盐城,0.0011676020399999
南昌,盐城,0.0011676020399999
邢台,盐城,0.0010614564
威海,盐城,0.0010614564
焦作,盐城,0.0010614564
漯河,盐城,0.0010614564
咸阳,盐城,0.0009553107599999
十堰,盐城,0.0009553107599999
唐山,盐城,0.0009553107599999
泉州,盐城,0.0009553107599999
鹤壁,盐城,0.0009553107599999
三门峡,盐城,0.0009553107599999
池州,盐城,0.00084916512
石家庄,盐城,0.00084916512
莆田,盐城,0.00084916512
渭南,盐城,0.00084916512
沈阳,盐城,0.00084916512
绵阳,盐城,0.00084916512
广州,盐城,0.00074301948
汉中,盐城,0.00074301948
舟山,盐城,0.00074301948
岳阳,盐城,0.00074301948
衡水,盐城,0.00074301948
达州,盐城,0.00074301948
泰州,扬州,0.191792448
淮安,扬州,0.1172331338399999
南京,扬州,0.10296857052
盐城,扬州,0.0665280053999999
宿迁,扬州,0.0630517672799999
滁州,扬州,0.06125371308
徐州,扬州,0.05897617776
镇江,扬州,0.04567057668
连云港,扬州,0.044951355
南通,扬州,0.04039628436
苏州,扬州,0.03919758156
无锡,扬州,0.02924834832
常州,扬州,0.02541249936
上海,扬州,0.0244535371199999
宿州,扬州,0.01354534164
蚌埠,扬州,0.01354534164
商丘,扬州,0.01270624968
临沂,扬州,0.01102806576
亳州,扬州,0.00946975212
阜阳,扬州,0.0077915682
合肥,扬州,0.00755182764
菏泽,扬州,0.00695247624
芜湖,扬州,0.0068326059599999
周口,扬州,0.00647299512
邯郸,扬州,0.005993514
南阳,扬州,0.00527429232
淮南,扬州,0.00503455176
杭州,扬州,0.00503455176
马鞍山,扬州,0.00455507064
济宁,扬州,0.00407558952
濮阳,扬州,0.00407558952
开封,扬州,0.00407558952
枣庄,扬州,0.00371597868
安庆,扬州,0.00347623812
六安,扬州,0.00347623812
临汾,扬州,0.002996757
新乡,扬州,0.002996757
潍坊,扬州,0.00263714616
铜陵,扬州,0.00263714616
聊城,扬州,0.00251727588
重庆,扬州,0.00251727588
信阳,扬州,0.0023974056
淮北,扬州,0.0023974056
宣城,扬州,0.00227753532
运城,扬州,0.00215766504
温州,扬州,0.00215766504
安阳,扬州,0.00203779476
台州,扬州,0.00203779476
九江,扬州,0.00191792448
北京,扬州,0.00191792448
青岛,扬州,0.00191792448
济南,扬州,0.00191792448
宁波,扬州,0.00191792448
驻马店,扬州,0.00191792448
焦作,扬州,0.00191792448
黄冈,扬州,0.0017980542
上饶,扬州,0.0017980542
湖州,扬州,0.0017980542
嘉兴,扬州,0.00167818392
洛阳,扬州,0.00167818392
武汉,扬州,0.00167818392
绍兴,扬州,0.00167818392
池州,扬州,0.00167818392
泰安,扬州,0.00155831364
许昌,扬州,0.00155831364
天津,扬州,0.00155831364
抚州,扬州,0.00155831364
南昌,扬州,0.0014384433599999
黄山,扬州,0.0014384433599999
深圳,扬州,0.00131857308
保定,扬州,0.00131857308
平顶山,扬州,0.0011987028
宜春,扬州,0.0011987028
绵阳,扬州,0.00107883252
沧州,扬州,0.00107883252
郑州,扬州,0.00107883252
日照,扬州,0.00107883252
淄博,扬州,0.00095896224
德州,扬州,0.00095896224
福州,扬州,0.00095896224
烟台,扬州,0.00095896224
长沙,扬州,0.00083909196
十堰,扬州,0.00083909196
西安,扬州,0.00083909196
邢台,扬州,0.00083909196
宜昌,扬州,0.00083909196
衡水,扬州,0.0007192216799999
金华,扬州,0.0007192216799999
漳州,扬州,0.0005993514
石家庄,扬州,0.0005993514
赣州,扬州,0.0005993514
广州,扬州,0.0005993514
东营,扬州,0.0005993514
荆门,扬州,0.0005993514
曲靖,扬州,0.0005993514
黄石,扬州,0.0005993514
达州,扬州,0.0005993514
岳阳,扬州,0.0005993514
襄阳,扬州,0.0005993514
邵阳,扬州,0.0005993514
南京,镇江,0.22660381152
常州,镇江,0.15250169376
扬州,镇江,0.06899162688
淮安,镇江,0.0629519558399999
宿迁,镇江,0.04913040096
盐城,镇江,0.03809638656
泰州,镇江,0.03786409152
徐州,镇江,0.03612187872
苏州,镇江,0.03356663328
无锡,镇江,0.03321819072
滁州,镇江,0.0291530275199999
连云港,镇江,0.02868843744
南通,镇江,0.0255524544
上海,镇江,0.01939663584
宿州,镇江,0.01904819328
亳州,镇江,0.01533147264
阜阳,镇江,0.0150991776
蚌埠,镇江,0.0142861449599999
芜湖,镇江,0.0104532768
合肥,镇江,0.00905950656
商丘,镇江,0.00882721152
马鞍山,镇江,0.00778188384
淮南,镇江,0.00766573632
周口,镇江,0.00766573632
安庆,镇江,0.00766573632
临沂,镇江,0.00743344128
六安,镇江,0.00743344128
杭州,镇江,0.0056912284799999
信阳,镇江,0.00534278592
宣城,镇江,0.0052266384
驻马店,镇江,0.00452975328
枣庄,镇江,0.00429745824
菏泽,镇江,0.0041813107199999
淮北,镇江,0.00371672064
上饶,镇江,0.0036005731199999
重庆,镇江,0.0034844255999999
南昌,镇江,0.0033682780799999
九江,镇江,0.00325213056
铜陵,镇江,0.0029036879999999
宁波,镇江,0.0027875404799999
南阳,镇江,0.00267139296
济宁,镇江,0.00255524544
温州,镇江,0.00243909792
池州,镇江,0.00243909792
嘉兴,镇江,0.00243909792
平顶山,镇江,0.00220680288
台州,镇江,0.00197450784
洛阳,镇江,0.00197450784
宜春,镇江,0.00197450784
黄冈,镇江,0.00185836032
湖州,镇江,0.0017422127999999
咸宁,镇江,0.0017422127999999
金华,镇江,0.00162606528
北京,镇江,0.00162606528
抚州,镇江,0.00162606528
青岛,镇江,0.00150991776
昭通,镇江,0.00150991776
泰安,镇江,0.00150991776
福州,镇江,0.00150991776
邯郸,镇江,0.0013937702399999
达州,镇江,0.0013937702399999
武汉,镇江,0.00127762272
运城,镇江,0.00127762272
濮阳,镇江,0.00127762272
宜宾,镇江,0.00127762272
莆田,镇江,0.00127762272
吉安,镇江,0.00127762272
黄山,镇江,0.00127762272
许昌,镇江,0.00127762272
郑州,镇江,0.0011614752
开封,镇江,0.0011614752
新乡,镇江,0.0011614752
赣州,镇江,0.0011614752
聊城,镇江,0.0011614752
绍兴,镇江,0.0011614752
天津,镇江,0.0010453276799999
漯河,镇江,0.0010453276799999
舟山,镇江,0.0010453276799999
南充,镇江,0.0010453276799999
岳阳,镇江,0.00092918016
遵义,镇江,0.00092918016
泉州,镇江,0.00092918016
济南,镇江,0.00092918016
巴中,镇江,0.00092918016
毕节,镇江,0.00092918016
安阳,镇江,0.00092918016
宁德,镇江,0.00092918016
成都,镇江,0.00081303264
临汾,镇江,0.00081303264
保定,镇江,0.00081303264
长沙,镇江,0.00081303264
邵阳,镇江,0.00081303264
深圳,镇江,0.00081303264
怀化,镇江,0.00081303264
大连,镇江,0.00081303264
绵阳,镇江,0.00081303264
恩施土家族苗族自治州,镇江,0.0006968851199999
襄阳,镇江,0.0006968851199999
西安,镇江,0.0006968851199999
潍坊,镇江,0.0006968851199999
扬州,泰州,0.169926174
盐城,泰州,0.1504915038
南通,泰州,0.0973768554
无锡,泰州,0.071735301
苏州,泰州,0.054437427
南京,泰州,0.0441604548
常州,泰州,0.0344939958
上海,泰州,0.0285923682
徐州,泰州,0.0282871116
淮安,泰州,0.0267608286
连云港,泰州,0.0221819796
宿迁,泰州,0.0221819796
镇江,泰州,0.0217749708
滁州,泰州,0.008140176
宿州,泰州,0.007631415
亳州,泰州,0.0073261584
商丘,泰州,0.0068173974
临沂,泰州,0.0060033798
合肥,泰州,0.0057998754
菏泽,泰州,0.0054946188
运城,泰州,0.00508761
周口,泰州,0.0049858578
杭州,泰州,0.0049858578
阜阳,泰州,0.0049858578
芜湖,泰州,0.0046806012
濮阳,泰州,0.0046806012
蚌埠,泰州,0.0044770968
驻马店,泰州,0.0039683358
安阳,泰州,0.0038665836
六安,泰州,0.0036630792
济宁,泰州,0.0035613269999999
邯郸,泰州,0.0034595748
新乡,泰州,0.0032560704
开封,泰州,0.003052566
九江,泰州,0.0029508138
重庆,泰州,0.0029508138
枣庄,泰州,0.0029508138
温州,泰州,0.0028490616
马鞍山,泰州,0.0028490616
嘉兴,泰州,0.0027473094
信阳,泰州,0.002543805
聊城,泰州,0.002543805
安庆,泰州,0.0024420528
淮南,泰州,0.0024420528
洛阳,泰州,0.0024420528
宁波,泰州,0.0024420528
南阳,泰州,0.0022385484
平顶山,泰州,0.0021367962
咸宁,泰州,0.0019332918
宣城,泰州,0.0018315396
鹤壁,泰州,0.0018315396
铜陵,泰州,0.0018315396
临汾,泰州,0.0018315396
湖州,泰州,0.0017297874
淮北,泰州,0.0017297874
青岛,泰州,0.0016280352
郑州,泰州,0.0016280352
黄冈,泰州,0.001526283
泰安,泰州,0.001526283
济南,泰州,0.001526283
台州,泰州,0.001526283
沧州,泰州,0.0014245308
北京,泰州,0.0014245308
许昌,泰州,0.0014245308
焦作,泰州,0.0014245308
上饶,泰州,0.0014245308
南昌,泰州,0.0014245308
金华,泰州,0.0014245308
舟山,泰州,0.0014245308
烟台,泰州,0.0014245308
潍坊,泰州,0.0013227786
绍兴,泰州,0.0013227786
保定,泰州,0.0012210264
西安,泰州,0.0011192742
池州,泰州,0.0011192742
岳阳,泰州,0.0011192742
天津,泰州,0.001017522
安康,泰州,0.001017522
宜昌,泰州,0.0009157698
武汉,泰州,0.0009157698
赣州,泰州,0.0009157698
绵阳,泰州,0.0009157698
宜春,泰州,0.0008140176
抚州,泰州,0.0008140176
漯河,泰州,0.0008140176
襄阳,泰州,0.0007122654
日照,泰州,0.0007122654
德州,泰州,0.0007122654
荆州,泰州,0.0007122654
淄博,泰州,0.0007122654
吉安,泰州,0.0007122654
衡阳,泰州,0.0007122654
达州,泰州,0.0007122654
衡水,泰州,0.0006105132
十堰,泰州,0.0006105132
莆田,泰州,0.0006105132
深圳,泰州,0.0006105132
东营,泰州,0.0006105132
邢台,泰州,0.0006105132
广州,泰州,0.0006105132
徐州,宿迁,0.21947446368
淮安,宿迁,0.1323678672
连云港,宿迁,0.07888697892
宿州,宿迁,0.06095326788
南京,宿迁,0.05988578508
苏州,宿迁,0.03714840144
商丘,宿迁,0.02924902872
盐城,宿迁,0.02754105624
无锡,宿迁,0.01953493524
上海,宿迁,0.01878769728
临沂,宿迁,0.01878769728
周口,宿迁,0.01718647308
扬州,宿迁,0.01697297652
常州,宿迁,0.01526500404
南通,宿迁,0.0144110178
滁州,宿迁,0.01398402468
菏泽,宿迁,0.01259629704
蚌埠,宿迁,0.01206255564
开封,宿迁,0.00928710036
镇江,宿迁,0.00928710036
泰州,宿迁,0.00896685552
亳州,宿迁,0.008006121
杭州,宿迁,0.00768587616
枣庄,宿迁,0.00757912788
邯郸,宿迁,0.00715213476
济宁,宿迁,0.0069386382
许昌,宿迁,0.00683188992
阜阳,宿迁,0.00672514164
新乡,宿迁,0.00608465196
南阳,宿迁,0.0058711554
濮阳,宿迁,0.00576440712
淮北,宿迁,0.00576440712
洛阳,宿迁,0.00565765884
安阳,宿迁,0.00501716916
平顶山,宿迁,0.0048036726
运城,宿迁,0.00459017604
合肥,宿迁,0.00459017604
信阳,宿迁,0.00384293808
郑州,宿迁,0.00362944152
六安,宿迁,0.00352269324
淮南,宿迁,0.00309570012
驻马店,宿迁,0.00288220356
芜湖,宿迁,0.00288220356
临汾,宿迁,0.00288220356
安庆,宿迁,0.00277545528
马鞍山,宿迁,0.002668707
焦作,宿迁,0.002668707
温州,宿迁,0.0025619587199999
嘉兴,宿迁,0.0025619587199999
聊城,宿迁,0.00245521044
青岛,宿迁,0.00245521044
宁波,宿迁,0.00202821732
潍坊,宿迁,0.00202821732
湖州,宿迁,0.00192146904
北京,宿迁,0.00181472076
保定,宿迁,0.00170797248
长治,宿迁,0.00170797248
重庆,宿迁,0.0016012242
德州,宿迁,0.0016012242
荆州,宿迁,0.00149447592
泰安,宿迁,0.00149447592
邢台,宿迁,0.00149447592
济南,宿迁,0.00138772764
鹤壁,宿迁,0.00138772764
宣城,宿迁,0.00138772764
西安,宿迁,0.0012809793599999
三门峡,宿迁,0.0012809793599999
台州,宿迁,0.0012809793599999
黄冈,宿迁,0.0012809793599999
渭南,宿迁,0.0012809793599999
日照,宿迁,0.00117423108
漯河,宿迁,0.0010674828
天津,宿迁,0.0010674828
金华,宿迁,0.0010674828
沧州,宿迁,0.0010674828
烟台,宿迁,0.0010674828
绍兴,宿迁,0.00096073452
吕梁,宿迁,0.00096073452
泉州,宿迁,0.00096073452
池州,宿迁,0.00096073452
武汉,宿迁,0.00085398624
衡水,宿迁,0.00085398624
廊坊,宿迁,0.00074723796
上饶,宿迁,0.00074723796
淄博,宿迁,0.00074723796
深圳,宿迁,0.00074723796
铜陵,宿迁,0.00074723796
安康,宿迁,0.00074723796
襄阳,宿迁,0.0006404896799999
常德,宿迁,0.0006404896799999
晋城,宿迁,0.0006404896799999
九江,宿迁,0.0006404896799999
岳阳,宿迁,0.0006404896799999
南昌,宿迁,0.0006404896799999
石家庄,宿迁,0.0006404896799999
黄山,宿迁,0.0005337414
十堰,宿迁,0.0005337414
咸阳,宿迁,0.0005337414
晋中,宿迁,0.0005337414
福州,宿迁,0.0005337414
上饶,浙江,0.93397090176
上海,浙江,0.54503684352
阜阳,浙江,0.52122455424
商丘,浙江,0.33866366976
周口,浙江,0.3333720499199999
亳州,浙江,0.3214659052800001
重庆,浙江,0.28707037632
宿州,浙江,0.28707037632
苏州,浙江,0.2778100416
信阳,浙江,0.27516423168
安庆,浙江,0.24738322752
九江,浙江,0.24341451264
宣城,浙江,0.20901898368
抚州,浙江,0.19975864896
蚌埠,浙江,0.1918212192
毕节,浙江,0.1719776448
黄山,浙江,0.1666860249599999
南阳,浙江,0.16536312
宜春,浙江,0.16404021504
黄冈,浙江,0.16139440512
吉安,浙江,0.15742569024
六安,浙江,0.15742569024
驻马店,浙江,0.15345697536
昭通,浙江,0.1508111654399999
遵义,浙江,0.14684245056
宁德,浙江,0.13758211584
滁州,浙江,0.12832178112
合肥,浙江,0.1243530662399999
赣州,浙江,0.12303016128
徐州,浙江,0.11376982656
景德镇,浙江,0.11112401664
湘西土家族苗族自治州,浙江,0.10186368192
南昌,浙江,0.099217872
恩施土家族苗族自治州,浙江,0.09657206208
连云港,浙江,0.09524915712
无锡,浙江,0.09524915712
怀化,浙江,0.09524915712
淮南,浙江,0.0939262521599999
盐城,浙江,0.0926033471999999
南平,浙江,0.0926033471999999
芜湖,浙江,0.08995753728
南通,浙江,0.08863463232
池州,浙江,0.0859888224
宿迁,浙江,0.0833430124799999
南京,浙江,0.08202010752
铜仁,浙江,0.0793742976
黔南布依族苗族自治州,浙江,0.07672848768
临沂,浙江,0.0754055827199999
淮北,浙江,0.07143686784
咸宁,浙江,0.07143686784
宜宾,浙江,0.07143686784
达州,浙江,0.06879105792
菏泽,浙江,0.066145248
衡阳,浙江,0.066145248
平顶山,浙江,0.066145248
黔东南苗族侗族自治州,浙江,0.06349943808
襄阳,浙江,0.06349943808
泰州,浙江,0.06349943808
邵阳,浙江,0.06349943808
鹰潭,浙江,0.0621765331199999
黄石,浙江,0.0621765331199999
开封,浙江,0.06085362816
安顺,浙江,0.05556200832
常州,浙江,0.05556200832
永州,浙江,0.05556200832
六盘水,浙江,0.05556200832
荆州,浙江,0.0529161984
黔西南布依族苗族自治州,浙江,0.0529161984
淮安,浙江,0.05159329344
福州,浙江,0.04762457856
洛阳,浙江,0.04762457856
株洲,浙江,0.04762457856
铜陵,浙江,0.04762457856
武汉,浙江,0.04497876864
贵阳,浙江,0.04497876864
曲靖,浙江,0.04365586368
济宁,浙江,0.04365586368
许昌,浙江,0.04233295872
绵阳,浙江,0.04233295872
泉州,浙江,0.04101005376
枣庄,浙江,0.0396871488
扬州,浙江,0.03836424384
萍乡,浙江,0.03836424384
岳阳,浙江,0.03836424384
常德,浙江,0.03836424384
南充,浙江,0.03704133888
广元,浙江,0.03571843392
郑州,浙江,0.03571843392
娄底,浙江,0.03439552896
长沙,浙江,0.03439552896
巴中,浙江,0.03439552896
益阳,浙江,0.03439552896
成都,浙江,0.03439552896
北京,浙江,0.033072624
孝感,浙江,0.033072624
莆田,浙江,0.033072624
汉中,浙江,0.03174971904
新乡,浙江,0.03042681408
深圳,浙江,0.03042681408
镇江,浙江,0.03042681408
绍兴,杭州,0.8037007660800001
金华,杭州,0.6624882820800001
衢州,杭州,0.5164342272000001
嘉兴,杭州,0.45430073424
温州,杭州,0.44461759248
湖州,杭州,0.40023652608
台州,杭州,0.35746931664
宁波,杭州,0.3066328224
上饶,杭州,0.29614275216
丽水,杭州,0.22916768832
阜阳,杭州,0.1525094827199999
上海,杭州,0.14282634096
信阳,杭州,0.1291085568
安庆,杭州,0.1049007024
黄山,杭州,0.10167298848
周口,杭州,0.0887621328
宣城,杭州,0.08553441888
宿州,杭州,0.0847274904
亳州,杭州,0.08149977648
九江,杭州,0.06778199232
南阳,杭州,0.06697506384
商丘,杭州,0.0645542784
六安,杭州,0.0645542784
苏州,杭州,0.06294042144
抚州,杭州,0.06294042144
重庆,杭州,0.05971270752
舟山,杭州,0.05729192208
黄冈,杭州,0.05164342272
合肥,杭州,0.04760878032
蚌埠,杭州,0.04680185184
宜春,杭州,0.04276720944
吉安,杭州,0.04276720944
赣州,杭州,0.04115335248
驻马店,杭州,0.03873256704
芜湖,杭州,0.03711871008
南京,杭州,0.03469792464
宿迁,杭州,0.03389099616
池州,杭州,0.0330840676799999
南昌,杭州,0.0322771392
徐州,杭州,0.0322771392
滁州,杭州,0.02985635376
南通,杭州,0.02985635376
无锡,杭州,0.02904942528
盐城,杭州,0.02662863984
淮南,杭州,0.02662863984
临沂,杭州,0.02501478288
怀化,杭州,0.02501478288
景德镇,杭州,0.0242078544
连云港,杭州,0.02340092592
淮北,杭州,0.02259399744
平顶山,杭州,0.02098014048
襄阳,杭州,0.02098014048
南平,杭州,0.020173212
铜陵,杭州,0.01936628352
常州,杭州,0.01936628352
菏泽,杭州,0.01855935504
达州,杭州,0.01855935504
北京,杭州,0.01855935504
泰州,杭州,0.01855935504
武汉,杭州,0.01775242656
开封,杭州,0.01775242656
宁德,杭州,0.01694549808
鹰潭,杭州,0.0161385696
湘西土家族苗族自治州,杭州,0.0161385696
郑州,杭州,0.0161385696
枣庄,杭州,0.0161385696
淮安,杭州,0.01533164112
荆州,杭州,0.01533164112
咸宁,杭州,0.01533164112
扬州,杭州,0.01452471264
洛阳,杭州,0.01371778416
成都,杭州,0.01371778416
深圳,杭州,0.01371778416
毕节,杭州,0.01371778416
长沙,杭州,0.01371778416
福州,杭州,0.01291085568
衡阳,杭州,0.01291085568
遵义,杭州,0.01291085568
黔东南苗族侗族自治州,杭州,0.01291085568
济宁,杭州,0.0121039272
永州,杭州,0.0121039272
邵阳,杭州,0.0121039272
娄底,杭州,0.0121039272
马鞍山,杭州,0.0121039272
萍乡,杭州,0.01129699872
西安,杭州,0.01129699872
新乡,杭州,0.01129699872
孝感,杭州,0.01129699872
广州,杭州,0.01049007024
恩施土家族苗族自治州,杭州,0.01049007024
黄石,杭州,0.01049007024
岳阳,杭州,0.01049007024
泉州,杭州,0.01049007024
许昌,杭州,0.01049007024
镇江,杭州,0.00968314176
绵阳,杭州,0.00968314176
青岛,杭州,0.00968314176
南充,杭州,0.00887621328
天津,杭州,0.00887621328
潍坊,杭州,0.00887621328
台州,宁波,0.30024206172
绍兴,宁波,0.2330398674
杭州,宁波,0.18932231088
上饶,宁波,0.1300687632
商丘,宁波,0.126455742
阜阳,宁波,0.12175881444
舟山,宁波,0.11814579324
金华,宁波,0.10369370844
温州,宁波,0.09502245756
亳州,宁波,0.07984776852
宿州,宁波,0.07731865368
上海,宁波,0.07515084096
衢州,宁波,0.07298302824
丽水,宁波,0.05853094344
嘉兴,宁波,0.05708573496
周口,宁波,0.054195318
安庆,宁波,0.04913708832
毕节,宁波,0.04805318196
蚌埠,宁波,0.04733057772
重庆,宁波,0.0433562543999999
连云港,宁波,0.03902062896
湘西土家族苗族自治州,宁波,0.03829802472
九江,宁波,0.03721411836
湖州,宁波,0.03649151412
滁州,宁波,0.03504630564
苏州,宁波,0.03107198232
吉安,宁波,0.0289041696
遵义,宁波,0.0289041696
徐州,宁波,0.02818156536
驻马店,宁波,0.02637505476
信阳,宁波,0.02601375264
抚州,宁波,0.0256524505199999
合肥,宁波,0.0252911483999999
六安,宁波,0.02492984628
黔南布依族苗族自治州,宁波,0.02492984628
南阳,宁波,0.0234846378
淮北,宁波,0.0234846378
宜春,宁波,0.02276203356
淮南,宁波,0.0209555229599999
巴中,宁波,0.02023291872
铜仁,宁波,0.01842640812
赣州,宁波,0.01842640812
黄冈,宁波,0.018065106
景德镇,宁波,0.01661989752
开封,宁波,0.01661989752
菏泽,宁波,0.01589729328
临沂,宁波,0.01589729328
芜湖,宁波,0.01517468904
南通,宁波,0.0148133869199999
黄山,宁波,0.0148133869199999
达州,宁波,0.0144520848
怀化,宁波,0.0144520848
宿迁,宁波,0.01409078268
昭通,宁波,0.01409078268
宜宾,宁波,0.01336817844
盐城,宁波,0.01336817844
绵阳,宁波,0.01300687632
南昌,宁波,0.0126455741999999
贵阳,宁波,0.01228427208
许昌,宁波,0.01228427208
广元,宁波,0.01228427208
邵阳,宁波,0.01228427208
洛阳,宁波,0.01192296996
无锡,宁波,0.01156166784
南京,宁波,0.01156166784
平顶山,宁波,0.01120036572
济宁,宁波,0.01120036572
安康,宁波,0.01120036572
宣城,宁波,0.0108390635999999
池州,宁波,0.0108390635999999
衡阳,宁波,0.0104777614799999
恩施土家族苗族自治州,宁波,0.0104777614799999
南充,宁波,0.0104777614799999
黔东南苗族侗族自治州,宁波,0.00975515724
淮安,宁波,0.00975515724
安顺,宁波,0.00939385512
株洲,宁波,0.009032553
宁德,宁波,0.009032553
咸宁,宁波,0.009032553
襄阳,宁波,0.00830994876
永州,宁波,0.00830994876
益阳,宁波,0.00758734452
荆州,宁波,0.00758734452
泰州,宁波,0.00758734452
常州,宁波,0.0072260424
成都,宁波,0.0072260424
武汉,宁波,0.0072260424
泸州,宁波,0.00686474028
铜陵,宁波,0.00686474028
曲靖,宁波,0.00686474028
黄石,宁波,0.00650343816
常德,宁波,0.00650343816
岳阳,宁波,0.00614213604
南平,宁波,0.00614213604
扬州,宁波,0.00578083392
六盘水,宁波,0.00578083392
张家界,宁波,0.00578083392
新乡,宁波,0.00578083392
萍乡,宁波,0.00578083392
莆田,宁波,0.0054195317999999
台州,温州,0.16707334104
丽水,温州,0.1104932016
上饶,温州,0.10687359672
宁德,温州,0.0821078791199999
杭州,温州,0.08077434048
重庆,温州,0.061914294
九江,温州,0.05677064496
金华,温州,0.05372255664
遵义,温州,0.05010295176
阜阳,温州,0.04934092968
宁波,温州,0.04153020336
周口,温州,0.03314796048
黄冈,温州,0.03124290528
亳州,温州,0.03029037768
抚州,温州,0.02914734456
宜春,温州,0.02876633352
衢州,温州,0.02743279488
宿州,温州,0.02648026728
黄石,温州,0.02343217896
恩施土家族苗族自治州,温州,0.02305116792
上海,温州,0.01981257408
绍兴,温州,0.01981257408
铜仁,温州,0.01886004648
安庆,温州,0.01866954096
吉安,温州,0.01847903544
信阳,温州,0.0180980244
毕节,温州,0.01733600232
蚌埠,温州,0.01543094712
舟山,温州,0.01409740848
南阳,温州,0.01390690296
嘉兴,温州,0.01371639744
黔东南苗族侗族自治州,温州,0.0133353864
湘西土家族苗族自治州,温州,0.01295437536
咸宁,温州,0.01162083672
襄阳,温州,0.01123982568
怀化,温州,0.01104932016
株洲,温州,0.01066830912
驻马店,温州,0.01066830912
南平,温州,0.01066830912
宜宾,温州,0.0104778036
景德镇,温州,0.01028729808
赣州,温州,0.01009679256
滁州,温州,0.01009679256
福州,温州,0.01009679256
达州,温州,0.00933477048
湖州,温州,0.00914426496
池州,温州,0.00895375944
商丘,温州,0.00895375944
荆州,温州,0.00876325392
贵阳,温州,0.0085727484
黔西南布依族苗族自治州,温州,0.00838224288
苏州,温州,0.00800123184
昭通,温州,0.00800123184
六安,温州,0.00800123184
邵阳,温州,0.00781072632
徐州,温州,0.00781072632
安顺,温州,0.0076202208
合肥,温州,0.00723920976
黔南布依族苗族自治州,温州,0.00723920976
萍乡,温州,0.00704870424
泉州,温州,0.00685819872
常德,温州,0.00647718768
曲靖,温州,0.00590567112
南昌,温州,0.00590567112
衡阳,温州,0.00590567112
六盘水,温州,0.00590567112
南充,温州,0.00533415456
宜昌,温州,0.00533415456
黄山,温州,0.00533415456
广安,温州,0.00514364904
盐城,温州,0.00495314352
南通,温州,0.00495314352
岳阳,温州,0.004762638
南京,温州,0.004762638
宿迁,温州,0.004762638
平顶山,温州,0.00457213248
荆门,温州,0.00438162696
新余,温州,0.00438162696
永州,温州,0.00438162696
深圳,温州,0.00419112144
鹰潭,温州,0.00419112144
淮南,温州,0.00419112144
武汉,温州,0.00400061592
芜湖,温州,0.00400061592
无锡,温州,0.0038101104
德阳,温州,0.0038101104
莆田,温州,0.0038101104
成都,温州,0.00361960488
孝感,温州,0.00361960488
自贡,温州,0.00342909936
洛阳,温州,0.00342909936
三明,温州,0.00342909936
十堰,温州,0.00323859384
巴中,温州,0.00323859384
厦门,温州,0.00304808832
漳州,温州,0.00304808832
长沙,温州,0.00304808832
淮北,温州,0.0028575828
泰州,温州,0.0028575828
汉中,温州,0.0028575828
杭州,嘉兴,0.3186641282399999
上海,嘉兴,0.15955002864
湖州,嘉兴,0.09328881456
苏州,嘉兴,0.08674987896
宁波,嘉兴,0.05427316548
阜阳,嘉兴,0.05427316548
绍兴,嘉兴,0.05187555576
温州,嘉兴,0.04708033632
金华,嘉兴,0.04620847824
上饶,嘉兴,0.04446476208
信阳,嘉兴,0.0438108685199999
周口,嘉兴,0.0392336136
昭通,嘉兴,0.03770786196
台州,嘉兴,0.03574618128
宿州,嘉兴,0.03531025224
商丘,嘉兴,0.03509228772
衢州,嘉兴,0.03443839416
重庆,嘉兴,0.03225874896
亳州,嘉兴,0.0261557424
六安,嘉兴,0.0255018488399999
丽水,嘉兴,0.02332220364
宜宾,嘉兴,0.0224503455599999
盐城,嘉兴,0.02157848748
驻马店,嘉兴,0.02114255844
蚌埠,嘉兴,0.02114255844
安庆,嘉兴,0.0207066294
南阳,嘉兴,0.01765512612
无锡,嘉兴,0.0174371616
淮南,嘉兴,0.0165653035199999
南通,嘉兴,0.016347339
毕节,嘉兴,0.01612937448
徐州,嘉兴,0.01547548092
九江,嘉兴,0.0152575164
泰州,嘉兴,0.01460362284
黄冈,嘉兴,0.01329583572
滁州,嘉兴,0.0130778712
临沂,嘉兴,0.01285990668
合肥,嘉兴,0.0126419421599999
宿迁,嘉兴,0.01242397764
抚州,嘉兴,0.01220601312
芜湖,嘉兴,0.01177008408
资阳,嘉兴,0.01177008408
赣州,嘉兴,0.01177008408
舟山,嘉兴,0.01133415504
菏泽,嘉兴,0.01068026148
宣城,嘉兴,0.0104622969599999
铜仁,嘉兴,0.0104622969599999
淮安,嘉兴,0.01024433244
吉安,嘉兴,0.0098084034
宜春,嘉兴,0.00959043888
广元,嘉兴,0.00915450984
黄山,嘉兴,0.00893654532
连云港,嘉兴,0.0087185808
枣庄,嘉兴,0.00850061628
达州,嘉兴,0.00850061628
池州,嘉兴,0.0082826517599999
南京,嘉兴,0.0082826517599999
永州,嘉兴,0.00784672272
南昌,嘉兴,0.00784672272
平顶山,嘉兴,0.0076287582
常州,嘉兴,0.00741079368
济宁,嘉兴,0.00697486464
遵义,嘉兴,0.0065389356
衡阳,嘉兴,0.0065389356
开封,嘉兴,0.00610300656
扬州,嘉兴,0.00566707752
怀化,嘉兴,0.00566707752
铜陵,嘉兴,0.00566707752
景德镇,嘉兴,0.005449113
湘西土家族苗族自治州,嘉兴,0.005449113
南平,嘉兴,0.0052311484799999
襄阳,嘉兴,0.00457725492
宁德,嘉兴,0.00457725492
淮北,嘉兴,0.0043592904
洛阳,嘉兴,0.0043592904
邵阳,嘉兴,0.0043592904
文山壮族苗族自治州,嘉兴,0.0043592904
六盘水,嘉兴,0.0041413258799999
咸宁,嘉兴,0.00392336136
许昌,嘉兴,0.00392336136
鹰潭,嘉兴,0.00392336136
岳阳,嘉兴,0.00392336136
荆州,嘉兴,0.00392336136
运城,嘉兴,0.00392336136
常德,嘉兴,0.00392336136
绵阳,嘉兴,0.00392336136
曲靖,嘉兴,0.00370539684
镇江,嘉兴,0.00370539684
濮阳,嘉兴,0.00370539684
泉州,嘉兴,0.00348743232
安顺,嘉兴,0.00348743232
郴州,嘉兴,0.00348743232
孝感,嘉兴,0.0032694678
恩施土家族苗族自治州,嘉兴,0.0032694678
巴中,嘉兴,0.0032694678
南充,嘉兴,0.0032694678
广安,嘉兴,0.00305150328
咸阳,嘉兴,0.00305150328
莆田,嘉兴,0.00305150328
成都,嘉兴,0.00283353876
杭州,湖州,0.259302384
嘉兴,湖州,0.10908756
宣城,湖州,0.085389228
苏州,湖州,0.04764744
阜阳,湖州,0.038368728
金华,湖州,0.032350104
上海,湖州,0.032224716
绍兴,湖州,0.03197394
宁波,湖州,0.023322168
亳州,湖州,0.02131596
温州,湖州,0.019936692
信阳,湖州,0.019685916
台州,湖州,0.019058976
安庆,湖州,0.0188082
衢州,湖州,0.015548112
无锡,湖州,0.014795784
毕节,湖州,0.014795784
宿州,湖州,0.014545008
周口,湖州,0.013291128
上饶,湖州,0.012789576
驻马店,湖州,0.012288024
合肥,湖州,0.011410308
商丘,湖州,0.01065798
黄山,湖州,0.010156428
盐城,湖州,0.009905652
六安,湖州,0.009780264
丽水,湖州,0.009654876
蚌埠,湖州,0.00877716
常州,湖州,0.00877716
滁州,湖州,0.008651772
重庆,湖州,0.008526384
徐州,湖州,0.008400996
泰州,湖州,0.00815022
南阳,湖州,0.00815022
黔南布依族苗族自治州,湖州,0.00752328
文山壮族苗族自治州,湖州,0.007021728
南京,湖州,0.00689634
淮南,湖州,0.00689634
芜湖,湖州,0.006770952
连云港,湖州,0.006394788
黄冈,湖州,0.005893236
临沂,湖州,0.00564246
宿迁,湖州,0.005391684
南通,湖州,0.005266296
九江,湖州,0.004513968
六盘水,湖州,0.00438858
抚州,湖州,0.004263192
淮安,湖州,0.004137804
菏泽,湖州,0.004012416
淮北,湖州,0.003887028
池州,湖州,0.003887028
绵阳,湖州,0.003510864
舟山,湖州,0.003510864
赣州,湖州,0.003385476
宜春,湖州,0.003260088
扬州,湖州,0.0031347
马鞍山,湖州,0.003009312
南昌,湖州,0.002883924
吉安,湖州,0.002883924
平顶山,湖州,0.002883924
黔东南苗族侗族自治州,湖州,0.002883924
枣庄,湖州,0.002758536
镇江,湖州,0.002758536
咸宁,湖州,0.002633148
昭通,湖州,0.002633148
开封,湖州,0.00250776
铜陵,湖州,0.00250776
贵阳,湖州,0.00250776
衡阳,湖州,0.00250776
怀化,湖州,0.002382372
洛阳,湖州,0.002382372
遵义,湖州,0.002256984
济宁,湖州,0.002256984
铜仁,湖州,0.002256984
福州,湖州,0.002131596
达州,湖州,0.002131596
襄阳,湖州,0.002006208
湘西土家族苗族自治州,湖州,0.002006208
宜宾,湖州,0.002006208
运城,湖州,0.002006208
许昌,湖州,0.002006208
南充,湖州,0.00188082
武汉,湖州,0.00188082
安顺,湖州,0.001755432
景德镇,湖州,0.001755432
岳阳,湖州,0.001755432
恩施土家族苗族自治州,湖州,0.001755432
邵阳,湖州,0.001630044
株洲,湖州,0.001630044
长沙,湖州,0.001630044
南平,湖州,0.001504656
邯郸,湖州,0.001504656
郑州,湖州,0.001379268
鹰潭,湖州,0.001379268
荆州,湖州,0.001379268
永州,湖州,0.001379268
遂宁,湖州,0.001379268
新乡,湖州,0.001379268
三门峡,湖州,0.00125388
安阳,湖州,0.00125388
杭州,绍兴,0.32803137648
宁波,绍兴,0.12536589024
金华,绍兴,0.09388387296
台州,绍兴,0.0475041153599999
温州,绍兴,0.0428661396
嘉兴,绍兴,0.0330280092
阜阳,绍兴,0.03106038312
上饶,绍兴,0.03035765952
上海,绍兴,0.02993602536
衢州,绍兴,0.028108944
湖州,绍兴,0.02515750488
丽水,绍兴,0.02234661048
重庆,绍兴,0.0182708136
周口,绍兴,0.0147571956
亳州,绍兴,0.01419501672
宿州,绍兴,0.0132112036799999
信阳,绍兴,0.01293011424
苏州,绍兴,0.0119463012
蚌埠,绍兴,0.01138412232
六盘水,绍兴,0.01110303288
景德镇,绍兴,0.01040030928
商丘,绍兴,0.0099786751199999
舟山,绍兴,0.00955704096
毕节,绍兴,0.00899486208
驻马店,绍兴,0.00871377264
安庆,绍兴,0.0084326831999999
吉安,绍兴,0.00787050432
九江,绍兴,0.00787050432
抚州,绍兴,0.00758941488
南阳,绍兴,0.00744887016
六安,绍兴,0.00730832544
遵义,绍兴,0.0066056018399999
滁州,绍兴,0.00646505712
衡阳,绍兴,0.0063245124
平顶山,绍兴,0.00604342296
无锡,绍兴,0.00604342296
南平,绍兴,0.00590287824
宜春,绍兴,0.00590287824
盐城,绍兴,0.0056217888
徐州,绍兴,0.0056217888
南昌,绍兴,0.0056217888
黄冈,绍兴,0.00548124408
宜宾,绍兴,0.00548124408
菏泽,绍兴,0.0053406993599999
绵阳,绍兴,0.00520015464
怀化,绍兴,0.00520015464
永州,绍兴,0.0049190651999999
黄山,绍兴,0.0049190651999999
湘西土家族苗族自治州,绍兴,0.0049190651999999
合肥,绍兴,0.00477852048
黔东南苗族侗族自治州,绍兴,0.00477852048
赣州,绍兴,0.00477852048
连云港,绍兴,0.00463797576
达州,绍兴,0.00463797576
曲靖,绍兴,0.00449743104
昭通,绍兴,0.00435688632
南京,绍兴,0.0042163415999999
淮南,绍兴,0.0042163415999999
邵阳,绍兴,0.00407579688
南通,绍兴,0.00407579688
淮北,绍兴,0.00407579688
宿迁,绍兴,0.00407579688
黔南布依族苗族自治州,绍兴,0.00393525216
芜湖,绍兴,0.00393525216
开封,绍兴,0.00393525216
铜陵,绍兴,0.00393525216
宣城,绍兴,0.00393525216
安顺,绍兴,0.00379470744
临沂,绍兴,0.00379470744
淮安,绍兴,0.00365416272
池州,绍兴,0.00365416272
恩施土家族苗族自治州,绍兴,0.00365416272
益阳,绍兴,0.00323252856
孝感,绍兴,0.00309198384
铜仁,绍兴,0.00295143912
郑州,绍兴,0.00295143912
鹰潭,绍兴,0.00295143912
泉州,绍兴,0.0028108944
福州,绍兴,0.00252980496
荆州,绍兴,0.00252980496
莆田,绍兴,0.00238926024
常州,绍兴,0.00224871552
枣庄,绍兴,0.00224871552
安阳,绍兴,0.00224871552
咸宁,绍兴,0.00224871552
泰州,绍兴,0.00224871552
郴州,绍兴,0.00224871552
汉中,绍兴,0.0021081707999999
贵阳,绍兴,0.0021081707999999
扬州,绍兴,0.0021081707999999
宁德,绍兴,0.0021081707999999
岳阳,绍兴,0.0021081707999999
广元,绍兴,0.0021081707999999
新乡,绍兴,0.0021081707999999
黔西南布依族苗族自治州,绍兴,0.00196762608
株洲,绍兴,0.00196762608
成都,绍兴,0.00196762608
揭阳,绍兴,0.00196762608
娄底,绍兴,0.00196762608
武汉,绍兴,0.00196762608
杭州,金华,0.22579917696
上饶,金华,0.17694614592
衢州,金华,0.15871391424
丽水,金华,0.13300179264
温州,金华,0.1110296159999999
绍兴,金华,0.1023809932799999
台州,金华,0.0818112959999999
周口,金华,0.06287782464
昭通,金华,0.0605403590399999
宁波,金华,0.05680041408
商丘,金华,0.0469830585599999
毕节,金华,0.0345944908799999
抚州,金华,0.03365950464
亳州,金华,0.0334257580799999
景德镇,金华,0.02945206656
宜春,金华,0.0287508268799999
阜阳,金华,0.0280495871999999
九江,金华,0.02711460096
吉安,金华,0.02547837504
嘉兴,金华,0.02384214912
湖州,金华,0.0231409094399999
黔西南布依族苗族自治州,金华,0.0219721766399999
鹰潭,金华,0.0215046835199999
赣州,金华,0.02056969728
重庆,金华,0.0198684575999999
遵义,金华,0.0198684575999999
南昌,金华,0.0194009644799999
怀化,金华,0.0186997248
宿州,金华,0.01682975232
上海,金华,0.01682975232
安顺,金华,0.0163622592
黔南布依族苗族自治州,金华,0.01589476608
信阳,金华,0.01542727296
南阳,金华,0.0144922867199999
南平,金华,0.0140247935999999
恩施土家族苗族自治州,金华,0.0137910470399999
驻马店,金华,0.0133235539199999
蚌埠,金华,0.01262231424
安庆,金华,0.01238856768
苏州,金华,0.0116873279999999
滁州,金华,0.0116873279999999
黄冈,金华,0.0114535814399999
邵阳,金华,0.01121983488
六盘水,金华,0.0107523417599999
黄山,金华,0.01028484864
黔东南苗族侗族自治州,金华,0.01028484864
湘西土家族苗族自治州,金华,0.00981735552
衡阳,金华,0.00911611584
咸宁,金华,0.00911611584
曲靖,金华,0.0086486227199999
淮南,金华,0.00841487616
六安,金华,0.0081811296
铜仁,金华,0.0081811296
宁德,金华,0.00794738304
永州,金华,0.00771363648
舟山,金华,0.00771363648
徐州,金华,0.0074798899199999
株洲,金华,0.0070123967999999
开封,金华,0.0070123967999999
池州,金华,0.0070123967999999
合肥,金华,0.00654490368
贵阳,金华,0.00631115712
芜湖,金华,0.0053761708799999
娄底,金华,0.0053761708799999
宣城,金华,0.0053761708799999
平顶山,金华,0.0053761708799999
襄阳,金华,0.0053761708799999
洛阳,金华,0.00514242432
萍乡,金华,0.0046749312
淮北,金华,0.0046749312
新余,金华,0.0046749312
达州,金华,0.0046749312
武汉,金华,0.00444118464
黄石,金华,0.00444118464
福州,金华,0.00444118464
宜宾,金华,0.00444118464
荆州,金华,0.00444118464
常德,金华,0.00420743808
益阳,金华,0.00420743808
莆田,金华,0.00420743808
无锡,金华,0.00420743808
三明,金华,0.00420743808
岳阳,金华,0.00420743808
泉州,金华,0.00420743808
菏泽,金华,0.00420743808
许昌,金华,0.00397369152
南通,金华,0.00397369152
张家界,金华,0.00397369152
南京,金华,0.00397369152
盐城,金华,0.00397369152
常州,金华,0.0037399449599999
长沙,金华,0.0037399449599999
郴州,金华,0.0037399449599999
孝感,金华,0.0037399449599999
宿迁,金华,0.0035061983999999
铜陵,金华,0.0035061983999999
桂林,金华,0.00303870528
连云港,金华,0.00303870528
邯郸,金华,0.00303870528
运城,金华,0.00303870528
上饶,衢州,0.09861672888
杭州,衢州,0.097362567
金华,衢州,0.08732927196
丽水,衢州,0.03320228556
温州,衢州,0.0118815336
绍兴,衢州,0.01181552508
宁波,衢州,0.011551491
九江,衢州,0.01135346544
南平,衢州,0.0102313206
重庆,衢州,0.00970325244
台州,衢州,0.0085811076
黄冈,衢州,0.00798703092
抚州,衢州,0.00765698832
宜春,衢州,0.00712892016
嘉兴,衢州,0.00686488608
黄山,衢州,0.0062708094
景德镇,衢州,0.00587475828
吉安,衢州,0.00547870716
恩施土家族苗族自治州,衢州,0.00534669012
咸宁,衢州,0.00534669012
毕节,衢州,0.00521467308
南昌,衢州,0.00508265604
衡阳,衢州,0.004950639
上海,衢州,0.00481862196
黄石,衢州,0.00455458788
赣州,衢州,0.00442257084
安庆,衢州,0.0042905538
荆州,衢州,0.00422454528
湖州,衢州,0.00409252824
襄阳,衢州,0.0039605112
湘西土家族苗族自治州,衢州,0.00382849416
周口,衢州,0.0036304686
阜阳,衢州,0.00349845156
鹰潭,衢州,0.00343244304
南阳,衢州,0.00336643452
怀化,衢州,0.00336643452
昭通,衢州,0.003300426
邵阳,衢州,0.00323441748
遵义,衢州,0.00323441748
永州,衢州,0.00310240044
亳州,衢州,0.0029703834
益阳,衢州,0.0029703834
萍乡,衢州,0.00283836636
常德,衢州,0.0027723578399999
苏州,衢州,0.00257433228
信阳,衢州,0.00244231524
黔西南布依族苗族自治州,衢州,0.00244231524
娄底,衢州,0.0023102982
黔南布依族苗族自治州,衢州,0.0023102982
岳阳,衢州,0.0023102982
株洲,衢州,0.00217828116
铜仁,衢州,0.00217828116
池州,衢州,0.00217828116
长沙,衢州,0.00184823856
六盘水,衢州,0.00178223004
商丘,衢州,0.00171622152
六安,衢州,0.00171622152
驻马店,衢州,0.00171622152
达州,衢州,0.001650213
武汉,衢州,0.001650213
荆门,衢州,0.001650213
合肥,衢州,0.001650213
张家界,衢州,0.00158420448
宜昌,衢州,0.00158420448
郴州,衢州,0.00158420448
安顺,衢州,0.00158420448
宿州,衢州,0.00151819596
宣城,衢州,0.00151819596
十堰,衢州,0.00145218744
孝感,衢州,0.0013861789199999
贵阳,衢州,0.0013201704
徐州,衢州,0.0013201704
平顶山,衢州,0.00125416188
黔东南苗族侗族自治州,衢州,0.00125416188
芜湖,衢州,0.00125416188
安康,衢州,0.00125416188
随州,衢州,0.00118815336
宁德,衢州,0.00118815336
蚌埠,衢州,0.00118815336
湘潭,衢州,0.00112214484
无锡,衢州,0.00105613632
曲靖,衢州,0.00105613632
舟山,衢州,0.00105613632
汉中,衢州,0.00105613632
三明,衢州,0.0009901278
常州,衢州,0.0009901278
滁州,衢州,0.00092411928
淮南,衢州,0.00092411928
南京,衢州,0.00092411928
文山壮族苗族自治州,衢州,0.00092411928
福州,衢州,0.00085811076
广州,衢州,0.00085811076
枣庄,衢州,0.00085811076
宜宾,衢州,0.00079210224
连云港,衢州,0.00079210224
潜江,衢州,0.00079210224
临沂,衢州,0.00072609372
菏泽,衢州,0.00072609372
泉州,衢州,0.00072609372
盐城,衢州,0.00072609372
宁波,舟山,0.08601766488
上海,舟山,0.04290941304
杭州,舟山,0.02787719976
台州,舟山,0.0226676232
温州,舟山,0.02091784176
绍兴,舟山,0.01626501384
阜阳,舟山,0.0151117488
金华,舟山,0.0137198772
嘉兴,舟山,0.0123280056
商丘,舟山,0.00469259568
青岛,舟山,0.00453352464
苏州,舟山,0.00441422136
南通,舟山,0.00433468584
临沂,舟山,0.00361886616
周口,舟山,0.0033802596
湖州,舟山,0.00306211752
泰州,舟山,0.002982582
泉州,舟山,0.00294281424
南京,舟山,0.00290304648
安庆,舟山,0.00282351096
亳州,舟山,0.00274397544
徐州,舟山,0.00266443992
衢州,舟山,0.00242583336
无锡,舟山,0.0023860656
丽水,舟山,0.0021872268
驻马店,舟山,0.00214745904
连云港,舟山,0.00210769128
宿州,舟山,0.00202815576
上饶,舟山,0.001988388
福州,舟山,0.00186908472
济宁,舟山,0.00174978144
芜湖,舟山,0.00155094264
宁德,舟山,0.00155094264
南阳,舟山,0.00143163936
南昌,舟山,0.0013918716
九江,舟山,0.00135210384
盐城,舟山,0.00135210384
怀化,舟山,0.00131233608
黄冈,舟山,0.00123280056
泰安,舟山,0.0011930328
菏泽,舟山,0.0011930328
镇江,舟山,0.0011930328
淄博,舟山,0.0011930328
大连,舟山,0.00115326504
新乡,舟山,0.00111349728
济南,舟山,0.00111349728
景德镇,舟山,0.00107372952
合肥,舟山,0.00103396176
淮安,舟山,0.000994194
信阳,舟山,0.000994194
开封,舟山,0.00095442624
洛阳,舟山,0.00095442624
宿迁,舟山,0.00091465848
扬州,舟山,0.00091465848
重庆,舟山,0.00087489072
蚌埠,舟山,0.00083512296
烟台,舟山,0.00083512296
铜陵,舟山,0.00083512296
资阳,舟山,0.00083512296
唐山,舟山,0.00083512296
天津,舟山,0.0007953552
郑州,舟山,0.00075558744
铜仁,舟山,0.00075558744
池州,舟山,0.00071581968
武汉,舟山,0.00067605192
淮南,舟山,0.00067605192
宣城,舟山,0.00067605192
常州,舟山,0.00067605192
赣州,舟山,0.00063628416
宜春,舟山,0.00063628416
湛江,舟山,0.0005965164
抚州,舟山,0.0005965164
濮阳,舟山,0.00055674864
深圳,舟山,0.00055674864
滁州,舟山,0.00055674864
马鞍山,舟山,0.00055674864
六安,舟山,0.00055674864
长沙,舟山,0.00055674864
平顶山,舟山,0.00055674864
文山壮族苗族自治州,舟山,0.00055674864
潍坊,舟山,0.00051698088
益阳,舟山,0.00051698088
日照,舟山,0.00051698088
沧州,舟山,0.00051698088
北京,舟山,0.00051698088
南平,舟山,0.00051698088
枣庄,舟山,0.00051698088
广州,舟山,0.00051698088
咸宁,舟山,0.00047721312
荆州,舟山,0.00047721312
湘西土家族苗族自治州,舟山,0.00043744536
揭阳,舟山,0.00043744536
恩施土家族苗族自治州,舟山,0.00043744536
阳江,舟山,0.00043744536
焦作,舟山,0.00043744536
莆田,舟山,0.00043744536
黄山,舟山,0.0003976776
安阳,舟山,0.0003976776
成都,舟山,0.0003976776
遵义,舟山,0.00035790984
温州,台州,0.14425209
宁波,台州,0.124809417
杭州,台州,0.082788156
金华,台州,0.0684883836
绍兴,台州,0.0373801068
丽水,台州,0.0367529238
商丘,台州,0.028223235
重庆,台州,0.0277214886
亳州,台州,0.027596052
上饶,台州,0.0262162494
蚌埠,台州,0.0252127565999999
阜阳,台州,0.02508732
恩施土家族苗族自治州,台州,0.0208224755999999
衢州,台州,0.0179374338
上海,台州,0.0161813214
周口,台州,0.0155541384
驻马店,台州,0.0153032652
嘉兴,台州,0.0151778286
宿州,台州,0.0134217162
吉安,台州,0.0130454064
抚州,台州,0.0126690966
舟山,台州,0.0124182234
黄冈,台州,0.0120419136
宜春,台州,0.0117910404
遵义,台州,0.0116656038
湖州,台州,0.0115401672
滁州,台州,0.0105366744
昭通,台州,0.010034928
毕节,台州,0.010034928
九江,台州,0.0099094914
咸宁,台州,0.0099094914
内江,台州,0.0079025058
苏州,台州,0.0076516326
汉中,台州,0.0066481398
南阳,台州,0.00627183
池州,台州,0.00627183
宁德,台州,0.0061463934
湘西土家族苗族自治州,台州,0.0058955202
怀化,台州,0.0057700836
黔西南布依族苗族自治州,台州,0.0057700836
铜仁,台州,0.0055192104
赣州,台州,0.0055192104
六安,台州,0.0055192104
黔东南苗族侗族自治州,台州,0.0053937738
安庆,台州,0.0052683372
曲靖,台州,0.0051429006
宜宾,台州,0.0051429006
黔南布依族苗族自治州,台州,0.005017464
安顺,台州,0.005017464
衡阳,台州,0.0048920274
信阳,台州,0.0047665908
许昌,台州,0.0047665908
邵阳,台州,0.0046411542
徐州,台州,0.0045157176
黄石,台州,0.004390281
连云港,台州,0.004390281
随州,台州,0.004390281
合肥,台州,0.0041394078
景德镇,台州,0.0041394078
福州,台州,0.0040139712
无锡,台州,0.0038885346
资阳,台州,0.0038885346
盐城,台州,0.003763098
荆州,台州,0.003763098
南昌,台州,0.0036376614
淮北,台州,0.0035122248
淮南,台州,0.0033867882
平顶山,台州,0.0033867882
达州,台州,0.0032613516
襄阳,台州,0.003135915
永州,台州,0.003135915
六盘水,台州,0.0030104784
株洲,台州,0.0028850418
开封,台州,0.0028850418
贵阳,台州,0.0027596052
南京,台州,0.0026341686
常德,台州,0.0026341686
广元,台州,0.002508732
宿迁,台州,0.002508732
安康,台州,0.0023832954
泉州,台州,0.0023832954
南通,台州,0.0023832954
菏泽,台州,0.0023832954
宣城,台州,0.0023832954
南平,台州,0.0023832954
桂林,台州,0.0022578588
临沂,台州,0.0022578588
黄山,台州,0.0022578588
泰州,台州,0.0022578588
莆田,台州,0.0021324222
淮安,台州,0.0020069856
芜湖,台州,0.0020069856
洛阳,台州,0.0020069856
绵阳,台州,0.001881549
商洛,台州,0.001881549
自贡,台州,0.001881549
武汉,台州,0.001881549
宜昌,台州,0.001881549
常州,台州,0.0017561124
济宁,台州,0.0016306758
金华,丽水,0.08636352192
温州,丽水,0.08227400688
杭州,丽水,0.04098309696
衢州,丽水,0.0259442352
台州,丽水,0.01926029664
南平,丽水,0.01503886176
宁波,丽水,0.0126643046399999
绍兴,丽水,0.0100259078399999
上饶,丽水,0.00800313696
嘉兴,丽水,0.00536474016
重庆,丽水,0.0050129539199999
湖州,丽水,0.004397328
上海,丽水,0.00426540816
宁德,丽水,0.00413348832
遵义,丽水,0.00404554176
九江,丽水,0.0036497822399999
周口,丽水,0.00360580896
抚州,丽水,0.0031660761599999
毕节,丽水,0.00277031664
驻马店,丽水,0.00268237008
黄冈,丽水,0.00246250368
阜阳,丽水,0.0024185304
宜春,丽水,0.00237455712
吉安,丽水,0.00215469072
黄石,丽水,0.00193482432
恩施土家族苗族自治州,丽水,0.0018908510399999
衡阳,丽水,0.00184687776
怀化,丽水,0.00184687776
苏州,丽水,0.00180290448
赣州,丽水,0.00180290448
昭通,丽水,0.00180290448
咸宁,丽水,0.00171495792
信阳,丽水,0.0015830380799999
南阳,丽水,0.0015830380799999
安庆,丽水,0.00140714496
景德镇,丽水,0.00140714496
福州,丽水,0.0013191983999999
襄阳,丽水,0.0013191983999999
合肥,丽水,0.0013191983999999
永州,丽水,0.0013191983999999
宿州,丽水,0.0012752251199999
舟山,丽水,0.00123125184
亳州,丽水,0.00118727856
黔东南苗族侗族自治州,丽水,0.00118727856
南昌,丽水,0.001099332
邵阳,丽水,0.0010553587199999
湘西土家族苗族自治州,丽水,0.00101138544
济宁,丽水,0.00101138544
黄山,丽水,0.00101138544
黔南布依族苗族自治州,丽水,0.00096741216
商丘,丽水,0.00096741216
池州,丽水,0.00092343888
六安,丽水,0.00092343888
黔西南布依族苗族自治州,丽水,0.00092343888
泰州,丽水,0.00092343888
滁州,丽水,0.00092343888
南通,丽水,0.0008794656
铜仁,丽水,0.0008794656
平顶山,丽水,0.00083549232
蚌埠,丽水,0.00083549232
泉州,丽水,0.00083549232
贵阳,丽水,0.00074754576
枣庄,丽水,0.00070357248
达州,丽水,0.00070357248
长沙,丽水,0.00070357248
盐城,丽水,0.0006595991999999
鹰潭,丽水,0.00061562592
深圳,丽水,0.00061562592
漳州,丽水,0.00057165264
镇江,丽水,0.00057165264
无锡,丽水,0.00057165264
常德,丽水,0.00057165264
岳阳,丽水,0.00057165264
芜湖,丽水,0.00057165264
龙岩,丽水,0.00057165264
莆田,丽水,0.0005276793599999
徐州,丽水,0.0005276793599999
株洲,丽水,0.0005276793599999
六盘水,丽水,0.00048370608
娄底,丽水,0.00048370608
淮北,丽水,0.00048370608
荆州,丽水,0.00048370608
武汉,丽水,0.00048370608
南充,丽水,0.0004397328
安顺,丽水,0.0004397328
三明,丽水,0.0004397328
益阳,丽水,0.0004397328
宜宾,丽水,0.0004397328
巴中,丽水,0.0004397328
洛阳,丽水,0.0003957595199999
张家界,丽水,0.0003957595199999
曲靖,丽水,0.0003957595199999
连云港,丽水,0.0003957595199999
南京,丽水,0.0003957595199999
菏泽,丽水,0.0003957595199999
安康,丽水,0.0003957595199999
铜陵,丽水,0.00035178624
萍乡,丽水,0.00035178624
桂林,丽水,0.00035178624
常州,丽水,0.00035178624
六安,合肥,1.20772857492
安庆,合肥,0.97404510744
淮南,合肥,0.72361796472
阜阳,合肥,0.63261972972
宿州,合肥,0.4659109632000001
亳州,合肥,0.4171359092400001
滁州,合肥,0.39966424812
蚌埠,合肥,0.27809060616
芜湖,合肥,0.27372269088
铜陵,合肥,0.1965561876
马鞍山,合肥,0.17326063944
池州,合肥,0.16598078064
淮北,合肥,0.13686134544
宣城,合肥,0.12448558548
黄山,合肥,0.0946381644
信阳,合肥,0.06042282804
上海,合肥,0.0473190822
南京,合肥,0.03931123752
南阳,合肥,0.036399294
周口,合肥,0.03567130812
商丘,合肥,0.03348735048
徐州,合肥,0.02839144932
苏州,合肥,0.02766346344
驻马店,合肥,0.0254795058
杭州,合肥,0.01892763288
无锡,合肥,0.01528770348
菏泽,合肥,0.0145597176
九江,合肥,0.01383173172
黄冈,合肥,0.01383173172
重庆,合肥,0.01383173172
武汉,合肥,0.01310374584
常州,合肥,0.01310374584
宿迁,合肥,0.0109197882
北京,合肥,0.01019180232
南通,合肥,0.00946381644
上饶,合肥,0.00946381644
淮安,合肥,0.00946381644
扬州,合肥,0.00873583056
盐城,合肥,0.00873583056
郑州,合肥,0.00873583056
洛阳,合肥,0.00873583056
临沂,合肥,0.00800784468
平顶山,合肥,0.00800784468
开封,合肥,0.00800784468
宁波,合肥,0.00800784468
南昌,合肥,0.00800784468
襄阳,合肥,0.0072798588
邯郸,合肥,0.00655187292
温州,合肥,0.00655187292
泰州,合肥,0.00655187292
济宁,合肥,0.00582388704
镇江,合肥,0.00582388704
许昌,合肥,0.00582388704
连云港,合肥,0.00582388704
荆州,合肥,0.00582388704
泉州,合肥,0.00509590116
长沙,合肥,0.00509590116
深圳,合肥,0.00509590116
新乡,合肥,0.00509590116
西安,合肥,0.00509590116
孝感,合肥,0.00436791528
抚州,合肥,0.00436791528
安阳,合肥,0.00436791528
枣庄,合肥,0.00436791528
泰安,合肥,0.00436791528
青岛,合肥,0.00436791528
宜春,合肥,0.00436791528
湖州,合肥,0.00436791528
漯河,合肥,0.00436791528
赣州,合肥,0.00436791528
十堰,合肥,0.00436791528
吉安,合肥,0.00436791528
嘉兴,合肥,0.00436791528
巴中,合肥,0.00436791528
台州,合肥,0.0036399294
济南,合肥,0.0036399294
天津,合肥,0.0036399294
沧州,合肥,0.0036399294
广州,合肥,0.0036399294
绍兴,合肥,0.0036399294
福州,合肥,0.0036399294
岳阳,合肥,0.0036399294
濮阳,合肥,0.0036399294
聊城,合肥,0.0036399294
成都,合肥,0.0036399294
金华,合肥,0.0036399294
汉中,合肥,0.00291194352
咸宁,合肥,0.00291194352
焦作,合肥,0.00291194352
黄石,合肥,0.00291194352
莆田,合肥,0.00291194352
德州,合肥,0.00291194352
达州,合肥,0.00291194352
潍坊,合肥,0.00291194352
咸阳,合肥,0.00291194352
宜昌,合肥,0.00291194352
随州,合肥,0.00291194352
绵阳,合肥,0.00291194352
厦门,合肥,0.00291194352
衡阳,合肥,0.00291194352
马鞍山,芜湖,0.17856916236
合肥,芜湖,0.17053928568
宣城,芜湖,0.1372726537199999
安庆,芜湖,0.0809360585999999
铜陵,芜湖,0.0758377242
阜阳,芜湖,0.0452477177999999
宿州,芜湖,0.04104159192
池州,芜湖,0.03925717488
六安,芜湖,0.0363256326
亳州,芜湖,0.03160967328
南京,芜湖,0.0305900063999999
上海,芜湖,0.0276584641199999
滁州,芜湖,0.02753100576
淮南,芜湖,0.0242170883999999
蚌埠,芜湖,0.0229425048
黄山,芜湖,0.02141300448
淮北,芜湖,0.0149126281199999
苏州,芜湖,0.0121085441999999
杭州,芜湖,0.01096141896
周口,芜湖,0.00815733504
徐州,芜湖,0.0072651265199999
商丘,芜湖,0.00662783472
信阳,芜湖,0.006372918
无锡,芜湖,0.006372918
常州,芜湖,0.0061180012799999
九江,芜湖,0.0050983344
南阳,芜湖,0.00497087604
镇江,芜湖,0.0047159593199999
南通,芜湖,0.0045885009599999
淮安,芜湖,0.0044610425999999
北京,芜湖,0.00433358424
上饶,芜湖,0.00433358424
扬州,芜湖,0.00433358424
黄冈,芜湖,0.00420612588
盐城,芜湖,0.00407866752
邯郸,芜湖,0.00395120916
宁波,芜湖,0.00331391736
泰州,芜湖,0.003186459
重庆,芜湖,0.003186459
驻马店,芜湖,0.003186459
菏泽,芜湖,0.0030590006399999
宿迁,芜湖,0.0030590006399999
武汉,芜湖,0.00293154228
温州,芜湖,0.00293154228
洛阳,芜湖,0.00280408392
开封,芜湖,0.00280408392
台州,芜湖,0.0025491672
湖州,芜湖,0.00242170884
南昌,芜湖,0.00242170884
绍兴,芜湖,0.00242170884
枣庄,芜湖,0.0022942504799999
连云港,芜湖,0.0022942504799999
平顶山,芜湖,0.00216679212
宜春,芜湖,0.00203933376
赣州,芜湖,0.00203933376
嘉兴,芜湖,0.0019118753999999
金华,芜湖,0.00165695868
黄石,芜湖,0.0015295003199999
长沙,芜湖,0.0015295003199999
襄阳,芜湖,0.0015295003199999
济宁,芜湖,0.0015295003199999
三门峡,芜湖,0.00140204196
晋城,芜湖,0.00140204196
岳阳,芜湖,0.00140204196
天津,芜湖,0.00140204196
抚州,芜湖,0.00140204196
许昌,芜湖,0.00140204196
郑州,芜湖,0.00140204196
潍坊,芜湖,0.0012745836
聊城,芜湖,0.0012745836
濮阳,芜湖,0.0012745836
深圳,芜湖,0.0011471252399999
临沂,芜湖,0.0011471252399999
济南,芜湖,0.0011471252399999
孝感,芜湖,0.0011471252399999
成都,芜湖,0.0011471252399999
荆州,芜湖,0.00101966688
常德,芜湖,0.00101966688
吉安,芜湖,0.00101966688
荆门,芜湖,0.00101966688
漯河,芜湖,0.00101966688
衡阳,芜湖,0.00101966688
西安,芜湖,0.00101966688
衢州,芜湖,0.00101966688
运城,芜湖,0.00089220852
咸宁,芜湖,0.00089220852
莆田,芜湖,0.00089220852
达州,芜湖,0.00089220852
渭南,芜湖,0.0007647501599999
景德镇,芜湖,0.0007647501599999
新乡,芜湖,0.0007647501599999
随州,芜湖,0.0007647501599999
保定,芜湖,0.0007647501599999
四平,芜湖,0.0007647501599999
广州,芜湖,0.0007647501599999
安阳,芜湖,0.0007647501599999
福州,芜湖,0.0007647501599999
德州,芜湖,0.0007647501599999
宝鸡,芜湖,0.0007647501599999
宜昌,芜湖,0.0007647501599999
滁州,蚌埠,0.17207190288
宿州,蚌埠,0.1344918654
亳州,蚌埠,0.09603787356
合肥,蚌埠,0.070401879
淮南,蚌埠,0.0587491542
阜阳,蚌埠,0.05612729112
淮北,蚌埠,0.02602441872
周口,蚌埠,0.02048937444
上海,蚌埠,0.02000384424
六安,蚌埠,0.0197125261199999
安庆,蚌埠,0.01718776908
南京,蚌埠,0.01466301204
商丘,蚌埠,0.01233246708
徐州,蚌埠,0.01223536104
宿迁,蚌埠,0.01145851272
芜湖,蚌埠,0.00951639192
苏州,蚌埠,0.00941928588
洛阳,蚌埠,0.00835111944
平顶山,蚌埠,0.0082540134
杭州,蚌埠,0.00747716508
新乡,蚌埠,0.0058263624
无锡,蚌埠,0.00563215032
池州,蚌埠,0.00563215032
马鞍山,蚌埠,0.00495240804
驻马店,蚌埠,0.00446687784
开封,蚌埠,0.00446687784
黄山,蚌埠,0.00446687784
铜陵,蚌埠,0.0043697718
南通,蚌埠,0.0043697718
宁波,蚌埠,0.00427266576
宣城,蚌埠,0.00417555972
淮安,蚌埠,0.00407845368
南阳,蚌埠,0.00398134764
菏泽,蚌埠,0.00398134764
镇江,蚌埠,0.0038842416
郑州,蚌埠,0.00378713556
枣庄,蚌埠,0.00369002952
信阳,蚌埠,0.00369002952
常州,蚌埠,0.00359292348
扬州,蚌埠,0.00349581744
临沂,蚌埠,0.00310739328
许昌,蚌埠,0.0029131812
漯河,蚌埠,0.00271896912
济宁,蚌埠,0.00262186308
泰州,蚌埠,0.00252475704
嘉兴,蚌埠,0.00252475704
台州,蚌埠,0.002427651
盐城,蚌埠,0.00233054496
运城,蚌埠,0.00223343892
北京,蚌埠,0.00223343892
温州,蚌埠,0.00213633288
黄冈,蚌埠,0.00165080268
渭南,蚌埠,0.00155369664
三门峡,蚌埠,0.00155369664
九江,蚌埠,0.0014565906
连云港,蚌埠,0.0014565906
重庆,蚌埠,0.0014565906
绍兴,蚌埠,0.00135948456
西安,蚌埠,0.00135948456
济南,蚌埠,0.00135948456
安阳,蚌埠,0.00135948456
金华,蚌埠,0.00126237852
聊城,蚌埠,0.00116527248
湖州,蚌埠,0.00116527248
濮阳,蚌埠,0.00116527248
武汉,蚌埠,0.00106816644
南昌,蚌埠,0.0009710604
潍坊,蚌埠,0.0009710604
咸阳,蚌埠,0.0009710604
焦作,蚌埠,0.0009710604
天津,蚌埠,0.0009710604
上饶,蚌埠,0.00087395436
临汾,蚌埠,0.00087395436
青岛,蚌埠,0.00087395436
邯郸,蚌埠,0.00087395436
泉州,蚌埠,0.00077684832
深圳,蚌埠,0.00077684832
德州,蚌埠,0.00077684832
泰安,蚌埠,0.00077684832
宜春,蚌埠,0.00077684832
衢州,蚌埠,0.00077684832
荆州,蚌埠,0.00077684832
鹤壁,蚌埠,0.00067974228
福州,蚌埠,0.00067974228
吉安,蚌埠,0.00067974228
广州,蚌埠,0.00067974228
长治,蚌埠,0.00058263624
宜昌,蚌埠,0.00058263624
襄阳,蚌埠,0.00058263624
邵阳,蚌埠,0.00058263624
十堰,蚌埠,0.0004855302
厦门,蚌埠,0.0004855302
遵义,蚌埠,0.0004855302
舟山,蚌埠,0.0004855302
烟台,蚌埠,0.0004855302
邢台,蚌埠,0.0004855302
淄博,蚌埠,0.0004855302
安康,蚌埠,0.0004855302
孝感,蚌埠,0.0004855302
恩施土家族苗族自治州,蚌埠,0.00038842416
合肥,淮南,0.1940292144
阜阳,淮南,0.12236884488
六安,淮南,0.0782638848
亳州,淮南,0.0646492298399999
蚌埠,淮南,0.05568149304
滁州,淮南,0.0306533548799999
上海,淮南,0.02494661328
宿州,淮南,0.0191583468
安庆,淮南,0.0170386999199999
淮北,淮南,0.01271788128
周口,淮南,0.01084280904
驻马店,淮南,0.0092123114399999
芜湖,淮南,0.0085601124
南京,淮南,0.00807096312
苏州,淮南,0.00758181384
黄山,淮南,0.00627741576
商丘,淮南,0.006114366
南阳,淮南,0.00497301768
铜陵,淮南,0.0047284430399999
徐州,淮南,0.00456539328
池州,淮南,0.00456539328
杭州,淮南,0.00423929376
宣城,淮南,0.004076244
洛阳,淮南,0.00399471912
平顶山,淮南,0.0038316693599999
马鞍山,淮南,0.00375014448
信阳,淮南,0.0036686196
无锡,淮南,0.00334252008
宿迁,淮南,0.0028533708
宁波,淮南,0.0024457464
常州,淮南,0.00220117176
许昌,淮南,0.00220117176
新乡,淮南,0.00211964688
嘉兴,淮南,0.002038122
菏泽,淮南,0.002038122
开封,淮南,0.002038122
南通,淮南,0.0017935473599999
扬州,淮南,0.00171202248
临沂,淮南,0.0014674478399999
盐城,淮南,0.00138592296
镇江,淮南,0.00138592296
北京,淮南,0.00138592296
郑州,淮南,0.00130439808
漯河,淮南,0.00130439808
濮阳,淮南,0.0012228732
淮安,淮南,0.0012228732
济宁,淮南,0.0012228732
重庆,淮南,0.00114134832
襄阳,淮南,0.00105982344
连云港,淮南,0.00105982344
枣庄,淮南,0.00105982344
九江,淮南,0.00105982344
武汉,淮南,0.00105982344
安阳,淮南,0.00097829856
泰州,淮南,0.00097829856
金华,淮南,0.00097829856
黄冈,淮南,0.0008967736799999
青岛,淮南,0.0008967736799999
西安,淮南,0.0008967736799999
焦作,淮南,0.0008967736799999
安康,淮南,0.0008967736799999
巴中,淮南,0.0008152488
三门峡,淮南,0.0008152488
深圳,淮南,0.0008152488
湖州,淮南,0.0008152488
咸阳,淮南,0.0008152488
上饶,淮南,0.0008152488
泉州,淮南,0.0008152488
福州,淮南,0.0008152488
达州,淮南,0.0008152488
临汾,淮南,0.0008152488
岳阳,淮南,0.0007337239199999
运城,淮南,0.0007337239199999
台州,淮南,0.0007337239199999
商洛,淮南,0.0007337239199999
温州,淮南,0.0007337239199999
聊城,淮南,0.0007337239199999
济南,淮南,0.00065219904
绵阳,淮南,0.00057067416
汉中,淮南,0.00057067416
南充,淮南,0.00057067416
沧州,淮南,0.00057067416
十堰,淮南,0.00048914928
鄂尔多斯,淮南,0.00048914928
荆州,淮南,0.00048914928
天津,淮南,0.00048914928
随州,淮南,0.00048914928
宜春,淮南,0.00048914928
泰安,淮南,0.0004076244
厦门,淮南,0.0004076244
景德镇,淮南,0.0004076244
绍兴,淮南,0.0004076244
渭南,淮南,0.0004076244
舟山,淮南,0.0004076244
抚州,淮南,0.0004076244
保定,淮南,0.0004076244
廊坊,淮南,0.00032609952
宜昌,淮南,0.00032609952
南平,淮南,0.00032609952
孝感,淮南,0.00032609952
芜湖,马鞍山,0.14407737624
合肥,马鞍山,0.1114520601599999
南京,马鞍山,0.10761378768
滁州,马鞍山,0.0288581227199999
亳州,马鞍山,0.0252330876
安庆,马鞍山,0.0238115052
阜阳,马鞍山,0.02054186568
宣城,马鞍山,0.01819625472
六安,马鞍山,0.01570848552
宿州,马鞍山,0.0138604283999999
淮南,马鞍山,0.0115858965599999
铜陵,马鞍山,0.01059078888
蚌埠,马鞍山,0.0100932350399999
上海,马鞍山,0.00931136472
池州,马鞍山,0.0081740988
信阳,马鞍山,0.0066814372799999
黄山,马鞍山,0.00618388344
周口,马鞍山,0.0056863296
苏州,马鞍山,0.00547309224
常州,马鞍山,0.00525985488
无锡,马鞍山,0.00476230104
淮北,马鞍山,0.00440690544
宿迁,马鞍山,0.00433582632
淮安,马鞍山,0.00419366808
商丘,马鞍山,0.00412258896
徐州,马鞍山,0.00398043072
南阳,马鞍山,0.0039093516
镇江,马鞍山,0.00376719336
杭州,马鞍山,0.00362503512
盐城,马鞍山,0.00312748128
南通,马鞍山,0.00277208568
扬州,马鞍山,0.00270100656
泰州,马鞍山,0.00234561096
驻马店,马鞍山,0.00227453184
九江,马鞍山,0.0021323736
新乡,马鞍山,0.001776978
菏泽,马鞍山,0.00170589888
北京,马鞍山,0.00163481976
黄冈,马鞍山,0.0014926615199999
南昌,马鞍山,0.0014215824
洛阳,马鞍山,0.0014215824
连云港,马鞍山,0.0014215824
平顶山,马鞍山,0.0014215824
宁波,马鞍山,0.0012794241599999
武汉,马鞍山,0.0012794241599999
重庆,马鞍山,0.0012794241599999
上饶,马鞍山,0.00120834504
郑州,马鞍山,0.00120834504
开封,马鞍山,0.0010661868
枣庄,马鞍山,0.0010661868
济宁,马鞍山,0.00099510768
邯郸,马鞍山,0.00099510768
青岛,马鞍山,0.00092402856
临沂,马鞍山,0.00092402856
许昌,马鞍山,0.00092402856
绍兴,马鞍山,0.00092402856
孝感,马鞍山,0.00085294944
湖州,马鞍山,0.00085294944
赣州,马鞍山,0.00085294944
嘉兴,马鞍山,0.00085294944
襄阳,马鞍山,0.00078187032
荆州,马鞍山,0.00078187032
泰安,马鞍山,0.0007107912
金华,马鞍山,0.0007107912
黄石,马鞍山,0.0007107912
漯河,马鞍山,0.0006397120799999
岳阳,马鞍山,0.0006397120799999
泉州,马鞍山,0.0006397120799999
景德镇,马鞍山,0.0006397120799999
长沙,马鞍山,0.0006397120799999
深圳,马鞍山,0.00056863296
温州,马鞍山,0.00049755384
临汾,马鞍山,0.00049755384
衢州,马鞍山,0.00049755384
随州,马鞍山,0.00049755384
宜春,马鞍山,0.00049755384
咸宁,马鞍山,0.00049755384
台州,马鞍山,0.00042647472
厦门,马鞍山,0.00042647472
安康,马鞍山,0.00042647472
舟山,马鞍山,0.00042647472
天津,马鞍山,0.00042647472
常德,马鞍山,0.00042647472
成都,马鞍山,0.00042647472
三亚,马鞍山,0.00042647472
莆田,马鞍山,0.00042647472
达州,马鞍山,0.0003553956
焦作,马鞍山,0.0003553956
西安,马鞍山,0.0003553956
福州,马鞍山,0.0003553956
保定,马鞍山,0.0003553956
衡阳,马鞍山,0.0003553956
广州,马鞍山,0.0003553956
廊坊,马鞍山,0.0003553956
安阳,马鞍山,0.0003553956
鹰潭,马鞍山,0.0003553956
咸阳,马鞍山,0.00028431648
日照,马鞍山,0.00028431648
南充,马鞍山,0.00028431648
怀化,马鞍山,0.00028431648
宿州,淮北,0.27425048688
亳州,淮北,0.08197807824
商丘,淮北,0.04500261504
徐州,淮北,0.02743136928
阜阳,淮北,0.0259144272
合肥,淮北,0.02553519168
蚌埠,淮北,0.01529583264
淮南,淮北,0.00929127024
滁州,淮北,0.0088488288
上海,淮北,0.00682623936
南京,淮北,0.00524609136
六安,淮北,0.00467723808
安庆,淮北,0.00467723808
周口,淮北,0.00436120848
苏州,淮北,0.00398197296
杭州,淮北,0.00366594336
济宁,淮北,0.00353953152
枣庄,淮北,0.00297067824
菏泽,淮北,0.0028442664
宿迁,淮北,0.00259144272
芜湖,淮北,0.00214900128
临沂,淮北,0.00208579536
马鞍山,淮北,0.00202258944
南通,淮北,0.0018961776
常州,淮北,0.00170655984
宣城,淮北,0.00170655984
无锡,淮北,0.00164335392
池州,淮北,0.001580148
南阳,淮北,0.00139053024
连云港,淮北,0.00139053024
淮安,淮北,0.00139053024
洛阳,淮北,0.00132732432
盐城,淮北,0.0012641184
郑州,淮北,0.0012641184
宁波,淮北,0.0012641184
开封,淮北,0.00113770656
信阳,淮北,0.00113770656
黄山,淮北,0.00113770656
驻马店,淮北,0.00107450064
新乡,淮北,0.00101129472
铜陵,淮北,0.0009480888
温州,淮北,0.00088488288
北京,淮北,0.00082167696
西安,淮北,0.00082167696
运城,淮北,0.00075847104
青岛,淮北,0.00075847104
泰州,淮北,0.00075847104
许昌,淮北,0.00069526512
泰安,淮北,0.00069526512
镇江,淮北,0.00069526512
临汾,淮北,0.00069526512
聊城,淮北,0.00069526512
扬州,淮北,0.0006320592
孝感,淮北,0.0006320592
咸阳,淮北,0.0006320592
淄博,淮北,0.0006320592
德州,淮北,0.00056885328
邯郸,淮北,0.00056885328
潍坊,淮北,0.00056885328
济南,淮北,0.00056885328
重庆,淮北,0.00050564736
嘉兴,淮北,0.00050564736
金华,淮北,0.00050564736
漯河,淮北,0.00050564736
濮阳,淮北,0.00044244144
咸宁,淮北,0.00044244144
岳阳,淮北,0.00044244144
三门峡,淮北,0.00044244144
绍兴,淮北,0.00044244144
保定,淮北,0.00044244144
安阳,淮北,0.00037923552
九江,淮北,0.00037923552
黄冈,淮北,0.00037923552
襄阳,淮北,0.00037923552
天津,淮北,0.00037923552
厦门,淮北,0.00037923552
平顶山,淮北,0.00037923552
宝鸡,淮北,0.00037923552
台州,淮北,0.00037923552
长治,淮北,0.00037923552
上饶,淮北,0.00037923552
武汉,淮北,0.00037923552
湖州,淮北,0.0003160296
日照,淮北,0.0003160296
威海,淮北,0.0003160296
广州,淮北,0.0003160296
焦作,淮北,0.0003160296
深圳,淮北,0.0003160296
邵阳,淮北,0.0003160296
荆州,淮北,0.0003160296
恩施土家族苗族自治州,淮北,0.0003160296
成都,淮北,0.0003160296
十堰,淮北,0.0003160296
昆明,淮北,0.00025282368
南昌,淮北,0.00025282368
福州,淮北,0.00025282368
郴州,淮北,0.00025282368
南充,淮北,0.00025282368
广安,淮北,0.00025282368
渭南,淮北,0.00025282368
安庆,铜陵,0.08326938672
芜湖,铜陵,0.0752511708
合肥,铜陵,0.06251635728
池州,铜陵,0.0559131206399999
六安,铜陵,0.0105051492
黄山,铜陵,0.00874714464
宣城,铜陵,0.0086185101599999
马鞍山,铜陵,0.00690338376
南京,铜陵,0.00677474928
上海,铜陵,0.00565991712
阜阳,铜陵,0.00553128264
苏州,铜陵,0.0054884044799999
宿州,铜陵,0.00480235392
亳州,铜陵,0.0045022068
淮南,铜陵,0.0045022068
杭州,铜陵,0.0044164504799999
滁州,铜陵,0.00420205968
蚌埠,铜陵,0.0034302528
常州,铜陵,0.0027870804
九江,铜陵,0.0024869332799999
信阳,铜陵,0.00240117696
无锡,铜陵,0.00210102984
黄冈,铜陵,0.0017151264
南阳,铜陵,0.0016293700799999
周口,铜陵,0.00158649192
上饶,铜陵,0.0015436137599999
重庆,铜陵,0.0014578574399999
徐州,铜陵,0.00141497928
淮北,铜陵,0.0013721011199999
盐城,铜陵,0.00115771032
南通,铜陵,0.00115771032
武汉,铜陵,0.001071954
商丘,铜陵,0.00102907584
嘉兴,铜陵,0.00090044136
荆州,铜陵,0.0008575632
北京,铜陵,0.0008575632
绍兴,铜陵,0.0008575632
温州,铜陵,0.0008575632
连云港,铜陵,0.0008146850399999
宿迁,铜陵,0.0008146850399999
宁波,铜陵,0.0008146850399999
黄石,铜陵,0.0007718068799999
深圳,铜陵,0.0007718068799999
扬州,铜陵,0.0007289287199999
泰州,铜陵,0.0007289287199999
常德,铜陵,0.0007289287199999
巴中,铜陵,0.0006860505599999
菏泽,铜陵,0.0006431724
咸宁,铜陵,0.0006431724
宜春,铜陵,0.0006431724
荆门,铜陵,0.0006431724
镇江,铜陵,0.00060029424
平顶山,铜陵,0.00060029424
湖州,铜陵,0.00055741608
恩施土家族苗族自治州,铜陵,0.00055741608
泰安,铜陵,0.00055741608
长沙,铜陵,0.00055741608
驻马店,铜陵,0.00051453792
金华,铜陵,0.00051453792
昭通,铜陵,0.00047165976
宜昌,铜陵,0.00047165976
焦作,铜陵,0.0004287816
岳阳,铜陵,0.0004287816
台州,铜陵,0.0003859034399999
郑州,铜陵,0.0003859034399999
淮安,铜陵,0.0003859034399999
抚州,铜陵,0.0003859034399999
达州,铜陵,0.0003859034399999
孝感,铜陵,0.0003859034399999
吉安,铜陵,0.0003859034399999
萍乡,铜陵,0.0003859034399999
枣庄,铜陵,0.0003859034399999
襄阳,铜陵,0.0003430252799999
毕节,铜陵,0.0003430252799999
遵义,铜陵,0.0003430252799999
南昌,铜陵,0.0003430252799999
桂林,铜陵,0.00030014712
绵阳,铜陵,0.00025726896
景德镇,铜陵,0.00025726896
十堰,铜陵,0.00025726896
洛阳,铜陵,0.00025726896
临沂,铜陵,0.00025726896
济宁,铜陵,0.00025726896
衡阳,铜陵,0.00025726896
仙桃,铜陵,0.00025726896
衢州,铜陵,0.00025726896
益阳,铜陵,0.00025726896
随州,铜陵,0.00025726896
宝鸡,铜陵,0.00025726896
濮阳,铜陵,0.00025726896
咸阳,铜陵,0.00025726896
新乡,铜陵,0.00025726896
邯郸,铜陵,0.00025726896
聊城,铜陵,0.0002143908
安康,铜陵,0.0002143908
沧州,铜陵,0.0002143908
济南,铜陵,0.0002143908
渭南,铜陵,0.0001715126399999
烟台,铜陵,0.0001715126399999
赤峰,铜陵,0.0001715126399999
合肥,安庆,0.1217843748
池州,安庆,0.10101613032
铜陵,安庆,0.09880186896
六安,安庆,0.03810056616
黄冈,安庆,0.0303124744799999
九江,安庆,0.02244802896
芜湖,安庆,0.02031012144
阜阳,安庆,0.01702690632
黄山,安庆,0.01214026056
上海,安庆,0.0117584913599999
淮南,安庆,0.0113003683199999
亳州,安庆,0.01114766064
宿州,安庆,0.0110713067999999
滁州,安庆,0.0108422452799999
杭州,安庆,0.01046047608
蚌埠,安庆,0.00969693768
宣城,安庆,0.0095442299999999
南京,安庆,0.0087043377599999
重庆,安庆,0.0080171532
马鞍山,安庆,0.0068718456
苏州,安庆,0.00671913792
上饶,安庆,0.00595559952
武汉,安庆,0.0052684149599999
商丘,安庆,0.0045812304
宁波,安庆,0.00404675352
周口,安庆,0.0034359228
淮北,安庆,0.00335956896
徐州,安庆,0.00335956896
荆州,安庆,0.00320686128
北京,安庆,0.0031305074399999
信阳,安庆,0.0030541536
南阳,安庆,0.00259603056
南昌,安庆,0.00259603056
深圳,安庆,0.00259603056
达州,安庆,0.00251967672
赣州,安庆,0.00251967672
湖州,安庆,0.0022906152
驻马店,安庆,0.0022906152
菏泽,安庆,0.0022142613599999
常州,安庆,0.00213790752
宜春,安庆,0.00213790752
泉州,安庆,0.00206155368
吉安,安庆,0.0019851998399999
无锡,安庆,0.0019851998399999
襄阳,安庆,0.0019851998399999
温州,安庆,0.0019851998399999
南通,安庆,0.0019088459999999
广州,安庆,0.00183249216
安康,安庆,0.00183249216
嘉兴,安庆,0.00175613832
荆门,安庆,0.00175613832
孝感,安庆,0.00167978448
抚州,安庆,0.00167978448
宿迁,安庆,0.00167978448
宜昌,安庆,0.00160343064
黄石,安庆,0.00160343064
岳阳,安庆,0.00160343064
盐城,安庆,0.0015270768
恩施土家族苗族自治州,安庆,0.0015270768
淮安,安庆,0.0015270768
景德镇,安庆,0.0014507229599999
台州,安庆,0.0014507229599999
扬州,安庆,0.0014507229599999
咸宁,安庆,0.0014507229599999
连云港,安庆,0.0014507229599999
绵阳,安庆,0.0014507229599999
湘西土家族苗族自治州,安庆,0.00137436912
巴中,安庆,0.00137436912
汉中,安庆,0.00129801528
绍兴,安庆,0.00129801528
十堰,安庆,0.00129801528
金华,安庆,0.00129801528
衡阳,安庆,0.00129801528
洛阳,安庆,0.00129801528
长沙,安庆,0.00122166144
广元,安庆,0.00122166144
泰州,安庆,0.00122166144
许昌,安庆,0.0011453076
常德,安庆,0.0011453076
济宁,安庆,0.00106895376
成都,安庆,0.00106895376
郑州,安庆,0.00106895376
镇江,安庆,0.00106895376
天津,安庆,0.00106895376
毕节,安庆,0.00106895376
南充,安庆,0.0009925999199999
昭通,安庆,0.0009925999199999
开封,安庆,0.0009925999199999
东莞,安庆,0.0009925999199999
怀化,安庆,0.00091624608
永州,安庆,0.00091624608
平顶山,安庆,0.00091624608
临沂,安庆,0.00091624608
福州,安庆,0.00083989224
宜宾,安庆,0.00083989224
株洲,安庆,0.00083989224
娄底,安庆,0.00083989224
衢州,安庆,0.00083989224
遵义,安庆,0.00083989224
莆田,安庆,0.0007635384
宣城,黄山,0.0456808636799999
合肥,黄山,0.0376327587599999
杭州,黄山,0.03223738116
安庆,黄山,0.02756138724
池州,黄山,0.02063731932
上饶,黄山,0.01713032388
芜湖,黄山,0.0162760557599999
九江,黄山,0.01160006184
铜陵,黄山,0.00984656412
阜阳,黄山,0.00935198784
景德镇,黄山,0.00836283528
六安,黄山,0.0083178738
黄冈,黄山,0.00822795084
马鞍山,黄山,0.0063395686799999
淮南,黄山,0.0062496457199999
重庆,黄山,0.00602483832
上海,黄山,0.00602483832
滁州,黄山,0.00553026204
亳州,黄山,0.00499072428
蚌埠,黄山,0.00467599392
襄阳,黄山,0.00436126356
衢州,黄山,0.0042713405999999
岳阳,黄山,0.00413645616
咸宁,黄山,0.00413645616
荆州,黄山,0.00395661024
南京,黄山,0.0038217258
宿州,黄山,0.00355195692
南阳,黄山,0.00346203396
金华,黄山,0.00332714952
信阳,黄山,0.00305738064
武汉,黄山,0.00301241916
苏州,黄山,0.00283257324
湖州,黄山,0.0026976888
周口,黄山,0.0026527273199999
孝感,黄山,0.00260776584
黄石,黄山,0.0025628043599999
宁波,黄山,0.00251784288
达州,黄山,0.0024728814
宜春,黄山,0.0024728814
常德,黄山,0.00238295844
南昌,黄山,0.00233799696
温州,黄山,0.00233799696
荆门,黄山,0.0022031125199999
吉安,黄山,0.00206822808
抚州,黄山,0.0020232666
驻马店,黄山,0.0020232666
嘉兴,黄山,0.00197830512
绍兴,黄山,0.0018883821599999
毕节,黄山,0.0018434206799999
商丘,黄山,0.0017085362399999
赣州,黄山,0.00166357476
十堰,黄山,0.00166357476
恩施土家族苗族自治州,黄山,0.0015736518
镇江,黄山,0.00152869032
随州,黄山,0.00148372884
淮北,黄山,0.00139380588
益阳,黄山,0.0013488444
徐州,黄山,0.0013488444
台州,黄山,0.00121395996
湘西土家族苗族自治州,黄山,0.00121395996
宜昌,黄山,0.00121395996
昭通,黄山,0.00116899848
常州,黄山,0.00116899848
福州,黄山,0.001124037
鹰潭,黄山,0.001124037
衡阳,黄山,0.001124037
遵义,黄山,0.00107907552
郑州,黄山,0.00103411404
宜宾,黄山,0.00103411404
安康,黄山,0.00103411404
株洲,黄山,0.00098915256
无锡,黄山,0.0009441910799999
天门,黄山,0.0009441910799999
巴中,黄山,0.0008992296
南充,黄山,0.0008992296
南平,黄山,0.0008992296
仙桃,黄山,0.0008992296
长沙,黄山,0.0008542681199999
菏泽,黄山,0.00080930664
绵阳,黄山,0.00080930664
怀化,黄山,0.00080930664
南通,黄山,0.00076434516
邵阳,黄山,0.00076434516
萍乡,黄山,0.00071938368
永州,黄山,0.00071938368
广元,黄山,0.00071938368
扬州,黄山,0.0006744222
张家界,黄山,0.0006744222
郴州,黄山,0.0006744222
宁德,黄山,0.0006744222
平顶山,黄山,0.00062946072
莆田,黄山,0.00062946072
北京,黄山,0.00062946072
黔南布依族苗族自治州,黄山,0.00058449924
铜仁,黄山,0.00058449924
泰州,黄山,0.00053953776
深圳,黄山,0.00053953776
盐城,黄山,0.00053953776
汉中,黄山,0.00053953776
泉州,黄山,0.00053953776
蚌埠,滁州,0.15743920752
合肥,滁州,0.13326804288
南京,滁州,0.1249387902
亳州,滁州,0.1175894496
周口,滁州,0.1069737353999999
商丘,滁州,0.08035279056
阜阳,滁州,0.07969951584
宿州,滁州,0.07398336204
平顶山,滁州,0.044912637
淮南,滁州,0.0378899337599999
淮安,滁州,0.03544015356
扬州,滁州,0.03462356016
淮北,滁州,0.0267842635199999
徐州,滁州,0.0261309888
洛阳,滁州,0.02580435144
六安,滁州,0.0253143954
马鞍山,滁州,0.02466112068
驻马店,滁州,0.02319125256
许昌,滁州,0.02221134048
开封,滁州,0.02090479104
安庆,滁州,0.01992487896
菏泽,滁州,0.01927160424
宿迁,滁州,0.0189449668799999
苏州,滁州,0.0179650548
上海,滁州,0.01665850536
南阳,滁州,0.01518863724
芜湖,滁州,0.01241221968
运城,滁州,0.012248901
漯河,滁州,0.01192226364
新乡,滁州,0.01045239552
无锡,滁州,0.00865589004
镇江,滁州,0.00832925268
盐城,滁州,0.0073493406
宣城,滁州,0.00702270324
郑州,滁州,0.00685938456
常州,滁州,0.00685938456
信阳,滁州,0.00685938456
安阳,滁州,0.0065327472
池州,滁州,0.00587947248
济宁,滁州,0.00587947248
杭州,滁州,0.0057161538
黄山,滁州,0.00538951644
三门峡,滁州,0.00538951644
泰州,滁州,0.00538951644
南通,滁州,0.00522619776
濮阳,滁州,0.00522619776
焦作,滁州,0.00522619776
铜陵,滁州,0.0047362417199999
连云港,滁州,0.00424628568
枣庄,滁州,0.00424628568
临沂,滁州,0.004082967
宁波,滁州,0.00375632964
临汾,滁州,0.00375632964
渭南,滁州,0.00342969228
重庆,滁州,0.00310305492
长治,滁州,0.00293973624
鹤壁,滁州,0.00277641756
上饶,滁州,0.00277641756
黄冈,滁州,0.0024497802
嘉兴,滁州,0.00195982416
台州,滁州,0.00195982416
汉中,滁州,0.00195982416
咸阳,滁州,0.00195982416
金华,滁州,0.00195982416
温州,滁州,0.00179650548
庆阳,滁州,0.00179650548
九江,滁州,0.00179650548
襄阳,滁州,0.00179650548
湖州,滁州,0.00179650548
聊城,滁州,0.00179650548
巴中,滁州,0.0016331868
西安,滁州,0.00146986812
邯郸,滁州,0.00146986812
德州,滁州,0.00146986812
北京,滁州,0.00130654944
岳阳,滁州,0.00130654944
安康,滁州,0.00130654944
青岛,滁州,0.00114323076
泉州,滁州,0.00114323076
十堰,滁州,0.00114323076
荆州,滁州,0.00114323076
南充,滁州,0.00114323076
武汉,滁州,0.00114323076
绍兴,滁州,0.00114323076
保定,滁州,0.00097991208
达州,滁州,0.00097991208
吉安,滁州,0.00097991208
晋城,滁州,0.00097991208
泰安,滁州,0.00097991208
宝鸡,滁州,0.00097991208
潍坊,滁州,0.00097991208
深圳,滁州,0.00097991208
福州,滁州,0.00097991208
商洛,滁州,0.0008165934
怀化,滁州,0.0008165934
衡水,滁州,0.0008165934
广元,滁州,0.0008165934
宜昌,滁州,0.0008165934
天水,滁州,0.0008165934
毕节,滁州,0.0008165934
亳州,阜阳,0.30160958796
周口,阜阳,0.16427600928
淮南,阜阳,0.11272130424
合肥,阜阳,0.09961417584
驻马店,阜阳,0.083739987
信阳,阜阳,0.08111856132
六安,阜阳,0.05956461684
上海,阜阳,0.03597178572
宿州,阜阳,0.0292725867599999
杭州,阜阳,0.02650552632
蚌埠,阜阳,0.0247579091999999
商丘,阜阳,0.0214083097199999
淮北,阜阳,0.0202432316399999
宁波,阜阳,0.0170392669199999
安庆,阜阳,0.01572855408
苏州,阜阳,0.0152916498
滁州,阜阳,0.01252458936
南京,阜阳,0.01063133748
芜湖,阜阳,0.00990316368
常州,阜阳,0.00961189416
徐州,阜阳,0.0094662594
南阳,阜阳,0.0080099118
无锡,阜阳,0.00786427704
郑州,阜阳,0.00757300752
北京,阜阳,0.0069904684799999
池州,阜阳,0.0065535642
菏泽,阜阳,0.00640792944
马鞍山,阜阳,0.00597102516
嘉兴,阜阳,0.0058253904
绍兴,阜阳,0.0058253904
黄山,阜阳,0.0058253904
温州,阜阳,0.0052428513599999
天津,阜阳,0.0052428513599999
宣城,阜阳,0.00451467756
开封,阜阳,0.00451467756
济宁,阜阳,0.0043690427999999
金华,阜阳,0.0042234080399999
武汉,阜阳,0.00407777328
平顶山,阜阳,0.00393213852
洛阳,阜阳,0.00393213852
许昌,阜阳,0.00393213852
湖州,阜阳,0.00378650376
舟山,阜阳,0.00378650376
安阳,阜阳,0.00378650376
黄冈,阜阳,0.003640869
漯河,阜阳,0.0034952342399999
铜陵,阜阳,0.00334959948
宿迁,阜阳,0.00334959948
连云港,阜阳,0.00320396472
重庆,阜阳,0.00320396472
临沂,阜阳,0.00305832996
南通,阜阳,0.00305832996
台州,阜阳,0.0029126952
新乡,阜阳,0.0029126952
上饶,阜阳,0.0029126952
东莞,阜阳,0.0026214256799999
镇江,阜阳,0.00247579092
深圳,阜阳,0.00247579092
扬州,阜阳,0.00247579092
盐城,阜阳,0.00247579092
焦作,阜阳,0.00233015616
西安,阜阳,0.0021845213999999
聊城,阜阳,0.0021845213999999
孝感,阜阳,0.0021845213999999
枣庄,阜阳,0.0021845213999999
九江,阜阳,0.00203888664
淮安,阜阳,0.00203888664
泉州,阜阳,0.00189325188
濮阳,阜阳,0.00189325188
泰州,阜阳,0.00189325188
襄阳,阜阳,0.00189325188
南昌,阜阳,0.0017476171199999
保定,阜阳,0.0017476171199999
烟台,阜阳,0.00160198236
宜春,阜阳,0.0014563476
廊坊,阜阳,0.0014563476
长沙,阜阳,0.0014563476
德州,阜阳,0.0014563476
广州,阜阳,0.0013107128399999
三门峡,阜阳,0.0013107128399999
赣州,阜阳,0.0013107128399999
安康,阜阳,0.0013107128399999
石家庄,阜阳,0.0013107128399999
荆州,阜阳,0.0013107128399999
泰安,阜阳,0.00116507808
济南,阜阳,0.00116507808
运城,阜阳,0.00116507808
抚州,阜阳,0.00116507808
惠州,阜阳,0.00116507808
威海,阜阳,0.00116507808
衡阳,阜阳,0.00116507808
青岛,阜阳,0.00116507808
临汾,阜阳,0.00101944332
达州,阜阳,0.00101944332
吉安,阜阳,0.00101944332
福州,阜阳,0.00101944332
唐山,阜阳,0.00101944332
咸宁,阜阳,0.0008738085599999
岳阳,阜阳,0.0008738085599999
沧州,阜阳,0.0008738085599999
淮北,宿州,0.2483812900799999
徐州,宿州,0.22130819028
蚌埠,宿州,0.0892836269999999
商丘,宿州,0.0737309952
合肥,宿州,0.0565654978799999
亳州,宿州,0.0368654976
宿迁,宿州,0.03410058528
阜阳,宿州,0.03064444488
南京,宿州,0.01797193008
菏泽,宿州,0.01762631604
滁州,宿州,0.01693508796
上海,宿州,0.0163590645599999
苏州,宿州,0.01589824584
淮南,宿州,0.01347894756
周口,宿州,0.01290292416
杭州,宿州,0.0123269007599999
六安,宿州,0.0103684212
安庆,宿州,0.00898596504
宁波,宿州,0.00783391824
芜湖,宿州,0.0071426901599999
临沂,宿州,0.0065666667599999
枣庄,宿州,0.00610584804
无锡,宿州,0.00610584804
常州,宿州,0.00599064336
济宁,宿州,0.0056450293199999
南通,宿州,0.00495380124
马鞍山,宿州,0.0047233918799999
淮安,宿州,0.0047233918799999
连云港,宿州,0.00437777784
郑州,宿州,0.00437777784
洛阳,宿州,0.0040321637999999
开封,宿州,0.00391695912
南阳,宿州,0.00391695912
驻马店,宿州,0.00391695912
新乡,宿州,0.0033409357199999
池州,宿州,0.00322573104
信阳,宿州,0.00322573104
嘉兴,宿州,0.00322573104
北京,宿州,0.00322573104
许昌,宿州,0.00311052636
宣城,宿州,0.00299532168
西安,宿州,0.00299532168
黄山,宿州,0.0028801169999999
温州,宿州,0.0028801169999999
镇江,宿州,0.0027649123199999
盐城,宿州,0.00264970764
平顶山,宿州,0.0025345029599999
铜陵,宿州,0.0025345029599999
安阳,宿州,0.00241929828
扬州,宿州,0.00241929828
泰州,宿州,0.00218888892
濮阳,宿州,0.0020736842399999
运城,宿州,0.0020736842399999
泰安,宿州,0.00184327488
潍坊,宿州,0.00184327488
济南,宿州,0.0017280701999999
绍兴,宿州,0.0017280701999999
焦作,宿州,0.00161286552
聊城,宿州,0.00149766084
重庆,宿州,0.00149766084
金华,宿州,0.00149766084
台州,宿州,0.00149766084
上饶,宿州,0.0013824561599999
渭南,宿州,0.0013824561599999
天津,宿州,0.0013824561599999
临汾,宿州,0.0012672514799999
邯郸,宿州,0.0012672514799999
黄冈,宿州,0.0011520468
武汉,宿州,0.0011520468
湖州,宿州,0.0011520468
青岛,宿州,0.0010368421199999
襄阳,宿州,0.00092163744
南昌,宿州,0.00092163744
烟台,宿州,0.00092163744
漯河,宿州,0.00092163744
三门峡,宿州,0.00092163744
九江,宿州,0.00092163744
廊坊,宿州,0.00080643276
咸阳,宿州,0.00080643276
石家庄,宿州,0.0006912280799999
宝鸡,宿州,0.0006912280799999
深圳,宿州,0.0006912280799999
鹤壁,宿州,0.0006912280799999
德州,宿州,0.0006912280799999
邢台,宿州,0.0005760234
安康,宿州,0.0005760234
荆州,宿州,0.0005760234
广州,宿州,0.0005760234
十堰,宿州,0.0005760234
宜春,宿州,0.0005760234
汉中,宿州,0.0005760234
淄博,宿州,0.0005760234
保定,宿州,0.0005760234
舟山,宿州,0.0005760234
荆门,宿州,0.0005760234
孝感,宿州,0.0005760234
抚州,宿州,0.00046081872
太原,宿州,0.00046081872
赣州,宿州,0.00046081872
咸宁,宿州,0.00046081872
合肥,六安,0.30863833704
淮南,六安,0.11758670856
信阳,六安,0.08578046772
阜阳,六安,0.08288899128
安庆,六安,0.0465848981999999
上海,六安,0.02398854528
苏州,六安,0.02163252744
亳州,六安,0.02098997712
宿州,六安,0.01681340004
滁州,六安,0.01595666628
黄冈,六安,0.01509993252
芜湖,六安,0.01349355672
杭州,六安,0.01220845608
蚌埠,六安,0.01188718092
无锡,六安,0.01167299748
南阳,六安,0.01028080512
南京,六安,0.00899570448
宣城,六安,0.00760351212
马鞍山,六安,0.0074964204
铜陵,六安,0.00738932868
常州,六安,0.00717514524
池州,六安,0.00717514524
周口,六安,0.00653259492
重庆,六安,0.0062113197599999
商丘,六安,0.0062113197599999
淮北,六安,0.00599713632
黄山,六安,0.005354586
武汉,六安,0.00524749428
驻马店,六安,0.00471203568
徐州,六安,0.00406948536
宁波,六安,0.00385530192
襄阳,六安,0.00364111848
邯郸,六安,0.00353402676
荆州,六安,0.0031056598799999
盐城,六安,0.0031056598799999
南通,六安,0.00299856816
巴中,六安,0.00299856816
洛阳,六安,0.00299856816
宿迁,六安,0.00289147644
嘉兴,六安,0.00278438472
安康,六安,0.002677293
菏泽,六安,0.002677293
达州,六安,0.002677293
平顶山,六安,0.002677293
北京,六安,0.002677293
汉中,六安,0.00257020128
宜昌,六安,0.00246310956
孝感,六安,0.00235601784
九江,六安,0.00235601784
上饶,六安,0.00224892612
淮安,六安,0.0021418344
温州,六安,0.00203474268
许昌,六安,0.00192765096
湖州,六安,0.00171346752
随州,六安,0.00171346752
镇江,六安,0.00171346752
十堰,六安,0.00171346752
开封,六安,0.00171346752
济宁,六安,0.0016063758
临沂,六安,0.0016063758
咸阳,六安,0.0016063758
恩施土家族苗族自治州,六安,0.0016063758
广元,六安,0.00149928408
南充,六安,0.00149928408
新乡,六安,0.00149928408
郑州,六安,0.00149928408
西安,六安,0.00139219236
荆门,六安,0.00139219236
安阳,六安,0.00139219236
长沙,六安,0.00139219236
金华,六安,0.00139219236
黄石,六安,0.00139219236
连云港,六安,0.00139219236
濮阳,六安,0.00128510064
绵阳,六安,0.00128510064
绍兴,六安,0.00128510064
漯河,六安,0.0010709172
深圳,六安,0.0010709172
咸宁,六安,0.0010709172
泰州,六安,0.0010709172
泉州,六安,0.0010709172
扬州,六安,0.0010709172
三门峡,六安,0.0010709172
天津,六安,0.0010709172
陇南,六安,0.00096382548
宜春,六安,0.00096382548
成都,六安,0.00096382548
常德,六安,0.00096382548
南昌,六安,0.00096382548
枣庄,六安,0.00096382548
赣州,六安,0.00096382548
益阳,六安,0.00096382548
聊城,六安,0.00085673376
商洛,六安,0.00085673376
宜宾,六安,0.00085673376
宝鸡,六安,0.00074964204
天水,六安,0.00074964204
泰安,六安,0.00074964204
莆田,六安,0.00074964204
焦作,六安,0.00074964204
阜阳,亳州,0.2161388188799999
商丘,亳州,0.10869969312
周口,亳州,0.0876579148799999
淮北,亳州,0.0684585043199999
合肥,亳州,0.063028368
淮南,亳州,0.0465440256
蚌埠,亳州,0.04237445664
宿州,亳州,0.03083541696
上海,亳州,0.01910244384
杭州,亳州,0.01299354048
南京,亳州,0.01279960704
六安,亳州,0.0121208399999999
苏州,亳州,0.01202387328
安庆,亳州,0.00989060544
滁州,亳州,0.0095997052799999
宁波,亳州,0.00930880512
徐州,亳州,0.00882397152
芜湖,亳州,0.00601193664
无锡,亳州,0.0058180032
常州,亳州,0.0057210364799999
信阳,亳州,0.0057210364799999
菏泽,亳州,0.0056240697599999
马鞍山,亳州,0.00543013632
驻马店,亳州,0.00504226944
南阳,亳州,0.00465440256
郑州,亳州,0.0043635024
金华,亳州,0.00416956896
南通,亳州,0.00416956896
开封,亳州,0.00378170208
池州,亳州,0.00378170208
温州,亳州,0.00378170208
济宁,亳州,0.00358776864
台州,亳州,0.00319990176
平顶山,亳州,0.00310293504
洛阳,亳州,0.00310293504
北京,亳州,0.00300596832
宿迁,亳州,0.00300596832
宣城,亳州,0.0028120348799999
临沂,亳州,0.00261810144
湖州,亳州,0.00252113472
嘉兴,亳州,0.002424168
黄山,亳州,0.002424168
铜陵,亳州,0.00232720128
绍兴,亳州,0.00232720128
扬州,亳州,0.00223023456
镇江,亳州,0.00223023456
许昌,亳州,0.00223023456
西安,亳州,0.00213326784
上饶,亳州,0.00184236768
黄冈,亳州,0.00184236768
连云港,亳州,0.0017454009599999
淮安,亳州,0.0017454009599999
天津,亳州,0.00164843424
焦作,亳州,0.00164843424
安阳,亳州,0.00155146752
泰州,亳州,0.00155146752
漯河,亳州,0.00155146752
重庆,亳州,0.00155146752
枣庄,亳州,0.0014545008
新乡,亳州,0.00135753408
襄阳,亳州,0.00135753408
聊城,亳州,0.00135753408
盐城,亳州,0.00126056736
邯郸,亳州,0.00116360064
濮阳,亳州,0.00116360064
廊坊,亳州,0.00116360064
泰安,亳州,0.00116360064
运城,亳州,0.00116360064
长沙,亳州,0.00106663392
青岛,亳州,0.00106663392
邵阳,亳州,0.0009696672
深圳,亳州,0.0009696672
九江,亳州,0.0009696672
福州,亳州,0.0008727004799999
邢台,亳州,0.0008727004799999
烟台,亳州,0.0008727004799999
潍坊,亳州,0.0008727004799999
武汉,亳州,0.0008727004799999
揭阳,亳州,0.00077573376
南昌,亳州,0.00077573376
泉州,亳州,0.00077573376
济南,亳州,0.00077573376
三门峡,亳州,0.00077573376
临汾,亳州,0.00077573376
宜春,亳州,0.00067876704
舟山,亳州,0.00067876704
宜昌,亳州,0.00067876704
莆田,亳州,0.00067876704
广州,亳州,0.00067876704
德州,亳州,0.00058180032
抚州,亳州,0.00058180032
吉安,亳州,0.00058180032
汕头,亳州,0.00058180032
保定,亳州,0.00058180032
达州,亳州,0.00058180032
荆州,亳州,0.00058180032
沧州,亳州,0.00058180032
赣州,亳州,0.00058180032
恩施土家族苗族自治州,亳州,0.0004848336
威海,亳州,0.0004848336
安庆,池州,0.090812988
铜陵,池州,0.0689025528
合肥,池州,0.0520853327999999
芜湖,池州,0.0283970772
黄山,池州,0.0191716308
阜阳,池州,0.01561599
六安,池州,0.0125888903999999
宣城,池州,0.0111954636
九江,池州,0.0098020367999999
亳州,池州,0.0097539875999999
淮南,池州,0.00960984
上饶,池州,0.0092734955999999
马鞍山,池州,0.0077359212
上海,池州,0.0071593308
南京,池州,0.0066307895999999
滁州,池州,0.0063905436
蚌埠,池州,0.0062463959999999
杭州,池州,0.0054295595999999
宿州,池州,0.0051412644
苏州,池州,0.0044685756
徐州,池州,0.0034114932
黄冈,池州,0.0030270996
常州,池州,0.0029310011999999
景德镇,池州,0.0026907552
无锡,池州,0.0025466076
重庆,池州,0.0023063616
淮北,池州,0.0019700171999999
嘉兴,池州,0.0017297711999999
信阳,池州,0.001681722
黄石,池州,0.0015375744
南昌,池州,0.001441476
淮安,池州,0.0013934268
湖州,池州,0.0012973283999999
周口,池州,0.0012973283999999
荆州,池州,0.0012492792
盐城,池州,0.0012492792
武汉,池州,0.00120123
温州,池州,0.00120123
商丘,池州,0.0011531808
临沂,池州,0.0011531808
襄阳,池州,0.0011531808
宿迁,池州,0.0011051316
镇江,池州,0.0011051316
青岛,池州,0.0011051316
泰州,池州,0.0010570824
岳阳,池州,0.0010570824
宁波,池州,0.0010570824
金华,池州,0.0010570824
扬州,池州,0.0010090332
宜春,池州,0.0010090332
益阳,池州,0.000960984
咸宁,池州,0.0009129348
常德,池州,0.0009129348
台州,池州,0.0008648855999999
衢州,池州,0.0008648855999999
长沙,池州,0.0008648855999999
连云港,池州,0.0008168364
湘西土家族苗族自治州,池州,0.0008168364
绍兴,池州,0.0008168364
菏泽,池州,0.0007687872
南通,池州,0.0007687872
泉州,池州,0.0007687872
赣州,池州,0.0007687872
吉安,池州,0.0006726888
荆门,池州,0.0006726888
毕节,池州,0.0006246396
恩施土家族苗族自治州,池州,0.0005765904
抚州,池州,0.0005765904
怀化,池州,0.0005765904
广州,池州,0.0005765904
孝感,池州,0.0005765904
南阳,池州,0.0005285412
成都,池州,0.0005285412
舟山,池州,0.000480492
昭通,池州,0.000480492
济宁,池州,0.000480492
驻马店,池州,0.000480492
达州,池州,0.000480492
天津,池州,0.000480492
邯郸,池州,0.000480492
宜昌,池州,0.000480492
衡阳,池州,0.000480492
遵义,池州,0.0004324427999999
深圳,池州,0.0004324427999999
郑州,池州,0.0004324427999999
铜仁,池州,0.0004324427999999
新余,池州,0.0004324427999999
鹰潭,池州,0.0003843936
邵阳,池州,0.0003843936
郴州,池州,0.0003843936
泰安,池州,0.0003843936
聊城,池州,0.0003843936
巴中,池州,0.0003843936
福州,池州,0.0003843936
安顺,池州,0.0003843936
随州,池州,0.0003843936
宜宾,池州,0.0003363444
株洲,池州,0.0003363444
大连,池州,0.0003363444
仙桃,池州,0.0003363444
芜湖,宣城,0.09821393208
合肥,宣城,0.04457799684
湖州,宣城,0.04024312632
黄山,宣城,0.0359729553599999
南京,宣城,0.0308616901199999
安庆,宣城,0.02930890068
杭州,宣城,0.027497313
常州,宣城,0.024262335
上海,宣城,0.02031566184
阜阳,宣城,0.01662778692
六安,宣城,0.01539849528
马鞍山,宣城,0.01416920364
池州,宣城,0.0130046115599999
无锡,宣城,0.01242231552
铜陵,宣城,0.01222821684
亳州,宣城,0.01086952608
苏州,宣城,0.00996373224
宿州,宣城,0.00828154368
淮南,宣城,0.008087445
蚌埠,宣城,0.00763454808
滁州,宣城,0.00737574984
黄冈,宣城,0.00575826084
信阳,宣城,0.0054994626
九江,宣城,0.00491716656
上饶,宣城,0.00459366876
重庆,宣城,0.00439957008
南阳,宣城,0.00439957008
周口,宣城,0.00375257448
金华,宣城,0.00375257448
商丘,宣城,0.003234978
淮北,宣城,0.003234978
嘉兴,宣城,0.00317027844
宁波,宣城,0.0029114802
徐州,宣城,0.00278208108
宿迁,宣城,0.00271738152
淮安,宣城,0.00265268196
盐城,宣城,0.00245858328
台州,宣城,0.00239388372
温州,宣城,0.0022644846
驻马店,宣城,0.00213508548
泰州,宣城,0.00200568636
绍兴,宣城,0.0019409868
扬州,宣城,0.0019409868
南通,宣城,0.00187628724
南昌,宣城,0.00181158768
咸宁,宣城,0.00168218856
镇江,宣城,0.001617489
菏泽,宣城,0.00155278944
黄石,宣城,0.00148808988
达州,宣城,0.00142339032
赣州,宣城,0.00142339032
毕节,宣城,0.00142339032
抚州,宣城,0.00135869076
岳阳,宣城,0.00135869076
临沂,宣城,0.00135869076
武汉,宣城,0.0012939912
衢州,宣城,0.0012939912
吉安,宣城,0.0012939912
开封,宣城,0.0012939912
荆州,宣城,0.0012939912
景德镇,宣城,0.00122929164
连云港,宣城,0.00122929164
昭通,宣城,0.00122929164
平顶山,宣城,0.00116459208
遵义,宣城,0.00109989252
襄阳,宣城,0.00109989252
常德,宣城,0.00109989252
泰安,宣城,0.00103519296
宜春,宣城,0.0009704934
巴中,宣城,0.0009704934
济宁,宣城,0.0009704934
益阳,宣城,0.00090579384
黔南布依族苗族自治州,宣城,0.00090579384
恩施土家族苗族自治州,宣城,0.00090579384
南充,宣城,0.00084109428
绵阳,宣城,0.00084109428
铜仁,宣城,0.00084109428
长沙,宣城,0.00084109428
洛阳,宣城,0.00084109428
六盘水,宣城,0.00084109428
宜宾,宣城,0.00077639472
衡阳,宣城,0.00077639472
孝感,宣城,0.00077639472
郴州,宣城,0.00077639472
湘西土家族苗族自治州,宣城,0.00071169516
濮阳,宣城,0.00071169516
新乡,宣城,0.00071169516
广元,宣城,0.0006469956
文山壮族苗族自治州,宣城,0.0006469956
黔东南苗族侗族自治州,宣城,0.0006469956
漯河,宣城,0.0006469956
随州,宣城,0.0006469956
福州,宣城,0.0006469956
荆门,宣城,0.00058229604
邵阳,宣城,0.00058229604
北京,宣城,0.00058229604
株洲,宣城,0.00058229604
萍乡,宣城,0.00051759648
成都,宣城,0.00051759648
许昌,宣城,0.00051759648
宁德,福州,0.71227731672
南平,福州,0.5806846292400001
莆田,福州,0.40680731088
三明,福州,0.39951685728
泉州,福州,0.30692809656
龙岩,福州,0.24277210488
漳州,福州,0.1676804328
厦门,福州,0.07946594424
上饶,福州,0.04592985768
达州,福州,0.04410724428
重庆,福州,0.03061990512
抚州,福州,0.02989085976
赣州,福州,0.0236939742
宜春,福州,0.0178616113199999
九江,福州,0.0164035206
温州,福州,0.0164035206
黄冈,福州,0.01603899792
南昌,福州,0.01385186184
鹰潭,福州,0.01166472576
吉安,福州,0.01130020308
安庆,福州,0.01130020308
广安,福州,0.0109356804
郴州,福州,0.01057115772
荆州,福州,0.00947758968
南充,福州,0.00947758968
上海,福州,0.009113067
南阳,福州,0.009113067
遵义,福州,0.00874854432
阜阳,福州,0.00765497628
商丘,福州,0.00692593092
驻马店,福州,0.00692593092
深圳,福州,0.0065614082399999
杭州,福州,0.0065614082399999
毕节,福州,0.0065614082399999
周口,福州,0.0065614082399999
襄阳,福州,0.0054678402
衡阳,福州,0.00510331752
亳州,福州,0.00510331752
广州,福州,0.00473879484
邵阳,福州,0.00473879484
巴中,福州,0.00473879484
永州,福州,0.00437427216
长沙,福州,0.00437427216
汕头,福州,0.00437427216
信阳,福州,0.00437427216
台州,福州,0.00437427216
恩施土家族苗族自治州,福州,0.00437427216
成都,福州,0.00400974948
梅州,福州,0.0036452268
常德,福州,0.0036452268
武汉,福州,0.0036452268
岳阳,福州,0.0036452268
揭阳,福州,0.0036452268
金华,福州,0.0036452268
株洲,福州,0.0036452268
宿州,福州,0.0032807041199999
黄石,福州,0.0032807041199999
宁波,福州,0.0032807041199999
北京,福州,0.0032807041199999
铜仁,福州,0.0032807041199999
东莞,福州,0.00291618144
景德镇,福州,0.00291618144
桂林,福州,0.00291618144
南京,福州,0.00291618144
黔东南苗族侗族自治州,福州,0.00291618144
菏泽,福州,0.00291618144
合肥,福州,0.00291618144
惠州,福州,0.00291618144
咸宁,福州,0.00291618144
郑州,福州,0.00255165876
平顶山,福州,0.00255165876
怀化,福州,0.00255165876
贵阳,福州,0.00255165876
萍乡,福州,0.00255165876
新余,福州,0.00255165876
湘西土家族苗族自治州,福州,0.00255165876
西安,福州,0.00255165876
益阳,福州,0.00255165876
南通,福州,0.00218713608
黔南布依族苗族自治州,福州,0.00218713608
徐州,福州,0.00218713608
苏州,福州,0.00218713608
南宁,福州,0.00218713608
衢州,福州,0.00218713608
昭通,福州,0.00218713608
许昌,福州,0.0018226134
洛阳,福州,0.0018226134
潮州,福州,0.0018226134
舟山,福州,0.0018226134
绵阳,福州,0.0018226134
湛江,福州,0.0018226134
丽水,福州,0.0018226134
荆门,福州,0.0018226134
曲靖,福州,0.0018226134
天津,福州,0.0018226134
娄底,福州,0.0018226134
汕尾,福州,0.0018226134
宜昌,福州,0.0018226134
滁州,福州,0.0018226134
遂宁,福州,0.0018226134
漳州,厦门,1.2479368809599998
泉州,厦门,1.19372735232
龙岩,厦门,0.8707056249599999
三明,厦门,0.405174312
莆田,厦门,0.29563753248
南平,厦门,0.2486931984
福州,厦门,0.16933491936
宁德,厦门,0.1620697247999999
赣州,厦门,0.10171272384
上饶,厦门,0.08885891808
抚州,厦门,0.06929877888
吉安,厦门,0.03800255616
宜春,厦门,0.03297280608
重庆,厦门,0.02626647264
周口,厦门,0.0251487504
九江,厦门,0.0251487504
铜仁,厦门,0.0162069724799999
南阳,厦门,0.01173608352
遵义,厦门,0.01173608352
南昌,厦门,0.01173608352
深圳,厦门,0.0111772224
鹰潭,厦门,0.0111772224
汕头,厦门,0.0111772224
毕节,厦门,0.01061836128
阜阳,厦门,0.0100595001599999
上海,厦门,0.0083829168
揭阳,厦门,0.0083829168
襄阳,厦门,0.0083829168
黄冈,厦门,0.00782405568
温州,厦门,0.00726519456
潮州,厦门,0.00726519456
广州,厦门,0.00726519456
许昌,厦门,0.00670633344
驻马店,厦门,0.00670633344
达州,厦门,0.00670633344
信阳,厦门,0.00670633344
开封,厦门,0.00614747232
萍乡,厦门,0.00614747232
巴中,厦门,0.0055886112
梅州,厦门,0.0055886112
北京,厦门,0.0055886112
泸州,厦门,0.0055886112
株洲,厦门,0.0055886112
郴州,厦门,0.0055886112
成都,厦门,0.0055886112
景德镇,厦门,0.0055886112
南充,厦门,0.0055886112
衡阳,厦门,0.0050297500799999
曲靖,厦门,0.0050297500799999
怀化,厦门,0.00447088896
邵阳,厦门,0.00447088896
昭通,厦门,0.00447088896
岳阳,厦门,0.00447088896
武汉,厦门,0.00447088896
荆州,厦门,0.00447088896
合肥,厦门,0.00447088896
安庆,厦门,0.00447088896
永州,厦门,0.00391202784
东莞,厦门,0.00391202784
菏泽,厦门,0.00391202784
湘西土家族苗族自治州,厦门,0.00391202784
蚌埠,厦门,0.00335316672
黔东南苗族侗族自治州,厦门,0.00335316672
长沙,厦门,0.00335316672
商丘,厦门,0.00335316672
广安,厦门,0.00335316672
惠州,厦门,0.00335316672
西安,厦门,0.00335316672
焦作,厦门,0.00335316672
杭州,厦门,0.00335316672
平顶山,厦门,0.0027943056
宜宾,厦门,0.0027943056
常德,厦门,0.0027943056
遂宁,厦门,0.0027943056
苏州,厦门,0.0027943056
咸宁,厦门,0.0027943056
汕尾,厦门,0.0027943056
黄石,厦门,0.0027943056
郑州,厦门,0.0027943056
安顺,厦门,0.0027943056
宁波,厦门,0.0027943056
新余,厦门,0.0027943056
益阳,厦门,0.0027943056
昆明,厦门,0.0027943056
青岛,厦门,0.00223544448
娄底,厦门,0.00223544448
黔南布依族苗族自治州,厦门,0.00223544448
佛山,厦门,0.00223544448
金华,厦门,0.00223544448
孝感,厦门,0.00223544448
天津,厦门,0.00223544448
亳州,厦门,0.00223544448
南京,厦门,0.00223544448
黔西南布依族苗族自治州,厦门,0.00223544448
桂林,厦门,0.00223544448
十堰,厦门,0.00223544448
南宁,厦门,0.00223544448
六安,厦门,0.00223544448
六盘水,厦门,0.00167658336
绵阳,厦门,0.00167658336
泉州,莆田,0.10144061568
福州,莆田,0.08601634296
南平,莆田,0.02796240852
宁德,莆田,0.02536015392
三明,莆田,0.02337297768
厦门,莆田,0.0225686444399999
漳州,莆田,0.01509307668
龙岩,莆田,0.01414680228
汕头,莆田,0.0101724497999999
重庆,莆田,0.00823258728
恩施土家族苗族自治州,莆田,0.0063873522
上饶,莆田,0.00634003848
毕节,莆田,0.0044948034
达州,莆田,0.0042582348
宜春,莆田,0.00340658784
九江,莆田,0.0033119603999999
赣州,莆田,0.00326464668
抚州,莆田,0.00317001924
吉安,莆田,0.0026022546
南阳,莆田,0.00246031344
遵义,莆田,0.002365686
景德镇,莆田,0.00227105856
广州,莆田,0.00208180368
南昌,莆田,0.0019398625199999
邵阳,莆田,0.0019398625199999
周口,莆田,0.0019398625199999
深圳,莆田,0.0018925488
阜阳,莆田,0.0018925488
揭阳,莆田,0.0017506076399999
永州,莆田,0.0016559801999999
温州,莆田,0.00160866648
荆州,莆田,0.00160866648
南充,莆田,0.00151403904
驻马店,莆田,0.00146672532
亳州,莆田,0.00146672532
东莞,莆田,0.00132478416
衡阳,莆田,0.00127747044
信阳,莆田,0.00123015672
泸州,莆田,0.00123015672
许昌,莆田,0.001182843
广安,莆田,0.00113552928
黔东南苗族侗族自治州,莆田,0.00113552928
上海,莆田,0.00113552928
岳阳,莆田,0.00108821556
苏州,莆田,0.00104090184
黄冈,莆田,0.00104090184
咸宁,莆田,0.0009935881199999
杭州,莆田,0.0009935881199999
安庆,莆田,0.0009462744
巴中,莆田,0.00089896068
六盘水,莆田,0.00089896068
北京,莆田,0.00089896068
鹰潭,莆田,0.00085164696
武汉,莆田,0.00085164696
怀化,莆田,0.00080433324
金华,莆田,0.00080433324
黔南布依族苗族自治州,莆田,0.00075701952
长沙,莆田,0.00075701952
梅州,莆田,0.0007097057999999
襄阳,莆田,0.0007097057999999
成都,莆田,0.0007097057999999
昭通,莆田,0.00066239208
潮州,莆田,0.00066239208
郴州,莆田,0.00061507836
滁州,莆田,0.00061507836
安康,莆田,0.00061507836
南通,莆田,0.00061507836
铜仁,莆田,0.00061507836
商丘,莆田,0.00056776464
衢州,莆田,0.00056776464
常德,莆田,0.00056776464
贵阳,莆田,0.00056776464
黔西南布依族苗族自治州,莆田,0.00056776464
新余,莆田,0.00052045092
张家界,莆田,0.00052045092
惠州,莆田,0.00052045092
南京,莆田,0.00052045092
娄底,莆田,0.00052045092
台州,莆田,0.0004731372
保山,莆田,0.0004731372
宜昌,莆田,0.0004731372
肇庆,莆田,0.0004731372
无锡,莆田,0.0004731372
天津,莆田,0.0004731372
宜宾,莆田,0.0004731372
株洲,莆田,0.00042582348
常州,莆田,0.00042582348
宁波,莆田,0.00042582348
合肥,莆田,0.00042582348
荆门,莆田,0.00042582348
遂宁,莆田,0.00042582348
孝感,莆田,0.00042582348
萍乡,莆田,0.00037850976
随州,莆田,0.00037850976
平顶山,莆田,0.00037850976
黄石,莆田,0.00037850976
湘西土家族苗族自治州,莆田,0.00037850976
红河哈尼族彝族自治州,莆田,0.00037850976
石家庄,莆田,0.00037850976
焦作,莆田,0.00037850976
福州,三明,0.08110136664
泉州,三明,0.0810489077999999
龙岩,三明,0.07286532876
南平,三明,0.06352765524
厦门,三明,0.03362611644
莆田,三明,0.0296917034399999
宁德,三明,0.01951468848
漳州,三明,0.0182556763199999
赣州,三明,0.0180982998
抚州,三明,0.0111737329199999
上饶,三明,0.00451146024
宜春,三明,0.0044590014
九江,三明,0.0031999892399999
南昌,三明,0.00293769504
重庆,三明,0.00293769504
周口,三明,0.00225573012
吉安,三明,0.00225573012
上海,三明,0.0017311417199999
深圳,三明,0.00162622404
邵阳,三明,0.0015737652
安庆,三明,0.00152130636
黄冈,三明,0.00152130636
温州,三明,0.00152130636
杭州,三明,0.00141638868
驻马店,三明,0.00141638868
南阳,三明,0.00136392984
金华,三明,0.0013114709999999
许昌,三明,0.0011540944799999
达州,三明,0.0011540944799999
襄阳,三明,0.00110163564
阜阳,三明,0.0010491768
怀化,三明,0.00099671796
武汉,三明,0.0009442591199999
开封,三明,0.0009442591199999
常德,三明,0.00089180028
广州,三明,0.00089180028
枣庄,三明,0.0007868826
亳州,三明,0.0007868826
荆州,三明,0.0007868826
商丘,三明,0.00073442376
荆门,三明,0.00073442376
蚌埠,三明,0.00073442376
平顶山,三明,0.00073442376
衢州,三明,0.00073442376
娄底,三明,0.00073442376
广安,三明,0.00073442376
衡阳,三明,0.00068196492
苏州,三明,0.00068196492
梅州,三明,0.00062950608
菏泽,三明,0.00062950608
株洲,三明,0.00062950608
东莞,三明,0.00062950608
南充,三明,0.00062950608
恩施土家族苗族自治州,三明,0.0005770472399999
萍乡,三明,0.0005770472399999
黔东南苗族侗族自治州,三明,0.0005770472399999
揭阳,三明,0.0005770472399999
信阳,三明,0.0005770472399999
郴州,三明,0.0005770472399999
长沙,三明,0.0005770472399999
遵义,三明,0.0005245884
咸宁,三明,0.0005245884
南通,三明,0.0004721295599999
黄石,三明,0.0004721295599999
台州,三明,0.0004721295599999
毕节,三明,0.0004721295599999
宿州,三明,0.0004721295599999
岳阳,三明,0.0004721295599999
湖州,三明,0.0004721295599999
汕头,三明,0.0004721295599999
淮南,三明,0.0004721295599999
丽水,三明,0.0004721295599999
宁波,三明,0.0004721295599999
黔南布依族苗族自治州,三明,0.0004196707199999
随州,三明,0.0004196707199999
景德镇,三明,0.0004196707199999
铜仁,三明,0.0004196707199999
清远,三明,0.0004196707199999
漯河,三明,0.0004196707199999
洛阳,三明,0.0004196707199999
惠州,三明,0.0004196707199999
昭通,三明,0.0004196707199999
孝感,三明,0.0004196707199999
六安,三明,0.00036721188
邯郸,三明,0.00036721188
益阳,三明,0.00036721188
永州,三明,0.00036721188
徐州,三明,0.00036721188
淮北,三明,0.00036721188
宜昌,三明,0.00031475304
湘西土家族苗族自治州,三明,0.00031475304
桂林,三明,0.00031475304
曲靖,三明,0.00031475304
黔西南布依族苗族自治州,三明,0.00031475304
张家界,三明,0.00031475304
天门,三明,0.00031475304
佛山,三明,0.00031475304
鹰潭,三明,0.00031475304
成都,三明,0.00031475304
焦作,三明,0.0002622942
厦门,泉州,0.2330266838399999
漳州,泉州,0.19050808608
三明,泉州,0.18741207168
莆田,泉州,0.1867928688
龙岩,泉州,0.12879419904
福州,泉州,0.1197125568
南平,泉州,0.0949444415999999
宁德,泉州,0.07884516672
上饶,泉州,0.06274589184
赣州,泉州,0.06150748608
重庆,泉州,0.0598562784
九江,泉州,0.0338497574399999
抚州,泉州,0.03157934688
宜春,泉州,0.0297217382399999
吉安,泉州,0.02580012
安庆,泉州,0.0210528979199999
遵义,泉州,0.01609927488
毕节,泉州,0.0158928739199999
达州,泉州,0.01362246336
广安,泉州,0.01362246336
南昌,泉州,0.0119712556799999
阜阳,泉州,0.0119712556799999
驻马店,泉州,0.0113520528
周口,泉州,0.0113520528
黄冈,泉州,0.0105264489599999
南阳,泉州,0.00949444416
温州,泉州,0.0084624393599999
巴中,泉州,0.00804963744
怀化,泉州,0.00784323648
衡阳,泉州,0.00784323648
亳州,泉州,0.00784323648
深圳,泉州,0.0074304345599999
永州,泉州,0.0072240336
邵阳,泉州,0.00660483072
常德,泉州,0.00660483072
景德镇,泉州,0.0063984297599999
铜仁,泉州,0.0061920287999999
恩施土家族苗族自治州,泉州,0.0061920287999999
鹰潭,泉州,0.00577922688
湘西土家族苗族自治州,泉州,0.00557282592
汕头,泉州,0.00536642496
信阳,泉州,0.00536642496
南充,泉州,0.005160024
咸宁,泉州,0.00495362304
东莞,泉州,0.00495362304
萍乡,泉州,0.00474722208
梅州,泉州,0.00454082112
株洲,泉州,0.00454082112
广州,泉州,0.00433442016
岳阳,泉州,0.00433442016
商丘,泉州,0.00433442016
平顶山,泉州,0.00433442016
郴州,泉州,0.0041280192
黔西南布依族苗族自治州,泉州,0.0041280192
淮南,泉州,0.00392161824
上海,泉州,0.00392161824
昭通,泉州,0.00392161824
襄阳,泉州,0.00392161824
杭州,泉州,0.0037152172799999
揭阳,泉州,0.00350881632
荆州,泉州,0.00350881632
泸州,泉州,0.00330241536
惠州,泉州,0.00330241536
贵阳,泉州,0.00330241536
黄石,泉州,0.0030960143999999
黔南布依族苗族自治州,泉州,0.0030960143999999
许昌,泉州,0.0030960143999999
宁波,泉州,0.00288961344
黔东南苗族侗族自治州,泉州,0.00288961344
长沙,泉州,0.00288961344
桂林,泉州,0.00288961344
娄底,泉州,0.00288961344
台州,泉州,0.00288961344
安顺,泉州,0.00268321248
武汉,泉州,0.00268321248
开封,泉州,0.00268321248
曲靖,泉州,0.00268321248
新余,泉州,0.00268321248
潮州,泉州,0.00268321248
蚌埠,泉州,0.00247681152
漯河,泉州,0.00247681152
宿州,泉州,0.00227041056
成都,泉州,0.00227041056
益阳,泉州,0.00227041056
遂宁,泉州,0.0020640096
孝感,泉州,0.0020640096
池州,泉州,0.0020640096
六安,泉州,0.0020640096
金华,泉州,0.0018576086399999
荆门,泉州,0.0018576086399999
汕尾,泉州,0.0018576086399999
六盘水,泉州,0.0018576086399999
苏州,泉州,0.00165120768
绵阳,泉州,0.00165120768
菏泽,泉州,0.00165120768
郑州,泉州,0.00165120768
宜宾,泉州,0.00165120768
随州,泉州,0.00144480672
西安,泉州,0.00144480672
合肥,泉州,0.00144480672
厦门,漳州,0.29895276528
泉州,漳州,0.15499344816
龙岩,漳州,0.12034421424
三明,漳州,0.0496020283199999
福州,漳州,0.04393027872
莆田,漳州,0.0319680432
汕头,漳州,0.03165867504
南平,漳州,0.02980246608
宁德,漳州,0.0261931708799999
潮州,漳州,0.02547131184
赣州,漳州,0.0175308624
揭阳,漳州,0.0123747264
上饶,漳州,0.00814669488
宜春,漳州,0.00732171312
抚州,漳州,0.0061873632
梅州,漳州,0.00536238144
吉安,漳州,0.00525925872
重庆,漳州,0.00484676784
深圳,漳州,0.00453739968
广州,漳州,0.00381554064
南昌,漳州,0.0036092952
周口,漳州,0.00329992704
九江,漳州,0.00299055888
温州,漳州,0.00278431344
阜阳,漳州,0.00268119072
汕尾,漳州,0.00247494528
遵义,漳州,0.00237182256
南阳,漳州,0.00226869984
东莞,漳州,0.0020624544
鹰潭,漳州,0.00195933168
惠州,漳州,0.00195933168
上海,漳州,0.00195933168
黄冈,漳州,0.00185620896
毕节,漳州,0.00175308624
邵阳,漳州,0.00175308624
南京,漳州,0.00175308624
铜仁,漳州,0.00175308624
衡阳,漳州,0.00175308624
达州,漳州,0.00164996352
驻马店,漳州,0.0015468408
怀化,漳州,0.0015468408
许昌,漳州,0.0015468408
岳阳,漳州,0.00144371808
佛山,漳州,0.00144371808
永州,漳州,0.00144371808
黔东南苗族侗族自治州,漳州,0.00134059536
杭州,漳州,0.00134059536
亳州,漳州,0.00134059536
金华,漳州,0.00134059536
萍乡,漳州,0.00134059536
淮南,漳州,0.00123747264
荆州,漳州,0.00123747264
菏泽,漳州,0.00123747264
恩施土家族苗族自治州,漳州,0.00123747264
信阳,漳州,0.00123747264
湛江,漳州,0.00123747264
安顺,漳州,0.00113434992
常德,漳州,0.00113434992
长沙,漳州,0.0010312272
苏州,漳州,0.0010312272
襄阳,漳州,0.0010312272
湘西土家族苗族自治州,漳州,0.0010312272
株洲,漳州,0.0010312272
娄底,漳州,0.0010312272
平顶山,漳州,0.00092810448
台州,漳州,0.00092810448
南通,漳州,0.00092810448
宿州,漳州,0.00092810448
益阳,漳州,0.00092810448
黔南布依族苗族自治州,漳州,0.00092810448
开封,漳州,0.00092810448
焦作,漳州,0.00082498176
安庆,漳州,0.00082498176
中山,漳州,0.00082498176
新乡,漳州,0.00082498176
蚌埠,漳州,0.00072185904
郴州,漳州,0.00072185904
武汉,漳州,0.00072185904
嘉兴,漳州,0.00072185904
桂林,漳州,0.00072185904
南充,漳州,0.00072185904
漯河,漳州,0.00072185904
西安,漳州,0.00072185904
张家界,漳州,0.00072185904
昭通,漳州,0.00072185904
景德镇,漳州,0.00061873632
江门,漳州,0.00061873632
天门,漳州,0.00061873632
贵港,漳州,0.00061873632
广安,漳州,0.00061873632
黄石,漳州,0.00061873632
宁波,漳州,0.00061873632
连云港,漳州,0.00061873632
衢州,漳州,0.00061873632
北京,漳州,0.00061873632
咸宁,漳州,0.00061873632
合肥,漳州,0.00061873632
商丘,漳州,0.00061873632
河源,漳州,0.0005156136
六安,漳州,0.0005156136
福州,南平,0.103737672
三明,南平,0.0671215896
宁德,南平,0.0496425024
泉州,南平,0.0252002016
厦门,南平,0.0212685912
上饶,南平,0.0209843784
莆田,南平,0.0194685768
龙岩,南平,0.013973796
抚州,南平,0.013500108
丽水,南平,0.011131668
漳州,南平,0.0105158736
衢州,南平,0.0068211072
宜春,南平,0.0056368871999999
温州,南平,0.004973724
上海,南平,0.004026348
重庆,南平,0.0039789792
赣州,南平,0.0032684472
九江,南平,0.0027473904
金华,南平,0.0027000216
杭州,南平,0.0024158088
鹰潭,南平,0.0020368584
南昌,南平,0.0020368584
吉安,南平,0.0019421208
邵阳,南平,0.0015631704
达州,南平,0.0015158016
衡阳,南平,0.0014684328
恩施土家族苗族自治州,南平,0.0014210639999999
荆州,南平,0.0014210639999999
深圳,南平,0.0013736952
永州,南平,0.0013736952
台州,南平,0.00118422
遵义,南平,0.0011368512
广州,南平,0.0011368512
铜仁,南平,0.0010894824
阜阳,南平,0.0010421136
怀化,南平,0.0010421136
常德,南平,0.0009947448
娄底,南平,0.0009947448
黄冈,南平,0.0009947448
周口,南平,0.0009947448
毕节,南平,0.0009947448
长沙,南平,0.0009000072
安庆,南平,0.0009000072
宁波,南平,0.0009000072
亳州,南平,0.0009000072
南阳,南平,0.0009000072
北京,南平,0.0008526384
梅州,南平,0.0008526384
苏州,南平,0.0008052696
郴州,南平,0.0008052696
咸宁,南平,0.0007579008
广安,南平,0.0007579008
荆门,南平,0.0007579008
武汉,南平,0.0007105319999999
合肥,南平,0.0007105319999999
驻马店,南平,0.0007105319999999
益阳,南平,0.0007105319999999
信阳,南平,0.0007105319999999
绍兴,南平,0.0007105319999999
黄石,南平,0.0006631632
襄阳,南平,0.0006631632
徐州,南平,0.0006631632
安顺,南平,0.0006157944
昭通,南平,0.0006157944
株洲,南平,0.0006157944
新余,南平,0.0006157944
岳阳,南平,0.0005684256
孝感,南平,0.0005684256
桂林,南平,0.0005684256
湘西土家族苗族自治州,南平,0.0005684256
萍乡,南平,0.0005210568
景德镇,南平,0.000473688
许昌,南平,0.000473688
嘉兴,南平,0.000473688
商丘,南平,0.000473688
揭阳,南平,0.000473688
南充,南平,0.000473688
黔东南苗族侗族自治州,南平,0.000473688
宿迁,南平,0.0004263192
无锡,南平,0.0004263192
运城,南平,0.0004263192
汕头,南平,0.0003789504
安阳,南平,0.0003789504
洛阳,南平,0.0003789504
湘潭,南平,0.0003789504
巴中,南平,0.0003789504
清远,南平,0.0003789504
宣城,南平,0.0003789504
宿州,南平,0.0003789504
贵阳,南平,0.0003789504
遂宁,南平,0.0003789504
曲靖,南平,0.0003789504
安康,南平,0.0003789504
成都,南平,0.0003789504
惠州,南平,0.0003789504
六安,南平,0.0003789504
济宁,南平,0.0003315816
临沂,南平,0.0003315816
黄山,南平,0.0003315816
南京,南平,0.0003315816
三明,龙岩,0.0596144707199999
漳州,龙岩,0.05314835088
厦门,龙岩,0.05176838628
泉州,龙岩,0.04289718528
赣州,龙岩,0.03225174408
福州,龙岩,0.02515478328
梅州,龙岩,0.01699327836
莆田,龙岩,0.01462762476
南平,龙岩,0.01403621136
宁德,龙岩,0.00725467104
深圳,龙岩,0.00299649456
抚州,龙岩,0.00291763944
上饶,龙岩,0.00220794336
吉安,龙岩,0.0021685158
宜春,龙岩,0.00212908824
重庆,龙岩,0.00201080556
汕头,龙岩,0.00201080556
潮州,龙岩,0.0016165299599999
广州,龙岩,0.00153767484
金华,龙岩,0.00141939216
九江,龙岩,0.00134053704
东莞,龙岩,0.00126168192
揭阳,龙岩,0.00106454412
达州,龙岩,0.00102511656
南阳,龙岩,0.000985689
上海,龙岩,0.00094626144
温州,龙岩,0.00094626144
永州,龙岩,0.00090683388
南昌,龙岩,0.00090683388
郑州,龙岩,0.00090683388
岳阳,龙岩,0.00090683388
衡阳,龙岩,0.00086740632
枣庄,龙岩,0.00086740632
怀化,龙岩,0.0008279787599999
遵义,龙岩,0.0007885512
长沙,龙岩,0.0007885512
株洲,龙岩,0.0007885512
河源,龙岩,0.00070969608
亳州,龙岩,0.00070969608
鹰潭,龙岩,0.00070969608
益阳,龙岩,0.00067026852
阜阳,龙岩,0.00067026852
遂宁,龙岩,0.00063084096
黄冈,龙岩,0.00063084096
萍乡,龙岩,0.0005914134
惠州,龙岩,0.0005914134
铜仁,龙岩,0.0005914134
佛山,龙岩,0.00055198584
丽水,龙岩,0.00055198584
安庆,龙岩,0.00051255828
周口,龙岩,0.00051255828
荆州,龙岩,0.00051255828
邵阳,龙岩,0.00051255828
许昌,龙岩,0.00051255828
信阳,龙岩,0.00051255828
台州,龙岩,0.00047313072
成都,龙岩,0.00047313072
郴州,龙岩,0.00047313072
杭州,龙岩,0.00043370316
淮南,龙岩,0.00043370316
常德,龙岩,0.00043370316
毕节,龙岩,0.00043370316
菏泽,龙岩,0.0003942756
襄阳,龙岩,0.0003942756
昭通,龙岩,0.00035484804
珠海,龙岩,0.00035484804
景德镇,龙岩,0.00035484804
桂林,龙岩,0.00035484804
韶关,龙岩,0.00035484804
安康,龙岩,0.00035484804
河池,龙岩,0.00035484804
宿州,龙岩,0.00035484804
北京,龙岩,0.00035484804
合肥,龙岩,0.00035484804
洛阳,龙岩,0.00035484804
南京,龙岩,0.00031542048
商丘,龙岩,0.00031542048
淮北,龙岩,0.00031542048
宁波,龙岩,0.00031542048
六安,龙岩,0.00027599292
安阳,龙岩,0.00027599292
昆明,龙岩,0.00027599292
新乡,龙岩,0.00027599292
汕尾,龙岩,0.00027599292
开封,龙岩,0.00027599292
荆门,龙岩,0.00027599292
南充,龙岩,0.00027599292
黄石,龙岩,0.00027599292
济宁,龙岩,0.00027599292
清远,龙岩,0.00023656536
泸州,龙岩,0.00023656536
苏州,龙岩,0.00023656536
宜宾,龙岩,0.00023656536
黔东南苗族侗族自治州,龙岩,0.00023656536
徐州,龙岩,0.00023656536
绍兴,龙岩,0.00023656536
平顶山,龙岩,0.0001971378
玉林,龙岩,0.0001971378
武汉,龙岩,0.0001971378
新余,龙岩,0.0001971378
福州,宁德,0.16088968116
温州,宁德,0.08031521628
南平,宁德,0.05143492224
泉州,宁德,0.02390272092
莆田,宁德,0.01887329808
三明,宁德,0.01882144836
厦门,宁德,0.0145179215999999
龙岩,宁德,0.00912555072
漳州,宁德,0.0084515043599999
上海,宁德,0.00523682172
金华,宁德,0.00342208152
杭州,宁德,0.00316283292
上饶,宁德,0.00316283292
重庆,宁德,0.00300728376
丽水,宁德,0.00274803516
深圳,宁德,0.00243693684
台州,宁德,0.00243693684
赣州,宁德,0.00243693684
宁波,宁德,0.00238508712
苏州,宁德,0.00222953796
抚州,宁德,0.0021258385199999
黄冈,宁德,0.00202213908
九江,宁德,0.00191843964
嘉兴,宁德,0.00176289048
南阳,宁德,0.00176289048
洛阳,宁德,0.00150364188
宜春,宁德,0.00145179216
安阳,宁德,0.00145179216
驻马店,宁德,0.00145179216
无锡,宁德,0.00139994244
吉安,宁德,0.00134809272
许昌,宁德,0.00119254356
广州,宁德,0.00119254356
达州,宁德,0.00114069384
安庆,宁德,0.00108884412
周口,宁德,0.00108884412
汕头,宁德,0.00108884412
株洲,宁德,0.0010369944
绍兴,宁德,0.00098514468
恩施土家族苗族自治州,宁德,0.00098514468
连云港,宁德,0.0009332949599999
南昌,宁德,0.0009332949599999
东莞,宁德,0.0009332949599999
武汉,宁德,0.0009332949599999
焦作,宁德,0.0009332949599999
信阳,宁德,0.0009332949599999
平顶山,宁德,0.0009332949599999
常德,宁德,0.0009332949599999
衡阳,宁德,0.0009332949599999
永州,宁德,0.00088144524
荆州,宁德,0.00082959552
遵义,宁德,0.00082959552
舟山,宁德,0.00082959552
襄阳,宁德,0.00082959552
巴中,宁德,0.00082959552
怀化,宁德,0.00082959552
南通,宁德,0.00082959552
揭阳,宁德,0.00082959552
长沙,宁德,0.00082959552
娄底,宁德,0.0007777458
鹰潭,宁德,0.0007777458
毕节,宁德,0.0007777458
阜阳,宁德,0.00072589608
南京,宁德,0.00072589608
岳阳,宁德,0.00072589608
惠州,宁德,0.00072589608
曲靖,宁德,0.00067404636
商丘,宁德,0.00067404636
衢州,宁德,0.00067404636
黔东南苗族侗族自治州,宁德,0.00067404636
景德镇,宁德,0.0006221966399999
邵阳,宁德,0.0006221966399999
宿州,宁德,0.0006221966399999
盐城,宁德,0.0006221966399999
泰州,宁德,0.00057034692
芜湖,宁德,0.00057034692
常州,宁德,0.00057034692
黄石,宁德,0.00057034692
益阳,宁德,0.00057034692
潮州,宁德,0.00057034692
湘潭,宁德,0.00057034692
亳州,宁德,0.00057034692
滁州,宁德,0.00057034692
漯河,宁德,0.0005184972
唐山,宁德,0.0005184972
新余,宁德,0.0004666474799999
西安,宁德,0.0004666474799999
青岛,宁德,0.0004666474799999
天津,宁德,0.0004666474799999
成都,宁德,0.0004666474799999
铜仁,宁德,0.0004666474799999
玉林,宁德,0.0004666474799999
濮阳,宁德,0.0004666474799999
蚌埠,宁德,0.0004666474799999
日照,宁德,0.0004666474799999
合肥,宁德,0.0004666474799999
池州,宁德,0.0004666474799999
郑州,宁德,0.0004666474799999
孝感,宁德,0.0004666474799999
咸宁,宁德,0.0004666474799999
宜春,南昌,0.8176508031600002
九江,南昌,0.5294279394
上饶,南昌,0.51643115244
抚州,南昌,0.4243068684
吉安,南昌,0.34670840508
赣州,南昌,0.24196959252
景德镇,南昌,0.09288880092
萍乡,南昌,0.09212428404
鹰潭,南昌,0.07989201396
新余,南昌,0.07606942956
黄冈,南昌,0.01949518044
长沙,南昌,0.01643711292
武汉,南昌,0.01414356228
安庆,南昌,0.01414356228
深圳,南昌,0.01376130384
上海,南昌,0.01261452852
重庆,南昌,0.01261452852
衡阳,南昌,0.01032097788
杭州,南昌,0.00917420256
周口,南昌,0.00879194412
阜阳,南昌,0.00840968568
泉州,南昌,0.00840968568
驻马店,南昌,0.00840968568
邵阳,南昌,0.00802742724
福州,南昌,0.00802742724
信阳,南昌,0.0076451688
广州,南昌,0.0076451688
黄石,南昌,0.00726291036
荆州,南昌,0.00726291036
南阳,南昌,0.00726291036
岳阳,南昌,0.00688065192
株洲,南昌,0.00688065192
合肥,南昌,0.00688065192
常德,南昌,0.0057338766
菏泽,南昌,0.0057338766
商丘,南昌,0.0057338766
孝感,南昌,0.00535161816
南平,南昌,0.00535161816
亳州,南昌,0.00535161816
娄底,南昌,0.00496935972
北京,南昌,0.00496935972
益阳,南昌,0.00496935972
襄阳,南昌,0.00496935972
永州,南昌,0.00496935972
金华,南昌,0.00458710128
厦门,南昌,0.00458710128
苏州,南昌,0.00458710128
南京,南昌,0.00458710128
徐州,南昌,0.00458710128
惠州,南昌,0.00458710128
三明,南昌,0.00420484284
莆田,南昌,0.00420484284
咸宁,南昌,0.00420484284
宿州,南昌,0.0038225844
温州,南昌,0.0038225844
怀化,南昌,0.0038225844
宜昌,南昌,0.0038225844
东莞,南昌,0.00344032596
郴州,南昌,0.00344032596
成都,南昌,0.00344032596
郑州,南昌,0.00344032596
宁波,南昌,0.00344032596
荆门,南昌,0.00344032596
湘潭,南昌,0.00344032596
衢州,南昌,0.00344032596
芜湖,南昌,0.00305806752
西安,南昌,0.00305806752
许昌,南昌,0.00305806752
恩施土家族苗族自治州,南昌,0.00305806752
桂林,南昌,0.00267580908
台州,南昌,0.00267580908
池州,南昌,0.00267580908
盐城,南昌,0.00267580908
南通,南昌,0.00267580908
安阳,南昌,0.00267580908
龙岩,南昌,0.00229355064
三亚,南昌,0.00229355064
达州,南昌,0.00229355064
佛山,南昌,0.00229355064
宁德,南昌,0.00229355064
临沂,南昌,0.00229355064
蚌埠,南昌,0.00229355064
邯郸,南昌,0.00229355064
六安,南昌,0.0019112922
滁州,南昌,0.0019112922
毕节,南昌,0.0019112922
洛阳,南昌,0.0019112922
淮南,南昌,0.0019112922
天津,南昌,0.0019112922
绍兴,南昌,0.0019112922
漳州,南昌,0.0019112922
漯河,南昌,0.0019112922
湘西土家族苗族自治州,南昌,0.0019112922
开封,南昌,0.0019112922
十堰,南昌,0.0019112922
南充,南昌,0.0019112922
黄山,南昌,0.0019112922
济宁,南昌,0.0019112922
海口,南昌,0.00152903376
无锡,南昌,0.00152903376
上饶,景德镇,0.24702141024
九江,景德镇,0.09622548576
南昌,景德镇,0.03996790128
抚州,景德镇,0.02658709008
宜春,景德镇,0.01431165024
黄山,景德镇,0.0093083904
吉安,景德镇,0.00919203552
赣州,景德镇,0.00861026112
鹰潭,景德镇,0.00773759952
安庆,景德镇,0.00471237264
金华,景德镇,0.00471237264
杭州,景德镇,0.00343246896
萍乡,景德镇,0.00337429152
池州,景德镇,0.0031997592
黄冈,景德镇,0.002908872
重庆,景德镇,0.00285069456
阜阳,景德镇,0.00238527504
上海,景德镇,0.00226892016
武汉,景德镇,0.00215256528
新余,景德镇,0.0020943878399999
衢州,景德镇,0.00191985552
温州,景德镇,0.00180350064
常德,景德镇,0.00180350064
宁波,景德镇,0.00168714576
绍兴,景德镇,0.00162896832
亳州,景德镇,0.00151261344
合肥,景德镇,0.00151261344
黄石,景德镇,0.001454436
岳阳,景德镇,0.00139625856
长沙,景德镇,0.00139625856
福州,景德镇,0.00133808112
荆州,景德镇,0.0012799036799999
泉州,景德镇,0.00122172624
深圳,景德镇,0.00122172624
徐州,景德镇,0.0011635488
苏州,景德镇,0.00110537136
南京,景德镇,0.0010471939199999
咸宁,景德镇,0.00098901648
株洲,景德镇,0.00098901648
娄底,景德镇,0.00098901648
衡阳,景德镇,0.00093083904
周口,景德镇,0.00093083904
信阳,景德镇,0.00093083904
宿州,景德镇,0.00093083904
蚌埠,景德镇,0.00093083904
驻马店,景德镇,0.0008726615999999
南平,景德镇,0.0008726615999999
宜昌,景德镇,0.0008726615999999
恩施土家族苗族自治州,景德镇,0.0008726615999999
广州,景德镇,0.0008726615999999
襄阳,景德镇,0.00081448416
莆田,景德镇,0.00081448416
厦门,景德镇,0.00075630672
六安,景德镇,0.00075630672
湘西土家族苗族自治州,景德镇,0.00075630672
遵义,景德镇,0.00075630672
菏泽,景德镇,0.00075630672
北京,景德镇,0.00075630672
滁州,景德镇,0.00075630672
益阳,景德镇,0.00075630672
嘉兴,景德镇,0.00069812928
芜湖,景德镇,0.00069812928
孝感,景德镇,0.00069812928
宁德,景德镇,0.00069812928
常州,景德镇,0.00069812928
南阳,景德镇,0.00069812928
天津,景德镇,0.0006399518399999
商丘,景德镇,0.0006399518399999
淮南,景德镇,0.0006399518399999
宜宾,景德镇,0.0006399518399999
随州,景德镇,0.0006399518399999
台州,景德镇,0.0006399518399999
开封,景德镇,0.0006399518399999
安康,景德镇,0.0005817744
盐城,景德镇,0.0005817744
铜陵,景德镇,0.0005817744
宣城,景德镇,0.0005817744
南通,景德镇,0.0005817744
许昌,景德镇,0.0005817744
永州,景德镇,0.0005817744
十堰,景德镇,0.0005817744
丽水,景德镇,0.0005235969599999
毕节,景德镇,0.0005235969599999
三明,景德镇,0.0005235969599999
无锡,景德镇,0.0005235969599999
昭通,景德镇,0.00046541952
怀化,景德镇,0.00046541952
郴州,景德镇,0.00046541952
洛阳,景德镇,0.00046541952
湘潭,景德镇,0.00046541952
马鞍山,景德镇,0.00046541952
荆门,景德镇,0.00046541952
平顶山,景德镇,0.00040724208
佛山,景德镇,0.00040724208
成都,景德镇,0.00040724208
张家界,景德镇,0.00040724208
临沂,景德镇,0.00040724208
邵阳,景德镇,0.00040724208
潮州,景德镇,0.00040724208
漳州,景德镇,0.00040724208
宜春,萍乡,0.07820622576
株洲,萍乡,0.0595442016
长沙,萍乡,0.0395751096
吉安,萍乡,0.02447121456
南昌,萍乡,0.0168829596
新余,萍乡,0.01267129656
赣州,萍乡,0.00864117072
上饶,萍乡,0.00845963352
九江,萍乡,0.00769717728
衡阳,萍乡,0.00540980856
抚州,萍乡,0.00468365976
邵阳,萍乡,0.00395751096
湘潭,萍乡,0.00323136216
益阳,萍乡,0.00301351752
郴州,萍乡,0.00297721008
娄底,萍乡,0.0029045952
岳阳,萍乡,0.0029045952
怀化,萍乡,0.00268675056
深圳,萍乡,0.00246890592
永州,萍乡,0.00243259848
常德,萍乡,0.00239629104
重庆,萍乡,0.00239629104
广州,萍乡,0.00210583152
东莞,萍乡,0.00177906456
上海,萍乡,0.0016338348
鹰潭,萍乡,0.00141599016
景德镇,萍乡,0.00137968272
湘西土家族苗族自治州,萍乡,0.00134337528
张家界,萍乡,0.00130706784
武汉,萍乡,0.00119814552
桂林,萍乡,0.00112553064
荆州,萍乡,0.00105291576
铜仁,萍乡,0.00101660832
南阳,萍乡,0.00098030088
驻马店,萍乡,0.00094399344
襄阳,萍乡,0.00094399344
毕节,萍乡,0.000907686
孝感,萍乡,0.00087137856
金华,萍乡,0.00087137856
福州,萍乡,0.00083507112
杭州,萍乡,0.00079876368
温州,萍乡,0.00079876368
惠州,萍乡,0.00079876368
韶关,萍乡,0.00076245624
黄冈,萍乡,0.00076245624
莆田,萍乡,0.0007261488
商丘,萍乡,0.00068984136
玉林,萍乡,0.00068984136
平顶山,萍乡,0.00065353392
清远,萍乡,0.00061722648
黔南布依族苗族自治州,萍乡,0.00061722648
咸宁,萍乡,0.00061722648
中山,萍乡,0.00061722648
佛山,萍乡,0.00061722648
恩施土家族苗族自治州,萍乡,0.00058091904
黄石,萍乡,0.00058091904
邯郸,萍乡,0.00058091904
安庆,萍乡,0.00058091904
泉州,萍乡,0.00058091904
周口,萍乡,0.00058091904
枣庄,萍乡,0.00058091904
邢台,萍乡,0.00058091904
遵义,萍乡,0.0005446116
厦门,萍乡,0.00050830416
苏州,萍乡,0.00050830416
许昌,萍乡,0.00050830416
荆门,萍乡,0.00050830416
达州,萍乡,0.00047199672
南宁,萍乡,0.00047199672
河池,萍乡,0.00047199672
北海,萍乡,0.00047199672
黔东南苗族侗族自治州,萍乡,0.00047199672
信阳,萍乡,0.00043568928
合肥,萍乡,0.00043568928
三亚,萍乡,0.00043568928
漳州,萍乡,0.00039938184
郑州,萍乡,0.00039938184
柳州,萍乡,0.00039938184
阜阳,萍乡,0.00039938184
宜昌,萍乡,0.0003630744
嘉兴,萍乡,0.0003630744
江门,萍乡,0.0003630744
梅州,萍乡,0.0003630744
宁波,萍乡,0.0003630744
昭通,萍乡,0.0003630744
漯河,萍乡,0.00032676696
贵阳,萍乡,0.00032676696
亳州,萍乡,0.00032676696
台州,萍乡,0.00029045952
南平,萍乡,0.00029045952
珠海,萍乡,0.00029045952
南通,萍乡,0.00029045952
衢州,萍乡,0.00029045952
六盘水,萍乡,0.00029045952
安顺,萍乡,0.00029045952
绍兴,萍乡,0.00029045952
宿迁,萍乡,0.00029045952
三明,萍乡,0.00029045952
贵港,萍乡,0.00029045952
钦州,萍乡,0.00029045952
南昌,九江,0.1544198515199999
黄冈,九江,0.1332026467199999
上饶,九江,0.0797973897599999
宜春,九江,0.06292712448
安庆,九江,0.04315889952
黄石,九江,0.0398469456
景德镇,九江,0.0351895104
赣州,九江,0.0268061270399999
吉安,九江,0.0261851356799999
抚州,九江,0.0252536486399999
萍乡,九江,0.01676676672
咸宁,九江,0.01542128544
岳阳,九江,0.0124198272
武汉,九江,0.0108673488
重庆,九江,0.01066035168
鹰潭,九江,0.00900437472
池州,九江,0.00838338336
杭州,九江,0.0082798848
深圳,九江,0.0072448991999999
信阳,九江,0.0067274064
新余,九江,0.0067274064
荆州,九江,0.0066239078399999
恩施土家族苗族自治州,九江,0.0063134121599999
阜阳,九江,0.0063134121599999
驻马店,九江,0.0062099136
上海,九江,0.0060029164799999
合肥,九江,0.0060029164799999
湘西土家族苗族自治州,九江,0.0058994179199999
周口,九江,0.0056924207999999
南阳,九江,0.00548542368
长沙,九江,0.00548542368
新乡,九江,0.00455393664
衡阳,九江,0.00424344096
襄阳,九江,0.0041399424
温州,九江,0.0041399424
邵阳,九江,0.00403644384
芜湖,九江,0.00403644384
泉州,九江,0.00382944672
商丘,九江,0.00382944672
东莞,九江,0.00372594816
金华,九江,0.0036224495999999
怀化,九江,0.0036224495999999
亳州,九江,0.0036224495999999
常德,九江,0.0036224495999999
福州,九江,0.0036224495999999
广州,九江,0.00341545248
苏州,九江,0.00320845536
宜昌,九江,0.0031049568
毕节,九江,0.0030014582399999
娄底,九江,0.0030014582399999
孝感,九江,0.00269096256
株洲,九江,0.00269096256
益阳,九江,0.002587464
达州,九江,0.002587464
遵义,九江,0.002587464
宁波,九江,0.002587464
永州,九江,0.00248396544
荆门,九江,0.00248396544
南京,九江,0.00238046688
张家界,九江,0.00238046688
铜陵,九江,0.00227696832
北京,九江,0.00227696832
厦门,九江,0.00227696832
菏泽,九江,0.00217346976
许昌,九江,0.0020699712
铜仁,九江,0.0020699712
平顶山,九江,0.00196647264
鄂州,九江,0.00196647264
佛山,九江,0.00196647264
六安,九江,0.00186297408
徐州,九江,0.00186297408
宿州,九江,0.00186297408
昭通,九江,0.00186297408
莆田,九江,0.00175947552
台州,九江,0.00175947552
泰州,九江,0.00175947552
开封,九江,0.0016559769599999
南通,九江,0.0016559769599999
衢州,九江,0.0015524784
郴州,九江,0.0015524784
随州,九江,0.0015524784
泰安,九江,0.0015524784
宿迁,九江,0.0015524784
黄山,九江,0.0015524784
汕头,九江,0.0015524784
洛阳,九江,0.0015524784
丽水,九江,0.00144897984
临沂,九江,0.00144897984
湘潭,九江,0.00144897984
郑州,九江,0.00144897984
盐城,九江,0.00144897984
漯河,九江,0.00144897984
惠州,九江,0.00134548128
马鞍山,九江,0.00134548128
滁州,九江,0.00134548128
南平,九江,0.00134548128
巴中,九江,0.00124198272
宁德,九江,0.00124198272
十堰,九江,0.00113848416
三明,九江,0.00113848416
宜春,新余,0.1289429928
吉安,新余,0.0634421484
南昌,新余,0.0200379743999999
萍乡,新余,0.0169499304
赣州,新余,0.0127982268
上饶,新余,0.0108767771999999
九江,新余,0.0088180812
抚州,新余,0.0060045299999999
长沙,新余,0.0028821744
深圳,新余,0.0023675003999999
鹰潭,新余,0.0022988772
株洲,新余,0.002230254
景德镇,新余,0.0021273192
周口,新余,0.0020930076
驻马店,新余,0.0019214496
信阳,新余,0.0017842032
衡阳,新余,0.0017498916
上海,新余,0.00171558
黄冈,新余,0.0014753987999999
南阳,新余,0.0014410872
怀化,新余,0.0012695292
湘潭,新余,0.0012695292
邵阳,新余,0.0012009059999999
岳阳,新余,0.0011665944
娄底,新余,0.0011665944
黄石,新余,0.0011322828
重庆,新余,0.0010979712
常德,新余,0.0010636596
金华,新余,0.0009950363999999
广州,新余,0.0009264132
阜阳,新余,0.0008234783999999
安庆,新余,0.0008234783999999
益阳,新余,0.0007891668
郴州,新余,0.0007548552
泉州,新余,0.0006862319999999
襄阳,新余,0.0006519204
商丘,新余,0.0006519204
福州,新余,0.0006176087999999
毕节,新余,0.0005832972
开封,新余,0.0005832972
新乡,新余,0.0005489856
杭州,新余,0.0005489856
东莞,新余,0.0005489856
桂林,新余,0.0005489856
永州,新余,0.0005489856
六安,新余,0.000514674
铜仁,新余,0.000514674
北京,新余,0.000514674
许昌,新余,0.0004803624
湘西土家族苗族自治州,新余,0.0004803624
达州,新余,0.0004803624
河源,新余,0.0004803624
温州,新余,0.0004803624
苏州,新余,0.0004803624
咸宁,新余,0.0004460508
武汉,新余,0.0004460508
荆州,新余,0.0004460508
盐城,新余,0.0004460508
南宁,新余,0.0004117391999999
珠海,新余,0.0004117391999999
中山,新余,0.0004117391999999
韶关,新余,0.0003774276
衢州,新余,0.0003774276
遵义,新余,0.0003774276
黔东南苗族侗族自治州,新余,0.0003774276
惠州,新余,0.0003774276
安阳,新余,0.0003774276
黔西南布依族苗族自治州,新余,0.0003431159999999
南京,新余,0.0003431159999999
安康,新余,0.0003431159999999
黔南布依族苗族自治州,新余,0.0003431159999999
佛山,新余,0.0003431159999999
平顶山,新余,0.0003431159999999
荆门,新余,0.0003431159999999
成都,新余,0.0003088043999999
孝感,新余,0.0003088043999999
亳州,新余,0.0003088043999999
随州,新余,0.0003088043999999
濮阳,新余,0.0002744928
恩施土家族苗族自治州,新余,0.0002744928
南充,新余,0.0002744928
漳州,新余,0.0002401812
汉中,新余,0.0002401812
莆田,新余,0.0002401812
昭通,新余,0.0002401812
汕头,新余,0.0002401812
菏泽,新余,0.0002401812
绍兴,新余,0.0002401812
无锡,新余,0.0002401812
临沂,新余,0.0002401812
南平,新余,0.0002401812
宜昌,新余,0.0002401812
铜陵,新余,0.0002401812
龙岩,新余,0.0002058695999999
揭阳,新余,0.0002058695999999
郑州,新余,0.0002058695999999
湛江,新余,0.0002058695999999
张家界,新余,0.0002058695999999
保定,新余,0.0001715579999999
徐州,新余,0.0001715579999999
上饶,鹰潭,0.1341484092
抚州,鹰潭,0.0566670492
南昌,鹰潭,0.028703322
景德镇,鹰潭,0.0117630792
宜春,鹰潭,0.0103543272
九江,鹰潭,0.0085229496
赣州,鹰潭,0.008100324
吉安,鹰潭,0.0076776984
金华,鹰潭,0.0036275364
杭州,鹰潭,0.0034514424
新余,鹰潭,0.0032753484
上海,鹰潭,0.0032049108
南平,鹰潭,0.0027118476
萍乡,鹰潭,0.002289222
衡阳,鹰潭,0.0022187844
福州,鹰潭,0.0018313776
深圳,鹰潭,0.001584846
温州,鹰潭,0.0015144084
长沙,鹰潭,0.0015144084
邵阳,鹰潭,0.0013030956
泉州,鹰潭,0.0012678767999999
厦门,鹰潭,0.001232658
安庆,鹰潭,0.0011974392
宁波,鹰潭,0.0011974392
永州,鹰潭,0.0011622204
绍兴,鹰潭,0.0010917828
岳阳,鹰潭,0.0010213452
衢州,鹰潭,0.0009861264
怀化,鹰潭,0.0009156888
黄冈,鹰潭,0.0009156888
合肥,鹰潭,0.0009156888
重庆,鹰潭,0.00088047
阜阳,鹰潭,0.00088047
株洲,鹰潭,0.00088047
娄底,鹰潭,0.0008452512
商丘,鹰潭,0.0008100324
苏州,鹰潭,0.0008100324
广州,鹰潭,0.0007748136
亳州,鹰潭,0.0007395947999999
台州,鹰潭,0.000704376
常德,鹰潭,0.000704376
池州,鹰潭,0.000704376
莆田,鹰潭,0.0006691572
南阳,鹰潭,0.0006339383999999
徐州,鹰潭,0.0005987196
宿州,鹰潭,0.0005987196
漳州,鹰潭,0.0005987196
毕节,鹰潭,0.0005987196
新乡,鹰潭,0.0005635008
遵义,鹰潭,0.0005635008
宁德,鹰潭,0.0005635008
湘潭,鹰潭,0.0005635008
南京,鹰潭,0.000528282
嘉兴,鹰潭,0.000528282
北京,鹰潭,0.0004930632
益阳,鹰潭,0.0004930632
信阳,鹰潭,0.0004930632
东莞,鹰潭,0.0004578444
蚌埠,鹰潭,0.0004578444
无锡,鹰潭,0.0004578444
驻马店,鹰潭,0.0004226256
黄石,鹰潭,0.0004226256
安顺,鹰潭,0.0003874068
铜仁,鹰潭,0.0003874068
黔西南布依族苗族自治州,鹰潭,0.0003874068
昭通,鹰潭,0.0003874068
三明,鹰潭,0.0003874068
龙岩,鹰潭,0.0003874068
贵阳,鹰潭,0.0003874068
聊城,鹰潭,0.0003874068
周口,鹰潭,0.0003874068
孝感,鹰潭,0.0003874068
武汉,鹰潭,0.0003874068
天津,鹰潭,0.000352188
郴州,鹰潭,0.000352188
荆州,鹰潭,0.000352188
淮南,鹰潭,0.000352188
保定,鹰潭,0.000352188
惠州,鹰潭,0.000352188
南充,鹰潭,0.000352188
恩施土家族苗族自治州,鹰潭,0.0003169691999999
菏泽,鹰潭,0.0003169691999999
襄阳,鹰潭,0.0003169691999999
丽水,鹰潭,0.0003169691999999
佛山,鹰潭,0.0003169691999999
黄山,鹰潭,0.0003169691999999
连云港,鹰潭,0.0003169691999999
鄂州,鹰潭,0.0003169691999999
铜陵,鹰潭,0.0002817504
珠海,鹰潭,0.0002817504
六盘水,鹰潭,0.0002465316
海口,鹰潭,0.0002465316
韶关,鹰潭,0.0002465316
黔南布依族苗族自治州,鹰潭,0.0002465316
桂林,鹰潭,0.0002465316
荆门,鹰潭,0.0002465316
湖州,鹰潭,0.0002465316
张家界,鹰潭,0.0002465316
泰州,鹰潭,0.0002465316
成都,鹰潭,0.0002465316
吉安,赣州,0.30932072964
宜春,赣州,0.11894481612
九江,赣州,0.0837910850399999
抚州,赣州,0.07576511904
黄冈,赣州,0.06757863372
南昌,赣州,0.06757863372
上饶,赣州,0.0634051314
驻马店,赣州,0.03017763216
韶关,赣州,0.0276093230399999
信阳,赣州,0.02680672644
萍乡,赣州,0.02520153324
梅州,赣州,0.02520153324
周口,赣州,0.0248804946
龙岩,赣州,0.0240778979999999
河源,赣州,0.02343582072
广州,赣州,0.02054647296
新余,赣州,0.02038595364
深圳,赣州,0.02022543432
黄石,赣州,0.01829920248
安庆,赣州,0.01829920248
阜阳,赣州,0.0168545286
郴州,赣州,0.01492829676
东莞,赣州,0.01476777744
惠州,赣州,0.0136441422
三明,赣州,0.0134836228799999
衡阳,赣州,0.01187842968
南阳,赣州,0.01059427512
泉州,赣州,0.0104337558
商丘,赣州,0.00947063988
景德镇,赣州,0.00914960124
邵阳,赣州,0.00898908192
岳阳,赣州,0.0088285626
咸宁,赣州,0.00866804328
鹰潭,赣州,0.00866804328
厦门,赣州,0.00834700464
揭阳,赣州,0.008025966
永州,赣州,0.008025966
重庆,赣州,0.00770492736
长沙,赣州,0.0069023307599999
福州,赣州,0.0069023307599999
佛山,赣州,0.0069023307599999
亳州,赣州,0.0065812921199999
武汉,赣州,0.0065812921199999
株洲,赣州,0.0065812921199999
孝感,赣州,0.00626025348
常德,赣州,0.00609973416
襄阳,赣州,0.00593921484
汕头,赣州,0.00593921484
合肥,赣州,0.00513661824
上海,赣州,0.00513661824
荆州,赣州,0.00513661824
娄底,赣州,0.0048155796
漳州,赣州,0.00465506028
杭州,赣州,0.00465506028
益阳,赣州,0.00449454096
清远,赣州,0.00433402164
怀化,赣州,0.00417350232
随州,赣州,0.004012983
南平,赣州,0.00385246368
桂林,赣州,0.00369194436
中山,赣州,0.00369194436
菏泽,赣州,0.00369194436
金华,赣州,0.00369194436
六安,赣州,0.00353142504
宿州,赣州,0.0033709057199999
鄂州,赣州,0.0033709057199999
滁州,赣州,0.0032103864
潮州,赣州,0.00304986708
达州,赣州,0.00304986708
平顶山,赣州,0.00304986708
蚌埠,赣州,0.00288934776
芜湖,赣州,0.00288934776
玉林,赣州,0.00288934776
开封,赣州,0.00288934776
莆田,赣州,0.00272882844
荆门,赣州,0.00272882844
淮南,赣州,0.00256830912
南宁,赣州,0.00256830912
新乡,赣州,0.00224727048
湛江,赣州,0.00224727048
贵港,赣州,0.00224727048
茂名,赣州,0.00224727048
池州,赣州,0.00224727048
江门,赣州,0.00224727048
徐州,赣州,0.00208675116
珠海,赣州,0.00208675116
许昌,赣州,0.00208675116
温州,赣州,0.00208675116
聊城,赣州,0.00192623184
漯河,赣州,0.00192623184
铜仁,赣州,0.00192623184
苏州,赣州,0.00192623184
湘潭,赣州,0.00192623184
临沂,赣州,0.00176571252
无锡,赣州,0.00176571252
南通,赣州,0.00176571252
宁德,赣州,0.00176571252
汕尾,赣州,0.0016051932
毕节,赣州,0.0016051932
淮安,赣州,0.0016051932
赣州,吉安,0.1307761362
宜春,吉安,0.0756012852
南昌,吉安,0.0564270462
新余,吉安,0.0369397584
萍乡,吉安,0.0331049106
抚州,吉安,0.0280178676
驻马店,吉安,0.02739177
九江,吉安,0.025826526
周口,吉安,0.0200351232
上饶,吉安,0.0198785988
信阳,吉安,0.018782928
黄冈,吉安,0.017608995
株洲,吉安,0.0135393606
郴州,吉安,0.0124436898
深圳,吉安,0.0100958238
衡阳,吉安,0.0095479884
邵阳,吉安,0.0082957932
长沙,吉安,0.0072783846
阜阳,吉安,0.0071218602
南阳,吉安,0.0061044516
东莞,吉安,0.0055566161999999
永州,吉安,0.0054000917999999
重庆,吉安,0.0052435674
黄石,吉安,0.0050087808
娄底,吉安,0.0050087808
广州,吉安,0.0045392076
景德镇,吉安,0.0044609454
岳阳,吉安,0.0044609454
商丘,吉安,0.0044609454
安庆,吉安,0.0042261588
鹰潭,吉安,0.00391311
孝感,吉安,0.0038348478
常德,吉安,0.0038348478
泉州,吉安,0.0038348478
怀化,吉安,0.0036783234
益阳,吉安,0.0036783234
荆州,吉安,0.0033652746
惠州,吉安,0.0033652746
武汉,吉安,0.003130488
襄阳,吉安,0.0028957014
杭州,吉安,0.0028174391999999
桂林,吉安,0.0028174391999999
亳州,吉安,0.0027391769999999
咸宁,吉安,0.0025826526
湘潭,吉安,0.0025826526
河源,吉安,0.002347866
随州,吉安,0.002347866
开封,吉安,0.0021913416
揭阳,吉安,0.0021913416
龙岩,吉安,0.0021130794
上海,吉安,0.0021130794
金华,吉安,0.0021130794
佛山,吉安,0.0020348172
中山,吉安,0.0018782928
厦门,吉安,0.0018782928
菏泽,吉安,0.0018000306
温州,吉安,0.0018000306
毕节,吉安,0.0017217684
铜仁,吉安,0.0016435062
平顶山,吉安,0.0016435062
韶关,吉安,0.001565244
苏州,吉安,0.0014869818
漯河,吉安,0.0014869818
福州,吉安,0.0014869818
合肥,吉安,0.0014869818
六安,吉安,0.0014869818
达州,吉安,0.0014087195999999
三明,吉安,0.0013304574
黔东南苗族侗族自治州,吉安,0.0013304574
遵义,吉安,0.0013304574
湘西土家族苗族自治州,吉安,0.0013304574
恩施土家族苗族自治州,吉安,0.0013304574
新乡,吉安,0.0012521952
宁波,吉安,0.0012521952
莆田,吉安,0.0012521952
宿州,吉安,0.001173933
衢州,吉安,0.001173933
台州,吉安,0.001173933
许昌,吉安,0.0010956708
鄂州,吉安,0.0010956708
茂名,吉安,0.0010956708
荆门,吉安,0.0010956708
南宁,吉安,0.0010956708
汕头,吉安,0.0010174086
张家界,吉安,0.0010174086
汕尾,吉安,0.0010174086
清远,吉安,0.0010174086
北京,吉安,0.0010174086
珠海,吉安,0.0010174086
梅州,吉安,0.0009391464
漳州,吉安,0.0009391464
郑州,吉安,0.0009391464
临沂,吉安,0.0009391464
宜昌,吉安,0.0009391464
南充,吉安,0.0008608842
天门,吉安,0.0008608842
贺州,吉安,0.000782622
濮阳,吉安,0.000782622
丽水,吉安,0.000782622
六盘水,吉安,0.000782622
南昌,宜春,0.2221147818
新余,宜春,0.10849266684
吉安,宜春,0.08187760584
萍乡,宜春,0.07674815772
九江,宜春,0.0517783914
赣州,宜春,0.03503509848
抚州,宜春,0.033873714
上饶,宜春,0.03203485524
长沙,宜春,0.03126059892
株洲,宜春,0.0091942938
深圳,宜春,0.00890394768
邵阳,宜春,0.0077425632
衡阳,宜春,0.00754899912
岳阳,宜春,0.007258653
景德镇,宜春,0.00696830688
黄冈,宜春,0.00696830688
鹰潭,宜春,0.00600048648
娄底,宜春,0.00571014036
重庆,宜春,0.0056133583199999
东莞,宜春,0.0053230122
广州,宜春,0.00503266608
怀化,宜春,0.004839102
驻马店,宜春,0.00474231996
永州,宜春,0.00445197384
上海,宜春,0.00445197384
杭州,宜春,0.00425840976
周口,宜春,0.00425840976
湘潭,宜春,0.00406484568
信阳,宜春,0.00396806364
湘西土家族苗族自治州,宜春,0.00396806364
常德,宜春,0.00377449956
毕节,宜春,0.0035809354799999
益阳,宜春,0.00329058936
泉州,宜春,0.00319380732
佛山,宜春,0.00319380732
郴州,宜春,0.00319380732
金华,宜春,0.00300024324
阜阳,宜春,0.0028066791599999
南阳,宜春,0.0028066791599999
武汉,宜春,0.0028066791599999
福州,宜春,0.00270989712
惠州,宜春,0.00261311508
荆州,宜春,0.00251633304
桂林,宜春,0.002419551
温州,宜春,0.002419551
商丘,宜春,0.00232276896
台州,宜春,0.00232276896
遵义,宜春,0.00222598692
黄石,宜春,0.00222598692
安庆,宜春,0.00212920488
襄阳,宜春,0.0019356408
黔东南苗族侗族自治州,宜春,0.0019356408
合肥,宜春,0.00183885876
昭通,宜春,0.00183885876
黔南布依族苗族自治州,宜春,0.00174207672
恩施土家族苗族自治州,宜春,0.00174207672
孝感,宜春,0.00164529468
咸宁,宜春,0.00164529468
南平,宜春,0.00154851264
张家界,宜春,0.00154851264
北京,宜春,0.00154851264
亳州,宜春,0.0014517306
铜仁,宜春,0.0014517306
苏州,宜春,0.0014517306
绍兴,宜春,0.00135494856
韶关,宜春,0.00135494856
厦门,宜春,0.00135494856
三明,宜春,0.00135494856
宁波,宜春,0.00125816652
柳州,宜春,0.00125816652
贺州,宜春,0.00125816652
莆田,宜春,0.00125816652
随州,宜春,0.00125816652
菏泽,宜春,0.00125816652
南宁,宜春,0.00125816652
临沂,宜春,0.00116138448
成都,宜春,0.00116138448
清远,宜春,0.00116138448
许昌,宜春,0.00116138448
龙岩,宜春,0.00116138448
六安,宜春,0.00106460244
茂名,宜春,0.00106460244
泰州,宜春,0.00106460244
开封,宜春,0.00106460244
宜昌,宜春,0.0009678204
衢州,宜春,0.0009678204
中山,宜春,0.0009678204
宁德,宜春,0.0009678204
南充,宜春,0.0009678204
郑州,宜春,0.0009678204
安康,宜春,0.0009678204
梅州,宜春,0.0009678204
河源,宜春,0.00087103836
玉林,宜春,0.00087103836
连云港,宜春,0.00087103836
漯河,宜春,0.00087103836
安顺,宜春,0.00087103836
平顶山,宜春,0.00087103836
湖州,宜春,0.00087103836
六盘水,宜春,0.00087103836
南昌,抚州,0.1167634634399999
上饶,抚州,0.0444648204
赣州,抚州,0.04105777572
鹰潭,抚州,0.03793946364
宜春,抚州,0.03557185632
吉安,抚州,0.02991269736
九江,抚州,0.0210774798
南平,抚州,0.00912395016
南阳,抚州,0.00791127324
杭州,抚州,0.0077957802
景德镇,抚州,0.00762254064
三明,抚州,0.00744930108
上海,抚州,0.00681408936
深圳,抚州,0.00589014504
萍乡,抚州,0.0054859194
阜阳,抚州,0.00444648204
新余,抚州,0.00444648204
驻马店,抚州,0.00444648204
泉州,抚州,0.00438873552
厦门,抚州,0.00427324248
重庆,抚州,0.00415774944
福州,抚州,0.00410000292
黄冈,抚州,0.00398450988
周口,抚州,0.0037535238
温州,抚州,0.00369577728
襄阳,抚州,0.00363803076
广州,抚州,0.00323380512
信阳,抚州,0.0031760586
金华,抚州,0.00306056556
邵阳,抚州,0.00294507252
苏州,抚州,0.00265633992
安庆,抚州,0.00265633992
长沙,抚州,0.00254084688
衡阳,抚州,0.00254084688
东莞,抚州,0.00242535384
亳州,抚州,0.00242535384
商丘,抚州,0.00225211428
莆田,抚州,0.00225211428
永州,抚州,0.00219436776
衢州,抚州,0.00213662124
达州,抚州,0.00213662124
常德,抚州,0.0020211282
宁德,抚州,0.0020211282
宁波,抚州,0.00196338168
惠州,抚州,0.00196338168
荆州,抚州,0.00196338168
桂林,抚州,0.00190563516
揭阳,抚州,0.00184788864
合肥,抚州,0.00179014212
娄底,抚州,0.00179014212
平顶山,抚州,0.0017323955999999
武汉,抚州,0.00167464908
孝感,抚州,0.00161690256
龙岩,抚州,0.00161690256
株洲,抚州,0.00161690256
芜湖,抚州,0.00155915604
黄石,抚州,0.00155915604
荆门,抚州,0.00150140952
宜昌,抚州,0.001443663
台州,抚州,0.0013859164799999
岳阳,抚州,0.0013859164799999
怀化,抚州,0.0013859164799999
恩施土家族苗族自治州,抚州,0.00132816996
佛山,抚州,0.00132816996
漳州,抚州,0.00127042344
菏泽,抚州,0.0011549304
汕头,抚州,0.0011549304
郴州,抚州,0.0011549304
咸宁,抚州,0.0011549304
宿州,抚州,0.0011549304
嘉兴,抚州,0.0011549304
蚌埠,抚州,0.0011549304
许昌,抚州,0.00109718388
漯河,抚州,0.00103943736
池州,抚州,0.00103943736
毕节,抚州,0.00098169084
无锡,抚州,0.00092394432
昭通,抚州,0.00092394432
六安,抚州,0.00092394432
遵义,抚州,0.00092394432
开封,抚州,0.00092394432
中山,抚州,0.0008661977999999
绍兴,抚州,0.0008661977999999
益阳,抚州,0.0008661977999999
北京,抚州,0.0008661977999999
铜仁,抚州,0.00080845128
枣庄,抚州,0.00080845128
黔南布依族苗族自治州,抚州,0.00080845128
宣城,抚州,0.00075070476
南通,抚州,0.0006929582399999
黄山,抚州,0.0006929582399999
黔东南苗族侗族自治州,抚州,0.0006929582399999
湘潭,抚州,0.0006929582399999
盐城,抚州,0.0006929582399999
随州,抚州,0.0006929582399999
临沂,抚州,0.0006929582399999
梅州,抚州,0.0006929582399999
郑州,抚州,0.0006929582399999
湘西土家族苗族自治州,抚州,0.00063521172
焦作,抚州,0.00063521172
景德镇,上饶,0.1445706792
南昌,上饶,0.11290805136
鹰潭,上饶,0.09630715968
九江,上饶,0.06409483344
衢州,上饶,0.05156170992
杭州,上饶,0.04870327824
抚州,上饶,0.0446355100799999
宜春,上饶,0.0416671387199999
吉安,上饶,0.030233412
赣州,上饶,0.02759485968
金华,上饶,0.02385691056
南平,上饶,0.01879968528
上海,上饶,0.01132378704
宁波,上饶,0.01033432992
温州,上饶,0.01000451088
萍乡,上饶,0.00967469184
池州,上饶,0.00945481248
安庆,上饶,0.00912499344
新余,上饶,0.00846535536
黄冈,上饶,0.00835541568
衡阳,上饶,0.00813553632
重庆,上饶,0.00791565696
邵阳,上饶,0.00736595856
毕节,上饶,0.00725601888
福州,上饶,0.00725601888
黄山,上饶,0.00681626016
怀化,上饶,0.00626656176
绍兴,上饶,0.00582680304
永州,上饶,0.00571686336
泉州,上饶,0.005496984
台州,上饶,0.00527710464
阜阳,上饶,0.00527710464
长沙,上饶,0.00505722528
湘西土家族苗族自治州,上饶,0.00461746656
昭通,上饶,0.00450752688
荆州,上饶,0.00450752688
娄底,上饶,0.00450752688
黄石,上饶,0.0043975872
常德,上饶,0.0043975872
株洲,上饶,0.0043975872
岳阳,上饶,0.00428764752
遵义,上饶,0.00417770784
厦门,上饶,0.00417770784
合肥,上饶,0.00406776816
丽水,上饶,0.00395782848
苏州,上饶,0.00395782848
益阳,上饶,0.0038478888
嘉兴,上饶,0.0038478888
周口,上饶,0.00373794912
深圳,上饶,0.00351806976
信阳,上饶,0.0032981904
恩施土家族苗族自治州,上饶,0.0032981904
南阳,上饶,0.0032981904
商丘,上饶,0.00318825072
咸宁,上饶,0.00307831104
武汉,上饶,0.00307831104
广州,上饶,0.00296837136
铜仁,上饶,0.00296837136
安顺,上饶,0.002748492
宁德,上饶,0.00263855232
黔南布依族苗族自治州,上饶,0.00263855232
襄阳,上饶,0.00263855232
黔西南布依族苗族自治州,上饶,0.00252861264
三明,上饶,0.00252861264
驻马店,上饶,0.00252861264
莆田,上饶,0.00252861264
郴州,上饶,0.00241867296
亳州,上饶,0.00241867296
龙岩,上饶,0.0021987936
湘潭,上饶,0.0021987936
菏泽,上饶,0.00208885392
孝感,上饶,0.00208885392
东莞,上饶,0.00197891424
桂林,上饶,0.00197891424
芜湖,上饶,0.00197891424
蚌埠,上饶,0.00197891424
六安,上饶,0.00186897456
曲靖,上饶,0.00186897456
六盘水,上饶,0.00186897456
宿州,上饶,0.00186897456
宣城,上饶,0.00175903488
漳州,上饶,0.00175903488
南京,上饶,0.00175903488
黔东南苗族侗族自治州,上饶,0.00175903488
荆门,上饶,0.0016490952
北京,上饶,0.0016490952
湖州,上饶,0.00153915552
淮南,上饶,0.00153915552
常州,上饶,0.00153915552
南通,上饶,0.00153915552
滁州,上饶,0.00153915552
徐州,上饶,0.00153915552
贵阳,上饶,0.00142921584
张家界,上饶,0.00142921584
无锡,上饶,0.00142921584
文山壮族苗族自治州,上饶,0.00120933648
惠州,上饶,0.00120933648
随州,上饶,0.0010993968
宜宾,上饶,0.0010993968
佛山,上饶,0.0010993968
德州,济南,0.7174010268000001
泰安,济南,0.5378163253200001
菏泽,济南,0.5143718473200001
聊城,济南,0.42481394136
济宁,济南,0.42153171444
临沂,济南,0.2532003624
淄博,济南,0.24100923384
滨州,济南,0.21428252892
潍坊,济南,0.21287586024
枣庄,济南,0.14910688008
青岛,济南,0.11722239
烟台,济南,0.11159571528
日照,济南,0.06752009664
东营,济南,0.05767341588
威海,济南,0.0398556126
濮阳,济南,0.023444478
徐州,济南,0.02297558844
沧州,济南,0.02250669888
北京,济南,0.02250669888
邯郸,济南,0.01969336152
天津,济南,0.01781780328
周口,济南,0.01500446592
邢台,济南,0.0140666868
衡水,济南,0.0140666868
商丘,济南,0.01266001812
石家庄,济南,0.01125334944
重庆,济南,0.0093777912
上海,济南,0.00890890164
驻马店,济南,0.00797112252
宿州,济南,0.00797112252
郑州,济南,0.00797112252
廊坊,济南,0.00750223296
保定,济南,0.00750223296
阜阳,济南,0.0070333434
安阳,济南,0.00609556428
沈阳,济南,0.00562667472
南阳,济南,0.00562667472
开封,济南,0.00515778516
新乡,济南,0.00515778516
连云港,济南,0.00515778516
合肥,济南,0.00515778516
西安,济南,0.0046888956
洛阳,济南,0.0046888956
信阳,济南,0.0046888956
南京,济南,0.0046888956
长春,济南,0.00422000604
安庆,济南,0.00422000604
盐城,济南,0.00422000604
赤峰,济南,0.00375111648
唐山,济南,0.00375111648
杭州,济南,0.00375111648
亳州,济南,0.00375111648
晋中,济南,0.00375111648
大连,济南,0.00328222692
宿迁,济南,0.00328222692
淮安,济南,0.00328222692
焦作,济南,0.00328222692
运城,济南,0.00328222692
成都,济南,0.00328222692
南通,济南,0.00328222692
哈尔滨,济南,0.00281333736
许昌,济南,0.00281333736
临汾,济南,0.00281333736
苏州,济南,0.00281333736
大同,济南,0.00281333736
长治,济南,0.00281333736
太原,济南,0.00281333736
平顶山,济南,0.00281333736
咸阳,济南,0.0023444478
武汉,济南,0.0023444478
深圳,济南,0.0023444478
葫芦岛,济南,0.0023444478
南昌,济南,0.0023444478
三亚,济南,0.0023444478
吕梁,济南,0.0023444478
温州,济南,0.0023444478
蚌埠,济南,0.0023444478
吉林,济南,0.0023444478
淮北,济南,0.00187555824
泉州,济南,0.00187555824
黄冈,济南,0.00187555824
孝感,济南,0.00187555824
广州,济南,0.00187555824
襄阳,济南,0.00187555824
秦皇岛,济南,0.00187555824
朝阳,济南,0.00187555824
滁州,济南,0.00187555824
巴中,济南,0.00187555824
扬州,济南,0.00187555824
铁岭,济南,0.00187555824
长沙,济南,0.00187555824
晋城,济南,0.00140666868
呼和浩特,济南,0.00140666868
无锡,济南,0.00140666868
承德,济南,0.00140666868
四平,济南,0.00140666868
庆阳,济南,0.00140666868
朔州,济南,0.00140666868
昆明,济南,0.00140666868
福州,济南,0.00140666868
德州,莱芜,0.7174010268000001
泰安,莱芜,0.5378163253200001
菏泽,莱芜,0.5143718473200001
聊城,莱芜,0.42481394136
济宁,莱芜,0.42153171444
临沂,莱芜,0.2532003624
淄博,莱芜,0.24100923384
滨州,莱芜,0.21428252892
潍坊,莱芜,0.21287586024
枣庄,莱芜,0.14910688008
青岛,莱芜,0.11722239
烟台,莱芜,0.11159571528
日照,莱芜,0.06752009664
东营,莱芜,0.05767341588
威海,莱芜,0.0398556126
濮阳,莱芜,0.023444478
徐州,莱芜,0.02297558844
沧州,莱芜,0.02250669888
北京,莱芜,0.02250669888
邯郸,莱芜,0.01969336152
天津,莱芜,0.01781780328
周口,莱芜,0.01500446592
邢台,莱芜,0.0140666868
衡水,莱芜,0.0140666868
商丘,莱芜,0.01266001812
石家庄,莱芜,0.01125334944
重庆,莱芜,0.0093777912
上海,莱芜,0.00890890164
驻马店,莱芜,0.00797112252
宿州,莱芜,0.00797112252
郑州,莱芜,0.00797112252
廊坊,莱芜,0.00750223296
保定,莱芜,0.00750223296
阜阳,莱芜,0.0070333434
安阳,莱芜,0.00609556428
沈阳,莱芜,0.00562667472
南阳,莱芜,0.00562667472
开封,莱芜,0.00515778516
新乡,莱芜,0.00515778516
连云港,莱芜,0.00515778516
合肥,莱芜,0.00515778516
西安,莱芜,0.0046888956
洛阳,莱芜,0.0046888956
信阳,莱芜,0.0046888956
南京,莱芜,0.0046888956
长春,莱芜,0.00422000604
安庆,莱芜,0.00422000604
盐城,莱芜,0.00422000604
赤峰,莱芜,0.00375111648
唐山,莱芜,0.00375111648
杭州,莱芜,0.00375111648
亳州,莱芜,0.00375111648
晋中,莱芜,0.00375111648
大连,莱芜,0.00328222692
宿迁,莱芜,0.00328222692
淮安,莱芜,0.00328222692
焦作,莱芜,0.00328222692
运城,莱芜,0.00328222692
成都,莱芜,0.00328222692
南通,莱芜,0.00328222692
哈尔滨,莱芜,0.00281333736
许昌,莱芜,0.00281333736
临汾,莱芜,0.00281333736
苏州,莱芜,0.00281333736
大同,莱芜,0.00281333736
长治,莱芜,0.00281333736
太原,莱芜,0.00281333736
平顶山,莱芜,0.00281333736
咸阳,莱芜,0.0023444478
武汉,莱芜,0.0023444478
深圳,莱芜,0.0023444478
葫芦岛,莱芜,0.0023444478
南昌,莱芜,0.0023444478
三亚,莱芜,0.0023444478
吕梁,莱芜,0.0023444478
温州,莱芜,0.0023444478
蚌埠,莱芜,0.0023444478
吉林,莱芜,0.0023444478
淮北,莱芜,0.00187555824
泉州,莱芜,0.00187555824
黄冈,莱芜,0.00187555824
孝感,莱芜,0.00187555824
广州,莱芜,0.00187555824
襄阳,莱芜,0.00187555824
秦皇岛,莱芜,0.00187555824
朝阳,莱芜,0.00187555824
滁州,莱芜,0.00187555824
巴中,莱芜,0.00187555824
扬州,莱芜,0.00187555824
铁岭,莱芜,0.00187555824
长沙,莱芜,0.00187555824
晋城,莱芜,0.00140666868
呼和浩特,莱芜,0.00140666868
无锡,莱芜,0.00140666868
承德,莱芜,0.00140666868
四平,莱芜,0.00140666868
庆阳,莱芜,0.00140666868
朔州,莱芜,0.00140666868
昆明,莱芜,0.00140666868
福州,莱芜,0.00140666868
潍坊,青岛,0.47947404384
烟台,青岛,0.41092753464
临沂,青岛,0.33956886096
菏泽,青岛,0.30195616104
日照,青岛,0.2179427472
济宁,青岛,0.1901726229599999
济南,青岛,0.13498389504
泰安,青岛,0.12795348384
德州,青岛,0.11389266144
淄博,青岛,0.10791681192
聊城,青岛,0.09561359232
枣庄,青岛,0.08928622224
威海,青岛,0.08331037272
滨州,青岛,0.0604615363199999
东营,青岛,0.03585509712
连云港,青岛,0.0267155625599999
周口,青岛,0.02530948032
濮阳,青岛,0.0210912336
邯郸,青岛,0.0210912336
徐州,青岛,0.0203881924799999
商丘,青岛,0.01792754856
北京,青岛,0.0158184252
南阳,青岛,0.0140608223999999
驻马店,青岛,0.01300626072
天津,青岛,0.01300626072
上海,青岛,0.0123032196
大连,青岛,0.0101940962399999
阜阳,青岛,0.00949105512
运城,青岛,0.00913953456
宿州,青岛,0.008788014
哈尔滨,青岛,0.00808497288
沧州,青岛,0.00773345232
长春,青岛,0.00773345232
安阳,青岛,0.00773345232
盐城,青岛,0.0073819317599999
南通,青岛,0.0073819317599999
沈阳,青岛,0.0070304111999999
安庆,青岛,0.0070304111999999
信阳,青岛,0.0066788906399999
邢台,青岛,0.00632737008
新乡,青岛,0.00632737008
重庆,青岛,0.00632737008
郑州,青岛,0.00632737008
牡丹江,青岛,0.00597584952
南京,青岛,0.00597584952
苏州,青岛,0.00562432896
衡水,青岛,0.00562432896
吉林,青岛,0.00562432896
西安,青岛,0.00562432896
合肥,青岛,0.00562432896
洛阳,青岛,0.00562432896
廊坊,青岛,0.0052728084
保定,青岛,0.0052728084
开封,青岛,0.0052728084
赤峰,青岛,0.00492128784
亳州,青岛,0.00492128784
长治,青岛,0.00456976728
宿迁,青岛,0.00456976728
淮安,青岛,0.00456976728
临汾,青岛,0.00456976728
成都,青岛,0.00421824672
大同,青岛,0.00386672616
无锡,青岛,0.00386672616
唐山,青岛,0.00386672616
许昌,青岛,0.00386672616
石家庄,青岛,0.0035152055999999
葫芦岛,青岛,0.0035152055999999
平顶山,青岛,0.0035152055999999
延边朝鲜族自治州,青岛,0.0035152055999999
三亚,青岛,0.0035152055999999
齐齐哈尔,青岛,0.00316368504
鞍山,青岛,0.00316368504
泰州,青岛,0.00316368504
蚌埠,青岛,0.00316368504
太原,青岛,0.00316368504
扬州,青岛,0.00316368504
焦作,青岛,0.00316368504
黄冈,青岛,0.00316368504
通辽,青岛,0.00281216448
锦州,青岛,0.00281216448
杭州,青岛,0.00281216448
深圳,青岛,0.00281216448
温州,青岛,0.00281216448
芜湖,青岛,0.00281216448
武汉,青岛,0.00281216448
呼伦贝尔,青岛,0.00281216448
宁波,青岛,0.00281216448
晋中,青岛,0.00281216448
广州,青岛,0.00281216448
大庆,青岛,0.00281216448
营口,青岛,0.00281216448
台州,青岛,0.00281216448
吕梁,青岛,0.00246064392
呼和浩特,青岛,0.00246064392
渭南,青岛,0.00246064392
襄阳,青岛,0.00246064392
铁岭,青岛,0.00246064392
滁州,青岛,0.00246064392
长沙,青岛,0.00246064392
咸阳,青岛,0.00246064392
滨州,淄博,0.2171266721999999
济南,淄博,0.1368410273999999
潍坊,淄博,0.1301505569999999
临沂,淄博,0.0711907865999999
泰安,淄博,0.0528965316
菏泽,淄博,0.0450561365999999
青岛,淄博,0.0424426715999999
济宁,淄博,0.0395155907999999
东营,淄博,0.0375293574
德州,淄博,0.0340795836
烟台,淄博,0.02613465
聊城,淄博,0.0251938026
枣庄,淄博,0.0159944058
日照,淄博,0.0137990952
威海,淄博,0.0098266283999999
周口,淄博,0.0056450844
沧州,淄博,0.0045996983999999
邯郸,淄博,0.0044951598
北京,淄博,0.0038679281999999
天津,淄博,0.0037633895999999
濮阳,淄博,0.0035543123999999
徐州,淄博,0.0030316194
商丘,淄博,0.0026134649999999
邢台,淄博,0.0021953105999999
郑州,淄博,0.0021953105999999
上海,淄博,0.0021953105999999
石家庄,淄博,0.002090772
连云港,淄博,0.002090772
驻马店,淄博,0.0019862333999999
保定,淄博,0.0018816947999999
阜阳,淄博,0.0017771561999999
洛阳,淄博,0.0017771561999999
新乡,淄博,0.0017771561999999
南京,淄博,0.0015680789999999
宿州,淄博,0.0014635403999999
重庆,淄博,0.0014635403999999
廊坊,淄博,0.0014635403999999
西安,淄博,0.0014635403999999
安阳,淄博,0.0014635403999999
沈阳,淄博,0.0013590018
衡水,淄博,0.0013590018
苏州,淄博,0.0013590018
唐山,淄博,0.0013590018
临汾,淄博,0.0012544632
南阳,淄博,0.0012544632
焦作,淄博,0.0012544632
长春,淄博,0.0012544632
杭州,淄博,0.0011499245999999
哈尔滨,淄博,0.0011499245999999
赤峰,淄博,0.0011499245999999
成都,淄博,0.001045386
鞍山,淄博,0.001045386
开封,淄博,0.001045386
无锡,淄博,0.001045386
盐城,淄博,0.001045386
松原,淄博,0.0009408473999999
张家口,淄博,0.0009408473999999
宿迁,淄博,0.0009408473999999
大连,淄博,0.0008363088
渭南,淄博,0.0008363088
平顶山,淄博,0.0008363088
吉林,淄博,0.0008363088
运城,淄博,0.0008363088
安庆,淄博,0.0008363088
晋中,淄博,0.0008363088
亳州,淄博,0.0007317701999999
承德,淄博,0.0007317701999999
通辽,淄博,0.0007317701999999
合肥,淄博,0.0007317701999999
咸阳,淄博,0.0007317701999999
南通,淄博,0.0007317701999999
许昌,淄博,0.0007317701999999
鹤壁,淄博,0.0006272316
温州,淄博,0.0006272316
泰州,淄博,0.0006272316
三亚,淄博,0.0006272316
铁岭,淄博,0.0006272316
信阳,淄博,0.0006272316
抚顺,淄博,0.0006272316
深圳,淄博,0.0006272316
扬州,淄博,0.0006272316
蚌埠,淄博,0.0006272316
朔州,淄博,0.0006272316
葫芦岛,淄博,0.000522693
平凉,淄博,0.000522693
秦皇岛,淄博,0.000522693
汉中,淄博,0.000522693
泉州,淄博,0.000522693
巴中,淄博,0.000522693
襄阳,淄博,0.000522693
锦州,淄博,0.000522693
忻州,淄博,0.000522693
桂林,淄博,0.000522693
黄冈,淄博,0.000522693
长治,淄博,0.0004181544
九江,淄博,0.0004181544
岳阳,淄博,0.0004181544
太原,淄博,0.0004181544
辽阳,淄博,0.0004181544
营口,淄博,0.0004181544
济宁,枣庄,0.2473226395199999
临沂,枣庄,0.1265269118399999
徐州,枣庄,0.0966218868
菏泽,枣庄,0.0352688256
济南,枣庄,0.03460753512
泰安,枣庄,0.01631183184
青岛,枣庄,0.01351971648
潍坊,枣庄,0.01080107784
聊城,枣庄,0.0073476719999999
日照,枣庄,0.0071272418399999
德州,枣庄,0.0069802883999999
淄博,枣庄,0.00639247464
宿州,枣庄,0.00639247464
上海,枣庄,0.00484946352
苏州,枣庄,0.00484946352
烟台,枣庄,0.00462903336
滨州,枣庄,0.00418817304
连云港,枣庄,0.0038207894399999
北京,枣庄,0.0036003592799999
商丘,枣庄,0.0035268825599999
宿迁,枣庄,0.0035268825599999
南京,枣庄,0.00301254552
沧州,枣庄,0.0027186386399999
天津,枣庄,0.0025716851999999
南通,枣庄,0.0022043016
周口,枣庄,0.0022043016
淮北,枣庄,0.00205734816
东营,枣庄,0.00198387144
杭州,枣庄,0.0019103947199999
威海,枣庄,0.0019103947199999
濮阳,枣庄,0.0019103947199999
阜阳,枣庄,0.0018369179999999
蚌埠,枣庄,0.00154301112
合肥,枣庄,0.00154301112
淮安,枣庄,0.0014695344
亳州,枣庄,0.00139605768
新乡,枣庄,0.00132258096
保定,枣庄,0.00132258096
重庆,枣庄,0.00124910424
邯郸,枣庄,0.00117562752
盐城,枣庄,0.00117562752
无锡,枣庄,0.00117562752
南阳,枣庄,0.00117562752
邢台,枣庄,0.0011021508
常州,枣庄,0.0011021508
洛阳,枣庄,0.00102867408
廊坊,枣庄,0.00102867408
郑州,枣庄,0.0009551973599999
泰州,枣庄,0.0008817206399999
西安,枣庄,0.0008817206399999
嘉兴,枣庄,0.00080824392
驻马店,枣庄,0.00080824392
信阳,枣庄,0.0007347672
安阳,枣庄,0.0007347672
滁州,枣庄,0.0007347672
榆林,枣庄,0.0007347672
开封,枣庄,0.00066129048
扬州,枣庄,0.00066129048
芜湖,枣庄,0.00066129048
焦作,枣庄,0.00058781376
太原,枣庄,0.00058781376
武汉,枣庄,0.00051433704
晋中,枣庄,0.00051433704
温州,枣庄,0.00051433704
镇江,枣庄,0.00051433704
六安,枣庄,0.00051433704
石家庄,枣庄,0.00051433704
沈阳,枣庄,0.00051433704
平顶山,枣庄,0.0004408603199999
鄂尔多斯,枣庄,0.0004408603199999
绍兴,枣庄,0.0004408603199999
黄山,枣庄,0.0004408603199999
衡水,枣庄,0.0004408603199999
宁波,枣庄,0.0004408603199999
九江,枣庄,0.0003673836
广州,枣庄,0.0003673836
长治,枣庄,0.0003673836
许昌,枣庄,0.0003673836
运城,枣庄,0.0003673836
台州,枣庄,0.0003673836
淮南,枣庄,0.0003673836
吕梁,枣庄,0.0003673836
安庆,枣庄,0.0003673836
西宁,枣庄,0.0003673836
临汾,枣庄,0.00029390688
深圳,枣庄,0.00029390688
齐齐哈尔,枣庄,0.00029390688
成都,枣庄,0.00029390688
常德,枣庄,0.00029390688
湖州,枣庄,0.00029390688
鞍山,枣庄,0.00029390688
长沙,枣庄,0.00029390688
马鞍山,枣庄,0.00029390688
唐山,枣庄,0.00029390688
襄阳,枣庄,0.00029390688
锦州,枣庄,0.00029390688
宝鸡,枣庄,0.0002204301599999
咸阳,枣庄,0.0002204301599999
秦皇岛,枣庄,0.0002204301599999
黄冈,枣庄,0.0002204301599999
滨州,东营,0.16166996064
潍坊,东营,0.0878257468799999
淄博,东营,0.04879962288
德州,东营,0.0412658841599999
济南,东营,0.03895825248
菏泽,东营,0.03644700624
临沂,东营,0.0263341497599999
济宁,东营,0.02280483072
聊城,东营,0.02158314336
青岛,东营,0.02022571296
泰安,东营,0.01947912624
烟台,东营,0.01893615408
濮阳,东营,0.0081445824
沧州,东营,0.0071265096
日照,东营,0.0065835374399999
枣庄,东营,0.00637992288
天津,东营,0.0049546209599999
威海,东营,0.00461526336
徐州,东营,0.00359719056
衡水,东营,0.0032578329599999
北京,东营,0.0030542184
保定,东营,0.00278273232
洛阳,东营,0.00264698928
克拉玛依,东营,0.0025791177599999
石家庄,东营,0.0024433747199999
邯郸,东营,0.0024433747199999
周口,东营,0.0023755032
商丘,东营,0.00176465952
盐城,东营,0.0016289164799999
唐山,东营,0.00156104496
大连,东营,0.00156104496
吉林,东营,0.00149317344
上海,东营,0.00149317344
连云港,东营,0.00142530192
宿州,东营,0.0012895588799999
郑州,东营,0.0012895588799999
新乡,东营,0.0012895588799999
临汾,东营,0.0012895588799999
邢台,东营,0.0012216873599999
葫芦岛,东营,0.0012216873599999
运城,东营,0.00115381584
驻马店,东营,0.00115381584
安阳,东营,0.00115381584
淮安,东营,0.00108594432
重庆,东营,0.00108594432
南阳,东营,0.0010180728
廊坊,东营,0.0010180728
长春,东营,0.00095020128
许昌,东营,0.00095020128
赤峰,东营,0.00088232976
阜阳,东营,0.0008144582399999
大庆,东营,0.0008144582399999
齐齐哈尔,东营,0.00074658672
开封,东营,0.00074658672
盘锦,东营,0.00074658672
松原,东营,0.00074658672
锦州,东营,0.0006787152
陇南,东营,0.0006787152
西安,东营,0.0006787152
哈尔滨,东营,0.0006787152
阜新,东营,0.0006787152
平顶山,东营,0.0006108436799999
忻州,东营,0.0006108436799999
宿迁,东营,0.0006108436799999
南昌,东营,0.0006108436799999
抚顺,东营,0.00054297216
南通,东营,0.00054297216
沈阳,东营,0.00054297216
鹤壁,东营,0.00047510064
大同,东营,0.00047510064
泰州,东营,0.00047510064
焦作,东营,0.00047510064
襄阳,东营,0.00047510064
淮北,东营,0.0004072291199999
亳州,东营,0.0004072291199999
阳泉,东营,0.0004072291199999
渭南,东营,0.0004072291199999
张家口,东营,0.0004072291199999
四平,东营,0.0004072291199999
合肥,东营,0.0004072291199999
苏州,东营,0.0004072291199999
安庆,东营,0.0003393576
七台河,东营,0.0003393576
十堰,东营,0.0003393576
朝阳,东营,0.0003393576
荆门,东营,0.0003393576
淮南,东营,0.0003393576
黄冈,东营,0.0003393576
长治,东营,0.0003393576
无锡,东营,0.0003393576
成都,东营,0.0003393576
三门峡,东营,0.00027148608
通化,东营,0.00027148608
遂宁,东营,0.00027148608
鞍山,东营,0.00027148608
太原,东营,0.00027148608
芜湖,东营,0.00027148608
三亚,东营,0.00027148608
荆州,东营,0.00027148608
营口,东营,0.00027148608
青岛,烟台,0.2020939178399999
威海,烟台,0.14524507872
潍坊,烟台,0.0819385502399999
临沂,烟台,0.05854265928
菏泽,烟台,0.0565312478399999
济南,烟台,0.0450979617599999
济宁,烟台,0.04372173288
淄博,烟台,0.02953598904
泰安,烟台,0.02530143864
德州,烟台,0.02477211984
聊城,烟台,0.0222313896
日照,烟台,0.0208551607199999
滨州,烟台,0.0195847956
枣庄,烟台,0.01820856672
东营,烟台,0.0169382016
周口,烟台,0.01259778744
大连,烟台,0.0099511934399999
商丘,烟台,0.00931601088
阜阳,烟台,0.0089984196
北京,烟台,0.00836323704
濮阳,烟台,0.00624596184
邯郸,烟台,0.00561077928
连云港,烟台,0.00561077928
徐州,烟台,0.00550491552
天津,烟台,0.00518732424
亳州,烟台,0.00465800544
沧州,烟台,0.00402282288
上海,烟台,0.00391695912
宿州,烟台,0.00338764032
南阳,烟台,0.00338764032
安阳,烟台,0.00307004904
洛阳,烟台,0.00307004904
唐山,烟台,0.00296418528
保定,烟台,0.00296418528
新乡,烟台,0.00275245776
南通,烟台,0.00275245776
盐城,烟台,0.00275245776
重庆,烟台,0.00275245776
驻马店,烟台,0.00275245776
邢台,烟台,0.002646594
郑州,烟台,0.00254073024
宿迁,烟台,0.00232900272
沈阳,烟台,0.00232900272
西安,烟台,0.0021172752
赤峰,烟台,0.0021172752
石家庄,烟台,0.0021172752
许昌,烟台,0.00190554768
合肥,烟台,0.00190554768
哈尔滨,烟台,0.00190554768
安庆,烟台,0.00190554768
开封,烟台,0.00190554768
平顶山,烟台,0.00179968392
成都,烟台,0.0015879563999999
深圳,烟台,0.0015879563999999
苏州,烟台,0.0015879563999999
温州,烟台,0.0015879563999999
南京,烟台,0.00148209264
杭州,烟台,0.00148209264
廊坊,烟台,0.00148209264
信阳,烟台,0.00148209264
衡水,烟台,0.00137622888
十堰,烟台,0.00137622888
襄阳,烟台,0.00137622888
淮安,烟台,0.00127036512
鞍山,烟台,0.00127036512
扬州,烟台,0.00127036512
运城,烟台,0.00116450136
朝阳,烟台,0.00116450136
牡丹江,烟台,0.00116450136
长春,烟台,0.00116450136
通辽,烟台,0.0010586376
淮南,烟台,0.0010586376
营口,烟台,0.0010586376
铁岭,烟台,0.0010586376
漯河,烟台,0.0010586376
广州,烟台,0.0010586376
吉林,烟台,0.00095277384
抚顺,烟台,0.00095277384
蚌埠,烟台,0.00095277384
滁州,烟台,0.00095277384
台州,烟台,0.00095277384
泰州,烟台,0.00095277384
葫芦岛,烟台,0.00084691008
四平,烟台,0.00084691008
丹东,烟台,0.00084691008
常州,烟台,0.00084691008
秦皇岛,烟台,0.00074104632
锦州,烟台,0.00074104632
长治,烟台,0.00074104632
安康,烟台,0.00074104632
无锡,烟台,0.00074104632
太原,烟台,0.00074104632
松原,烟台,0.00074104632
三门峡,烟台,0.00074104632
武汉,烟台,0.00074104632
黄冈,烟台,0.00074104632
马鞍山,烟台,0.00063518256
长沙,烟台,0.00063518256
临汾,烟台,0.00063518256
鹤壁,烟台,0.00063518256
青岛,潍坊,0.2287293357599999
淄博,潍坊,0.13601693664
临沂,潍坊,0.11974140576
日照,潍坊,0.09242176464
济南,潍坊,0.0841386819599999
烟台,潍坊,0.08036043372
菏泽,潍坊,0.07876194408
东营,潍坊,0.07527433032
济宁,潍坊,0.05725499256
泰安,潍坊,0.04679215128
滨州,潍坊,0.04621088232
德州,潍坊,0.0414154134
聊城,潍坊,0.04112477892
威海,潍坊,0.0184552894799999
枣庄,潍坊,0.018164655
邯郸,潍坊,0.0116253791999999
濮阳,潍坊,0.0088643516399999
徐州,潍坊,0.00828308268
北京,潍坊,0.00755649648
周口,潍坊,0.0068299102799999
商丘,潍坊,0.0068299102799999
沧州,潍坊,0.00668459304
连云港,潍坊,0.0065392758
驻马店,潍坊,0.0062486413199999
天津,潍坊,0.0058126895999999
开封,潍坊,0.00566737236
保定,潍坊,0.00494078616
石家庄,潍坊,0.0043595172
阜阳,潍坊,0.00406888272
南阳,潍坊,0.00392356548
洛阳,潍坊,0.00377824824
上海,潍坊,0.00377824824
宿州,潍坊,0.003632931
唐山,潍坊,0.003632931
郑州,潍坊,0.0034876137599999
新乡,潍坊,0.0034876137599999
沈阳,潍坊,0.0031969792799999
盐城,潍坊,0.00305166204
邢台,潍坊,0.00305166204
宿迁,潍坊,0.00305166204
安阳,潍坊,0.00305166204
衡水,潍坊,0.0029063447999999
吉林,潍坊,0.00261571032
长春,潍坊,0.00261571032
扬州,潍坊,0.00261571032
廊坊,潍坊,0.00247039308
南京,潍坊,0.00247039308
南通,潍坊,0.00247039308
四平,潍坊,0.00232507584
大连,潍坊,0.0021797586
苏州,潍坊,0.0021797586
运城,潍坊,0.0021797586
哈尔滨,潍坊,0.00203444136
许昌,潍坊,0.00203444136
杭州,潍坊,0.00203444136
重庆,潍坊,0.00188912412
葫芦岛,潍坊,0.00188912412
临汾,潍坊,0.00188912412
合肥,潍坊,0.00188912412
信阳,潍坊,0.0017438068799999
西安,潍坊,0.0015984896399999
泰州,潍坊,0.0014531723999999
漯河,潍坊,0.0014531723999999
安庆,潍坊,0.0014531723999999
白城,潍坊,0.0014531723999999
平顶山,潍坊,0.0014531723999999
赤峰,潍坊,0.00130785516
无锡,潍坊,0.00130785516
锦州,潍坊,0.00130785516
晋中,潍坊,0.00130785516
松原,潍坊,0.00116253792
滁州,潍坊,0.00116253792
鞍山,潍坊,0.00116253792
蚌埠,潍坊,0.00116253792
温州,潍坊,0.00116253792
秦皇岛,潍坊,0.00116253792
成都,潍坊,0.00116253792
淮安,潍坊,0.00116253792
宁波,潍坊,0.00116253792
黄冈,潍坊,0.00101722068
渭南,潍坊,0.00101722068
凉山彝族自治州,潍坊,0.00101722068
亳州,潍坊,0.00101722068
达州,潍坊,0.00101722068
张家口,潍坊,0.00101722068
芜湖,潍坊,0.00101722068
焦作,潍坊,0.00101722068
昭通,潍坊,0.0008719034399999
绍兴,潍坊,0.0008719034399999
潜江,潍坊,0.0008719034399999
武汉,潍坊,0.0008719034399999
南昌,潍坊,0.0008719034399999
十堰,潍坊,0.0008719034399999
通辽,潍坊,0.0008719034399999
常州,潍坊,0.0008719034399999
襄阳,潍坊,0.0008719034399999
长治,潍坊,0.0008719034399999
咸阳,潍坊,0.0008719034399999
巴中,潍坊,0.0008719034399999
淮北,潍坊,0.0008719034399999
菏泽,济宁,0.2849302008
枣庄,济宁,0.23726676168
泰安,济宁,0.13340510784
济南,济宁,0.0958520952
临沂,济宁,0.0800955864
徐州,济宁,0.07694428464
聊城,济宁,0.03059388792
青岛,济宁,0.02941214976
潍坊,济宁,0.02442258864
淄博,济宁,0.01890781056
德州,济宁,0.01825128936
濮阳,济宁,0.01536259608
日照,济宁,0.01286781552
烟台,济宁,0.01273651128
商丘,济宁,0.0111608604
滨州,济宁,0.01024173072
邯郸,济宁,0.0074843416799999
北京,济宁,0.00735303744
东营,济宁,0.00617129928
宿州,济宁,0.00564608232
威海,济宁,0.00551477808
周口,济宁,0.00512086536
安阳,济宁,0.00512086536
天津,济宁,0.00498956112
榆林,济宁,0.00472695264
上海,济宁,0.00433303992
阜阳,济宁,0.00420173568
沧州,济宁,0.00420173568
新乡,济宁,0.00354521448
鄂尔多斯,济宁,0.00341391024
郑州,济宁,0.00315130176
连云港,济宁,0.00315130176
驻马店,济宁,0.00301999752
南京,济宁,0.00288869328
苏州,济宁,0.00288869328
开封,济宁,0.0026260848
南阳,济宁,0.0026260848
邢台,济宁,0.00249478056
杭州,济宁,0.00249478056
盐城,济宁,0.00249478056
重庆,济宁,0.00249478056
亳州,济宁,0.00236347632
西安,济宁,0.00236347632
石家庄,济宁,0.00236347632
淮安,济宁,0.00223217208
洛阳,济宁,0.00223217208
南通,济宁,0.00210086784
焦作,济宁,0.00210086784
合肥,济宁,0.00210086784
扬州,济宁,0.0019695636
宿迁,济宁,0.0019695636
衡水,济宁,0.00170695512
宁波,济宁,0.00170695512
廊坊,济宁,0.00157565088
淮北,济宁,0.00144434664
武汉,济宁,0.00144434664
唐山,济宁,0.00144434664
长治,济宁,0.00144434664
保定,济宁,0.00144434664
运城,济宁,0.0013130424
信阳,济宁,0.0013130424
嘉兴,济宁,0.0013130424
沈阳,济宁,0.0013130424
常州,济宁,0.00118173816
忻州,济宁,0.00118173816
许昌,济宁,0.00118173816
无锡,济宁,0.00118173816
鹤壁,济宁,0.00118173816
三亚,济宁,0.00105043392
蚌埠,济宁,0.00105043392
晋中,济宁,0.00105043392
渭南,济宁,0.00105043392
淮南,济宁,0.00105043392
深圳,济宁,0.00105043392
平顶山,济宁,0.00105043392
长春,济宁,0.00091912968
咸阳,济宁,0.00091912968
六安,济宁,0.00091912968
滁州,济宁,0.00091912968
抚州,济宁,0.00078782544
安庆,济宁,0.00078782544
九江,济宁,0.00078782544
长沙,济宁,0.00078782544
岳阳,济宁,0.00078782544
赤峰,济宁,0.00078782544
临汾,济宁,0.00078782544
吕梁,济宁,0.00078782544
平凉,济宁,0.0006565212
巴中,济宁,0.0006565212
广州,济宁,0.0006565212
晋城,济宁,0.0006565212
襄阳,济宁,0.0006565212
朔州,济宁,0.0006565212
镇江,济宁,0.0006565212
温州,济宁,0.0006565212
铁岭,济宁,0.0006565212
福州,济宁,0.0006565212
漯河,济宁,0.0006565212
太原,济宁,0.0006565212
芜湖,济宁,0.0006565212
济南,泰安,0.23255147952
济宁,泰安,0.1460124143999999
临沂,泰安,0.06650687412
菏泽,泰安,0.0527069203199999
德州,泰安,0.04878951408
聊城,泰安,0.04460501196
淄博,泰安,0.0262644282
潍坊,泰安,0.02341540548
枣庄,泰安,0.0218128302
青岛,泰安,0.02163476628
滨州,泰安,0.02145670236
沧州,泰安,0.01228641048
日照,泰安,0.011128995
烟台,泰安,0.01086189912
邯郸,泰安,0.00908125992
濮阳,泰安,0.00854706816
徐州,泰安,0.00792384444
北京,泰安,0.00614320524
衡水,泰安,0.00587610936
商丘,泰安,0.00569804544
东营,泰安,0.00551998152
天津,泰安,0.0053419176
威海,泰安,0.00409547016
邢台,泰安,0.0032941825199999
安阳,泰安,0.00258192684
唐山,泰安,0.00231483096
廊坊,泰安,0.002225799
宿州,泰安,0.002225799
保定,泰安,0.00213676704
石家庄,泰安,0.00213676704
新乡,泰安,0.00213676704
上海,泰安,0.00204773508
郑州,泰安,0.00195870312
重庆,泰安,0.00169160724
开封,泰安,0.00160257528
连云港,泰安,0.00160257528
苏州,泰安,0.00160257528
周口,泰安,0.00151354332
南京,泰安,0.00142451136
南阳,泰安,0.0013354794
亳州,泰安,0.00124644744
鄂尔多斯,泰安,0.00124644744
阜阳,泰安,0.00124644744
宿迁,泰安,0.00115741548
南通,泰安,0.00115741548
长治,泰安,0.00115741548
合肥,泰安,0.00115741548
驻马店,泰安,0.00106838352
沈阳,泰安,0.00106838352
焦作,泰安,0.00097935156
晋中,泰安,0.00097935156
大连,泰安,0.0008903196
临汾,泰安,0.0008903196
蚌埠,泰安,0.00080128764
洛阳,泰安,0.00080128764
信阳,泰安,0.00071225568
赤峰,泰安,0.00071225568
杭州,泰安,0.00071225568
安庆,泰安,0.00062322372
西安,泰安,0.00062322372
淮安,泰安,0.00062322372
吕梁,泰安,0.00053419176
葫芦岛,泰安,0.00053419176
马鞍山,泰安,0.00053419176
温州,泰安,0.00053419176
淮北,泰安,0.00053419176
通辽,泰安,0.00053419176
榆林,泰安,0.00053419176
运城,泰安,0.00053419176
平顶山,泰安,0.00053419176
扬州,泰安,0.0004451598
秦皇岛,泰安,0.0004451598
广州,泰安,0.0004451598
忻州,泰安,0.0004451598
盐城,泰安,0.0004451598
无锡,泰安,0.0004451598
呼和浩特,泰安,0.0004451598
台州,泰安,0.0004451598
鹤壁,泰安,0.00035612784
芜湖,泰安,0.00035612784
宜昌,泰安,0.00035612784
镇江,泰安,0.00035612784
平凉,泰安,0.00035612784
张家口,泰安,0.00035612784
绍兴,泰安,0.00035612784
常州,泰安,0.00035612784
泰州,泰安,0.00035612784
常德,泰安,0.00035612784
湘潭,泰安,0.00035612784
深圳,泰安,0.00035612784
咸阳,泰安,0.00035612784
武汉,泰安,0.00035612784
大同,泰安,0.00035612784
盘锦,泰安,0.00035612784
太原,泰安,0.00035612784
宁波,泰安,0.00026709588
长沙,泰安,0.00026709588
齐齐哈尔,泰安,0.00026709588
金华,泰安,0.00026709588
辽阳,泰安,0.00026709588
烟台,威海,0.13759435656
青岛,威海,0.04595373972
菏泽,威海,0.03426515784
临沂,威海,0.02407100652
潍坊,威海,0.0237507714
济宁,威海,0.02246983092
周口,威海,0.0188404995599999
济南,威海,0.0184135194
淄博,威海,0.0130762674
泰安,威海,0.01275603228
德州,威海,0.01168858188
聊城,威海,0.0109413666
商丘,威海,0.00811262304
日照,威海,0.00731203524
枣庄,威海,0.00709854516
大连,威海,0.00688505508
滨州,威海,0.00576423216
北京,威海,0.00432317412
阜阳,威海,0.00405631152
南阳,威海,0.004002939
东营,威海,0.00368270388
亳州,威海,0.00368270388
濮阳,威海,0.00336246876
邯郸,威海,0.0031489786799999
连云港,威海,0.00298886112
徐州,威海,0.00277537104
天津,威海,0.00250850844
上海,威海,0.00229501836
哈尔滨,威海,0.00229501836
唐山,威海,0.0021349008
宿州,威海,0.00197478324
长春,威海,0.00197478324
沧州,威海,0.00192141072
南通,威海,0.0018680381999999
驻马店,威海,0.0018680381999999
新乡,威海,0.00144105804
保定,威海,0.00128094048
洛阳,威海,0.00128094048
盐城,威海,0.00128094048
许昌,威海,0.00122756796
秦皇岛,威海,0.00122756796
吉林,威海,0.00122756796
安阳,威海,0.00117419544
葫芦岛,威海,0.0010674504
苏州,威海,0.0010674504
重庆,威海,0.00096070536
衡水,威海,0.00096070536
郑州,威海,0.00096070536
开封,威海,0.00096070536
平顶山,威海,0.00096070536
牡丹江,威海,0.00096070536
石家庄,威海,0.00096070536
大庆,威海,0.00090733284
淮北,威海,0.00090733284
深圳,威海,0.00085396032
齐齐哈尔,威海,0.00085396032
安庆,威海,0.00085396032
丹东,威海,0.00085396032
四平,威海,0.0008005878
锦州,威海,0.0008005878
泰州,威海,0.0008005878
杭州,威海,0.0008005878
鞍山,威海,0.0008005878
宿迁,威海,0.0008005878
宁波,威海,0.0008005878
成都,威海,0.0008005878
南京,威海,0.0008005878
沈阳,威海,0.00069384276
信阳,威海,0.00069384276
营口,威海,0.00069384276
扬州,威海,0.00069384276
西安,威海,0.00064047024
焦作,威海,0.00064047024
铁岭,威海,0.00064047024
太原,威海,0.00058709772
淮安,威海,0.00058709772
常州,威海,0.0005337252
六安,威海,0.0005337252
广州,威海,0.0005337252
武汉,威海,0.0005337252
廊坊,威海,0.0005337252
盘锦,威海,0.0005337252
绥化,威海,0.00048035268
邢台,威海,0.00048035268
鹤壁,威海,0.00048035268
呼伦贝尔,威海,0.00048035268
运城,威海,0.00048035268
晋中,威海,0.00048035268
鸡西,威海,0.00042698016
朔州,威海,0.00042698016
延边朝鲜族自治州,威海,0.00042698016
阜新,威海,0.00042698016
松原,威海,0.00037360764
汉中,威海,0.00037360764
桂林,威海,0.00037360764
温州,威海,0.00037360764
本溪,威海,0.00037360764
上饶,威海,0.00037360764
长沙,威海,0.00037360764
镇江,威海,0.00037360764
临沂,日照,0.19809723528
青岛,日照,0.0681128028
潍坊,日照,0.05803090776
济南,日照,0.03552667776
连云港,日照,0.02736514368
济宁,日照,0.02256424128
菏泽,日照,0.02082391416
泰安,日照,0.01482278616
枣庄,日照,0.01476277488
烟台,日照,0.0121822898399999
淄博,日照,0.0117021996
聊城,日照,0.00786147768
邯郸,日照,0.00672126336
德州,日照,0.0058811054399999
滨州,日照,0.00498093624
徐州,日照,0.00456085728
东营,日照,0.00432081216
威海,日照,0.00408076704
盐城,日照,0.0021003948
北京,日照,0.00198037224
商丘,日照,0.00192036096
新乡,日照,0.00192036096
上海,日照,0.00192036096
南京,日照,0.0018003384
邢台,日照,0.00168031584
晋城,日照,0.0015602932799999
石家庄,日照,0.0015602932799999
宿迁,日照,0.001500282
保定,日照,0.00144027072
洛阳,日照,0.00138025944
天津,日照,0.0012002256
长治,日照,0.00114021432
焦作,日照,0.00114021432
郑州,日照,0.00114021432
安阳,日照,0.00114021432
濮阳,日照,0.00108020304
苏州,日照,0.00108020304
大连,日照,0.00102019176
临汾,日照,0.00102019176
南通,日照,0.00096018048
周口,日照,0.00096018048
运城,日照,0.0009001692
沧州,日照,0.0009001692
无锡,日照,0.00084015792
阜阳,日照,0.00084015792
淮安,日照,0.0007801466399999
开封,日照,0.00072013536
西安,日照,0.00072013536
杭州,日照,0.00072013536
宿州,日照,0.00072013536
重庆,日照,0.00072013536
驻马店,日照,0.00072013536
常州,日照,0.00066012408
衡水,日照,0.00066012408
扬州,日照,0.0006001128
唐山,日照,0.0006001128
鞍山,日照,0.0006001128
平顶山,日照,0.00054010152
廊坊,日照,0.00054010152
泰州,日照,0.00054010152
南阳,日照,0.00054010152
齐齐哈尔,日照,0.00054010152
武汉,日照,0.00054010152
莆田,日照,0.00054010152
伊春,日照,0.00054010152
长春,日照,0.00048009024
吕梁,日照,0.00048009024
鹤壁,日照,0.00048009024
信阳,日照,0.00042007896
沈阳,日照,0.00042007896
晋中,日照,0.00042007896
淮北,日照,0.00042007896
哈尔滨,日照,0.00042007896
襄阳,日照,0.00042007896
许昌,日照,0.00042007896
十堰,日照,0.00042007896
深圳,日照,0.00036006768
亳州,日照,0.00036006768
滁州,日照,0.00036006768
通辽,日照,0.00036006768
营口,日照,0.00036006768
丹东,日照,0.0003000564
秦皇岛,日照,0.0003000564
牡丹江,日照,0.0003000564
温州,日照,0.0003000564
白山,日照,0.0003000564
合肥,日照,0.0003000564
呼伦贝尔,日照,0.0003000564
锦州,日照,0.0003000564
成都,日照,0.0003000564
太原,日照,0.0003000564
张家口,日照,0.00024004512
宜昌,日照,0.00024004512
朝阳,日照,0.00024004512
镇江,日照,0.00024004512
台州,日照,0.00024004512
赤峰,日照,0.00024004512
咸宁,日照,0.00024004512
舟山,日照,0.00024004512
六安,日照,0.00024004512
日照,临沂,0.17100791604
枣庄,临沂,0.1502395128
济宁,临沂,0.11960243568
徐州,临沂,0.0923531122799999
连云港,临沂,0.08484113664
济南,临沂,0.0782129228399999
潍坊,临沂,0.07349952636
青岛,临沂,0.07305764544
泰安,临沂,0.07173200268
菏泽,临沂,0.05494052772
淄博,临沂,0.0500798376
烟台,临沂,0.02341968876
聊城,临沂,0.02179945872
德州,临沂,0.0213575778
上海,临沂,0.014729364
宿迁,临沂,0.01443477672
滨州,临沂,0.0132564276
东营,临沂,0.01266725304
商丘,临沂,0.01134161028
邯郸,临沂,0.01060514208
宿州,临沂,0.01016326116
周口,临沂,0.00927949932
苏州,临沂,0.00824844384
威海,临沂,0.0081011502
阜阳,临沂,0.00721738836
南通,临沂,0.00707009472
北京,临沂,0.00648092016
盐城,临沂,0.0061863328799999
濮阳,临沂,0.00574445196
淮安,临沂,0.00559715832
天津,临沂,0.00530257104
南阳,临沂,0.00471339648
杭州,临沂,0.00456610284
邢台,临沂,0.00456610284
南京,临沂,0.00427151556
亳州,临沂,0.00427151556
驻马店,临沂,0.00397692828
沧州,临沂,0.00397692828
扬州,临沂,0.00382963464
蚌埠,临沂,0.003682341
温州,临沂,0.00353504736
开封,临沂,0.00353504736
重庆,临沂,0.00353504736
台州,临沂,0.00353504736
无锡,临沂,0.00338775372
石家庄,临沂,0.00338775372
安阳,临沂,0.00324046008
郑州,临沂,0.0030931664399999
洛阳,临沂,0.0030931664399999
宁波,临沂,0.0030931664399999
保定,临沂,0.0030931664399999
滁州,临沂,0.0029458728
唐山,临沂,0.00265128552
淮北,临沂,0.00250399188
信阳,临沂,0.00250399188
嘉兴,临沂,0.00235669824
常州,临沂,0.00235669824
新乡,临沂,0.0022094046
大连,临沂,0.00206211096
合肥,临沂,0.00206211096
哈尔滨,临沂,0.00206211096
廊坊,临沂,0.00191481732
镇江,临沂,0.00191481732
焦作,临沂,0.00176752368
泰州,临沂,0.00176752368
安庆,临沂,0.00176752368
金华,临沂,0.00176752368
沈阳,临沂,0.00176752368
湖州,临沂,0.00176752368
西安,临沂,0.00176752368
武汉,临沂,0.00162023004
九江,临沂,0.00162023004
绍兴,临沂,0.0014729364
平顶山,临沂,0.0014729364
宁德,临沂,0.0014729364
运城,临沂,0.0014729364
衡水,临沂,0.0014729364
十堰,临沂,0.0014729364
六安,临沂,0.00132564276
长春,临沂,0.00132564276
黄冈,临沂,0.00132564276
潜江,临沂,0.00132564276
许昌,临沂,0.00132564276
淮南,临沂,0.00132564276
牡丹江,临沂,0.00132564276
舟山,临沂,0.00132564276
孝感,临沂,0.00117834912
临汾,临沂,0.00117834912
赤峰,临沂,0.00117834912
吉林,临沂,0.00117834912
朝阳,临沂,0.00117834912
白山,临沂,0.00117834912
深圳,临沂,0.00117834912
芜湖,临沂,0.00103105548
上饶,临沂,0.00103105548
锦州,临沂,0.00103105548
宜昌,临沂,0.00103105548
长治,临沂,0.00103105548
阜新,临沂,0.00103105548
莆田,临沂,0.00103105548
济南,德州,0.27349599456
衡水,德州,0.13794945732
聊城,德州,0.114684822
沧州,德州,0.10692994356
滨州,德州,0.06182058024
天津,德州,0.0305826191999999
泰安,德州,0.02992727736
菏泽,德州,0.0249029899199999
济宁,德州,0.0240292008
临沂,德州,0.01944180792
潍坊,德州,0.0180219005999999
邢台,德州,0.01758500604
淄博,德州,0.01703888784
青岛,德州,0.01605587508
北京,德州,0.01496363868
东营,德州,0.01398062592
石家庄,德州,0.00961168032
烟台,德州,0.00939323304
枣庄,德州,0.00841022028
邯郸,德州,0.008191773
保定,德州,0.00567962928
濮阳,德州,0.0052427347199999
威海,德州,0.0043689456
周口,德州,0.00425972196
廊坊,德州,0.00393205104
徐州,德州,0.00393205104
唐山,德州,0.00338593284
商丘,德州,0.0031674855599999
阜阳,德州,0.00240292008
日照,德州,0.00240292008
南阳,德州,0.00240292008
郑州,德州,0.00207524916
上海,德州,0.00196602552
安阳,德州,0.00196602552
张家口,德州,0.00185680188
新乡,德州,0.00174757824
亳州,德州,0.00174757824
赤峰,德州,0.00152913096
驻马店,德州,0.00152913096
沈阳,德州,0.00152913096
开封,德州,0.00141990732
南京,德州,0.0013106836799999
重庆,德州,0.00120146004
信阳,德州,0.00120146004
宿州,德州,0.0010922364
洛阳,德州,0.0010922364
大连,德州,0.0010922364
合肥,德州,0.0010922364
葫芦岛,德州,0.00098301276
许昌,德州,0.00098301276
秦皇岛,德州,0.00087378912
杭州,德州,0.00087378912
西安,德州,0.00087378912
乌兰察布,德州,0.00087378912
盐城,德州,0.00087378912
焦作,德州,0.00087378912
漯河,德州,0.00087378912
承德,德州,0.00087378912
忻州,德州,0.00087378912
通辽,德州,0.00087378912
宿迁,德州,0.00087378912
哈尔滨,德州,0.00087378912
运城,德州,0.00087378912
太原,德州,0.00087378912
吕梁,德州,0.00087378912
晋中,德州,0.00076456548
长春,德州,0.00076456548
大同,德州,0.00076456548
临汾,德州,0.00076456548
锦州,德州,0.00076456548
朝阳,德州,0.00076456548
苏州,德州,0.0006553418399999
淮南,德州,0.0006553418399999
呼和浩特,德州,0.0006553418399999
武汉,德州,0.0006553418399999
长治,德州,0.0006553418399999
无锡,德州,0.0006553418399999
吉林,德州,0.0006553418399999
南通,德州,0.0006553418399999
营口,德州,0.0006553418399999
阳泉,德州,0.0006553418399999
淮安,德州,0.0006553418399999
平顶山,德州,0.0005461182
连云港,德州,0.0005461182
荆州,德州,0.0005461182
安庆,德州,0.0005461182
鞍山,德州,0.0005461182
滁州,德州,0.0005461182
襄阳,德州,0.0005461182
芜湖,德州,0.00043689456
四平,德州,0.00043689456
鹤壁,德州,0.00043689456
九江,德州,0.00043689456
常州,德州,0.00043689456
深圳,德州,0.00043689456
六安,德州,0.00043689456
岳阳,德州,0.00043689456
上饶,德州,0.00043689456
铁岭,德州,0.00043689456
榆林,德州,0.00043689456
濮阳,聊城,0.1452831876
德州,聊城,0.0986814219599999
济南,聊城,0.09598217148
邢台,聊城,0.07121257884
邯郸,聊城,0.05779571616
菏泽,聊城,0.0327879543599999
泰安,聊城,0.0285009094799999
济宁,聊城,0.02707189452
潍坊,聊城,0.01421075988
青岛,聊城,0.01373442156
临沂,聊城,0.01262296548
淄博,聊城,0.0113527299599999
北京,聊城,0.00897103836
滨州,聊城,0.00881225892
天津,聊城,0.00643056732
烟台,聊城,0.0063511776
东营,聊城,0.00627178788
石家庄,聊城,0.0056366701199999
枣庄,聊城,0.0056366701199999
安阳,聊城,0.0056366701199999
商丘,聊城,0.00492216264
沧州,聊城,0.0045252140399999
周口,聊城,0.00404887572
日照,聊城,0.00333436824
南阳,聊城,0.00325497852
郑州,聊城,0.00309619908
新乡,聊城,0.00309619908
长治,聊城,0.00301680936
衡水,聊城,0.00301680936
徐州,聊城,0.00301680936
保定,聊城,0.0029374196399999
阜阳,聊城,0.0029374196399999
威海,聊城,0.0027786402
驻马店,聊城,0.0019847429999999
开封,聊城,0.0018259635599999
廊坊,聊城,0.0018259635599999
晋中,聊城,0.00174657384
吕梁,聊城,0.00174657384
重庆,聊城,0.00150840468
洛阳,聊城,0.00150840468
亳州,聊城,0.00150840468
南京,聊城,0.00142901496
上海,聊城,0.00142901496
西安,聊城,0.00142901496
苏州,聊城,0.00134962524
南通,聊城,0.0011908458
长春,聊城,0.00103206636
宿州,聊城,0.00103206636
信阳,聊城,0.00103206636
深圳,聊城,0.0009526766399999
榆林,聊城,0.0009526766399999
临汾,聊城,0.0009526766399999
鹤壁,聊城,0.00087328692
许昌,聊城,0.00087328692
运城,聊城,0.00087328692
宿迁,聊城,0.00087328692
焦作,聊城,0.00087328692
阳泉,聊城,0.0007938972
三亚,聊城,0.0007938972
杭州,聊城,0.0007938972
张家口,聊城,0.0007938972
武汉,聊城,0.0007938972
沈阳,聊城,0.0007938972
无锡,聊城,0.00071450748
连云港,聊城,0.00071450748
南昌,聊城,0.00071450748
盐城,聊城,0.00071450748
合肥,聊城,0.00071450748
四平,聊城,0.0006351177599999
平顶山,聊城,0.0006351177599999
大连,聊城,0.0006351177599999
安庆,聊城,0.0006351177599999
温州,聊城,0.0006351177599999
忻州,聊城,0.0006351177599999
哈尔滨,聊城,0.0006351177599999
太原,聊城,0.0006351177599999
唐山,聊城,0.0006351177599999
吉林,聊城,0.00055572804
台州,聊城,0.00055572804
赤峰,聊城,0.00055572804
成都,聊城,0.00055572804
长沙,聊城,0.00055572804
葫芦岛,聊城,0.00055572804
三门峡,聊城,0.00055572804
晋城,聊城,0.00055572804
黄冈,聊城,0.0004763383199999
六安,聊城,0.0004763383199999
宜春,聊城,0.0004763383199999
襄阳,聊城,0.0004763383199999
蚌埠,聊城,0.0004763383199999
绍兴,聊城,0.0004763383199999
渭南,聊城,0.0004763383199999
鞍山,聊城,0.0004763383199999
漯河,聊城,0.0004763383199999
广州,聊城,0.0004763383199999
淮安,聊城,0.0003969486
大同,聊城,0.0003969486
秦皇岛,聊城,0.0003969486
滁州,聊城,0.0003969486
抚州,聊城,0.0003969486
淄博,滨州,0.1806941196
东营,滨州,0.11384577864
济南,滨州,0.10604115
德州,滨州,0.0729563112
潍坊,滨州,0.03333933756
沧州,滨州,0.03333933756
临沂,滨州,0.02044473372
泰安,滨州,0.02019023496
青岛,滨州,0.01968123744
菏泽,滨州,0.01942673868
济宁,滨州,0.01849357656
聊城,滨州,0.0182390778
天津,滨州,0.01221594048
保定,滨州,0.0117917758799999
烟台,滨州,0.0114524442
石家庄,滨州,0.00916195536
衡水,滨州,0.00839845908
枣庄,滨州,0.00788946156
邯郸,滨州,0.00771979572
日照,滨州,0.00610797024
北京,滨州,0.0055141398
威海,滨州,0.00500514228
唐山,滨州,0.00449614476
邢台,滨州,0.00432647892
濮阳,滨州,0.00322365096
徐州,滨州,0.00288431928
周口,滨州,0.00229048884
张家口,滨州,0.00220565592
忻州,滨州,0.00220565592
大同,滨州,0.00195115716
安阳,滨州,0.0017814913199999
洛阳,滨州,0.00161182548
商丘,滨州,0.00161182548
新乡,滨州,0.00135732672
廊坊,滨州,0.00135732672
连云港,滨州,0.00135732672
南阳,滨州,0.00135732672
宿州,滨州,0.00135732672
重庆,滨州,0.0012724938
荆州,滨州,0.0012724938
临汾,滨州,0.00118766088
沈阳,滨州,0.00118766088
驻马店,滨州,0.00118766088
阳泉,滨州,0.00118766088
朔州,滨州,0.00118766088
盐城,滨州,0.00118766088
平顶山,滨州,0.00110282796
鞍山,滨州,0.00110282796
阜阳,滨州,0.00101799504
葫芦岛,滨州,0.00101799504
哈尔滨,滨州,0.0009331621199999
郑州,滨州,0.0009331621199999
西安,滨州,0.0009331621199999
赤峰,滨州,0.0008483292
上海,滨州,0.0008483292
许昌,滨州,0.0008483292
运城,滨州,0.0008483292
白城,滨州,0.00076349628
秦皇岛,滨州,0.00076349628
丹东,滨州,0.00076349628
襄阳,滨州,0.00076349628
焦作,滨州,0.00076349628
通辽,滨州,0.00076349628
吉林,滨州,0.00067866336
锦州,滨州,0.00067866336
安康,滨州,0.00067866336
四平,滨州,0.00067866336
苏州,滨州,0.00067866336
抚顺,滨州,0.00067866336
宿迁,滨州,0.00059383044
大连,滨州,0.00059383044
承德,滨州,0.00059383044
淮安,滨州,0.00059383044
信阳,滨州,0.00059383044
营口,滨州,0.00059383044
南通,滨州,0.00050899752
长春,滨州,0.00050899752
开封,滨州,0.00050899752
三亚,滨州,0.00050899752
南京,滨州,0.00050899752
吕梁,滨州,0.00050899752
十堰,滨州,0.00050899752
岳阳,滨州,0.00050899752
绥化,滨州,0.00050899752
淮南,滨州,0.00050899752
武汉,滨州,0.00050899752
榆林,滨州,0.00050899752
牡丹江,滨州,0.0004241646
朝阳,滨州,0.0004241646
杭州,滨州,0.0004241646
无锡,滨州,0.0004241646
合肥,滨州,0.00033933168
黄冈,滨州,0.00033933168
辽源,滨州,0.00033933168
铁岭,滨州,0.00033933168
广州,滨州,0.00033933168
阜新,滨州,0.00033933168
大庆,滨州,0.00033933168
六安,滨州,0.00033933168
松原,滨州,0.00033933168
济宁,菏泽,0.2090158992
商丘,菏泽,0.0846874764
济南,菏泽,0.0695139084
开封,菏泽,0.0465638868
濮阳,菏泽,0.0414428076
泰安,菏泽,0.0307264752
聊城,菏泽,0.0271227527999999
徐州,菏泽,0.0262692396
临沂,菏泽,0.0242777088
枣庄,菏泽,0.023234526
青岛,菏泽,0.023234526
宿州,菏泽,0.017544438
潍坊,菏泽,0.0154580723999999
新乡,菏泽,0.0134665416
郑州,菏泽,0.01185435
周口,菏泽,0.0117595151999999
德州,菏泽,0.0111905064
淄博,菏泽,0.0105266628
北京,菏泽,0.0103369932
安阳,菏泽,0.0100524888
邯郸,菏泽,0.0096731496
烟台,菏泽,0.0082506276
滨州,菏泽,0.0071126099999999
上海,菏泽,0.0067332708
阜阳,菏泽,0.0064487664
日照,菏泽,0.0055952532
亳州,菏泽,0.0054055835999999
苏州,菏泽,0.0054055835999999
东营,菏泽,0.0050262444
天津,菏泽,0.0049314096
洛阳,菏泽,0.0049314096
驻马店,菏泽,0.0048365748
运城,菏泽,0.00474174
南阳,菏泽,0.0043624008
西安,菏泽,0.0039830616
焦作,菏泽,0.0035088876
邢台,菏泽,0.0035088876
保定,菏泽,0.003319218
连云港,菏泽,0.0029398787999999
宿迁,菏泽,0.002845044
信阳,菏泽,0.002845044
许昌,菏泽,0.0027502091999999
威海,菏泽,0.0027502091999999
沧州,菏泽,0.0026553744
平顶山,菏泽,0.0025605396
杭州,菏泽,0.0024657048
鹤壁,菏泽,0.0020863656
渭南,菏泽,0.0020863656
石家庄,菏泽,0.0019915308
南京,菏泽,0.0019915308
无锡,菏泽,0.0019915308
重庆,菏泽,0.0019915308
廊坊,菏泽,0.001896696
淮北,菏泽,0.0018018612
盐城,菏泽,0.0017070263999999
南通,菏泽,0.0017070263999999
合肥,菏泽,0.0016121916
武汉,菏泽,0.0016121916
淮安,菏泽,0.0016121916
安庆,菏泽,0.001422522
衡水,菏泽,0.001422522
临汾,菏泽,0.0013276872
深圳,菏泽,0.0013276872
襄阳,菏泽,0.0012328524
黄冈,菏泽,0.0012328524
咸阳,菏泽,0.0012328524
六安,菏泽,0.0011380175999999
蚌埠,菏泽,0.0011380175999999
唐山,菏泽,0.0010431828
三门峡,菏泽,0.000948348
九江,菏泽,0.000948348
淮南,菏泽,0.000948348
长治,菏泽,0.000948348
哈尔滨,菏泽,0.000948348
漯河,菏泽,0.000948348
常州,菏泽,0.0008535131999999
衡阳,菏泽,0.0008535131999999
宝鸡,菏泽,0.0008535131999999
南昌,菏泽,0.0008535131999999
宁波,菏泽,0.0008535131999999
大连,菏泽,0.0008535131999999
长春,菏泽,0.0008535131999999
太原,菏泽,0.0007586784
扬州,菏泽,0.0007586784
温州,菏泽,0.0007586784
邵阳,菏泽,0.0007586784
安康,菏泽,0.0007586784
滁州,菏泽,0.0007586784
天水,菏泽,0.0007586784
恩施土家族苗族自治州,菏泽,0.0007586784
金华,菏泽,0.0007586784
泰州,菏泽,0.0007586784
沈阳,菏泽,0.0006638436
汉中,菏泽,0.0006638436
宜昌,菏泽,0.0006638436
广州,菏泽,0.0006638436
南充,菏泽,0.0006638436
福州,菏泽,0.0006638436
长沙,菏泽,0.0006638436
上饶,菏泽,0.0005690087999999
周口,郑州,1.6199282502
开封,郑州,1.0900556694000003
商丘,郑州,0.965445804
新乡,郑州,0.8397133272000001
驻马店,郑州,0.735310467
南阳,郑州,0.7173486846
许昌,郑州,0.6926512338
洛阳,郑州,0.6073327674000001
平顶山,郑州,0.5309951922000001
安阳,郑州,0.5186464668
焦作,郑州,0.499562073
信阳,郑州,0.4535350056
濮阳,郑州,0.2986146324
漯河,郑州,0.2716719588
三门峡,郑州,0.1695143214
鹤壁,郑州,0.1560429846
菏泽,郑州,0.05613057
济源,郑州,0.0538853472
阜阳,郑州,0.033678342
邯郸,郑州,0.033678342
西安,郑州,0.0314331192
北京,郑州,0.0246974508
晋城,郑州,0.0235748394
运城,郑州,0.022452228
重庆,郑州,0.0202070052
宿州,郑州,0.016839171
徐州,郑州,0.0157165596
武汉,郑州,0.0145939482
上海,郑州,0.0145939482
长治,郑州,0.0145939482
亳州,郑州,0.0145939482
襄阳,郑州,0.011226114
济宁,郑州,0.011226114
聊城,郑州,0.0101035026
孝感,郑州,0.0101035026
安庆,郑州,0.0101035026
天津,郑州,0.0089808912
邢台,郑州,0.0089808912
保定,郑州,0.0089808912
深圳,郑州,0.0089808912
石家庄,郑州,0.0089808912
成都,郑州,0.0089808912
临汾,郑州,0.0078582798
苏州,郑州,0.0078582798
杭州,郑州,0.0067356684
广州,郑州,0.0067356684
三亚,郑州,0.0067356684
济南,郑州,0.0067356684
南京,郑州,0.0067356684
咸阳,郑州,0.0067356684
合肥,郑州,0.005613057
长沙,郑州,0.005613057
渭南,郑州,0.005613057
临沂,郑州,0.005613057
十堰,郑州,0.005613057
黄冈,郑州,0.005613057
沧州,郑州,0.005613057
温州,郑州,0.005613057
太原,郑州,0.005613057
泉州,郑州,0.005613057
枣庄,郑州,0.0044904456
青岛,郑州,0.0044904456
连云港,郑州,0.0044904456
潍坊,郑州,0.0044904456
荆州,郑州,0.0044904456
宜春,郑州,0.0044904456
随州,郑州,0.0044904456
宝鸡,郑州,0.0044904456
德州,郑州,0.0044904456
晋中,郑州,0.0044904456
盐城,郑州,0.0044904456
岳阳,郑州,0.0033678342
汉中,郑州,0.0033678342
荆门,郑州,0.0033678342
乌鲁木齐,郑州,0.0033678342
六安,郑州,0.0033678342
娄底,郑州,0.0033678342
南通,郑州,0.0033678342
淮北,郑州,0.0033678342
天水,郑州,0.0033678342
扬州,郑州,0.0033678342
泰州,郑州,0.0033678342
廊坊,郑州,0.0033678342
南昌,郑州,0.0033678342
泰安,郑州,0.0033678342
衡水,郑州,0.0033678342
吕梁,郑州,0.0033678342
上饶,郑州,0.0033678342
九江,郑州,0.0033678342
滁州,郑州,0.0033678342
烟台,郑州,0.0033678342
衡阳,郑州,0.0033678342
宿迁,郑州,0.0033678342
宜昌,郑州,0.0033678342
海口,郑州,0.0033678342
无锡,郑州,0.0033678342
福州,郑州,0.0022452228
蚌埠,郑州,0.0022452228
宁波,郑州,0.0022452228
邵阳,郑州,0.0022452228
郑州,开封,0.36949584672
商丘,开封,0.15051598848
新乡,开封,0.13705839576
周口,开封,0.12686720904
许昌,开封,0.06676533864
菏泽,开封,0.05696612064
安阳,开封,0.03632243472
洛阳,开封,0.0346239036
驻马店,开封,0.02978962272
焦作,开封,0.02887502904
南阳,开封,0.02704584168
平顶山,开封,0.0241714044
濮阳,开封,0.0215582796
漯河,开封,0.0150254676
信阳,开封,0.01463349888
鹤壁,开封,0.00875396808
邯郸,开封,0.00692478072
三门峡,开封,0.00640215576
西安,开封,0.0052262496
阜阳,开封,0.0045729684
宿州,开封,0.00444231216
亳州,开封,0.00418099968
徐州,开封,0.0039196872
济宁,开封,0.00365837472
苏州,开封,0.00339706224
北京,开封,0.00313574976
运城,开封,0.00287443728
聊城,开封,0.00274378104
上海,开封,0.00248246856
济源,开封,0.00222115608
长治,开封,0.00209049984
临沂,开封,0.00209049984
重庆,开封,0.00209049984
保定,开封,0.0019598436
武汉,开封,0.00182918736
晋城,开封,0.00182918736
天津,开封,0.00169853112
廊坊,开封,0.00156787488
岳阳,开封,0.00156787488
襄阳,开封,0.00143721864
广州,开封,0.00143721864
石家庄,开封,0.00143721864
杭州,开封,0.00143721864
黄冈,开封,0.00143721864
孝感,开封,0.0013065624
德州,开封,0.00117590616
济南,开封,0.00117590616
合肥,开封,0.00117590616
南京,开封,0.00104524992
荆州,开封,0.00104524992
潍坊,开封,0.00104524992
青岛,开封,0.00104524992
十堰,开封,0.00091459368
长沙,开封,0.00091459368
咸阳,开封,0.00091459368
临汾,开封,0.00091459368
宁波,开封,0.00091459368
深圳,开封,0.00091459368
连云港,开封,0.00091459368
泰安,开封,0.00091459368
淮北,开封,0.00091459368
宿迁,开封,0.00078393744
沧州,开封,0.00078393744
娄底,开封,0.00078393744
淮南,开封,0.00078393744
蚌埠,开封,0.00078393744
邵阳,开封,0.0006532812
嘉兴,开封,0.0006532812
衡阳,开封,0.0006532812
枣庄,开封,0.0006532812
晋中,开封,0.0006532812
渭南,开封,0.0006532812
东莞,开封,0.0006532812
扬州,开封,0.0006532812
泰州,开封,0.0006532812
汉中,开封,0.00052262496
温州,开封,0.00052262496
邢台,开封,0.00052262496
盐城,开封,0.00052262496
宜昌,开封,0.00052262496
衡水,开封,0.00052262496
安庆,开封,0.00052262496
福州,开封,0.00052262496
宝鸡,开封,0.00052262496
金华,开封,0.00052262496
芜湖,开封,0.00052262496
天水,开封,0.00052262496
台州,开封,0.00052262496
日照,开封,0.00052262496
庆阳,开封,0.00052262496
吕梁,开封,0.00052262496
三亚,开封,0.00052262496
无锡,开封,0.00039196872
烟台,开封,0.00039196872
淮安,开封,0.00039196872
湘西土家族苗族自治州,开封,0.00039196872
南通,开封,0.00039196872
遵义,开封,0.00039196872
兰州,开封,0.00039196872
咸宁,开封,0.00039196872
郑州,洛阳,0.26350253208
三门峡,洛阳,0.1707472547999999
平顶山,洛阳,0.14032590984
焦作,洛阳,0.09961499232
周口,洛阳,0.0882815500799999
南阳,洛阳,0.07366737456
商丘,洛阳,0.06755328072
新乡,洛阳,0.05100049008
驻马店,洛阳,0.04742150832
开封,洛阳,0.0441407750399999
许昌,洛阳,0.04369340232
济源,洛阳,0.04160566296
安阳,洛阳,0.0283336056
信阳,洛阳,0.0263949904799999
西安,洛阳,0.02132476632
漯河,洛阳,0.01849140576
濮阳,洛阳,0.01506154824
运城,洛阳,0.0107369452799999
重庆,洛阳,0.0071579635199999
菏泽,洛阳,0.0067105908
鹤壁,洛阳,0.0067105908
邯郸,洛阳,0.00656146656
渭南,洛阳,0.00641234232
阜阳,洛阳,0.0059649696
北京,洛阳,0.00566672112
亳州,洛阳,0.00477197568
晋城,洛阳,0.0044737272
襄阳,洛阳,0.00432460296
上海,洛阳,0.00432460296
苏州,洛阳,0.00387723024
宿州,洛阳,0.00342985752
济宁,洛阳,0.00342985752
徐州,洛阳,0.00342985752
武汉,洛阳,0.00328073328
咸阳,洛阳,0.00328073328
临汾,洛阳,0.00313160904
成都,洛阳,0.0029824848
长治,洛阳,0.0029824848
杭州,洛阳,0.0026842363199999
保定,洛阳,0.00238598784
天津,洛阳,0.00238598784
聊城,洛阳,0.00238598784
宝鸡,洛阳,0.00208773936
石家庄,洛阳,0.00193861512
泰安,洛阳,0.00193861512
深圳,洛阳,0.00193861512
合肥,洛阳,0.00193861512
南京,洛阳,0.00193861512
济南,洛阳,0.0017894908799999
十堰,洛阳,0.00164036664
临沂,洛阳,0.00164036664
汉中,洛阳,0.00164036664
黄冈,洛阳,0.00164036664
连云港,洛阳,0.0014912424
邢台,洛阳,0.0013421181599999
岳阳,洛阳,0.0013421181599999
无锡,洛阳,0.0013421181599999
福州,洛阳,0.0013421181599999
荆州,洛阳,0.0013421181599999
孝感,洛阳,0.0013421181599999
绵阳,洛阳,0.0013421181599999
晋中,洛阳,0.0013421181599999
南通,洛阳,0.0013421181599999
安庆,洛阳,0.0013421181599999
潍坊,洛阳,0.0013421181599999
蚌埠,洛阳,0.00119299392
广州,洛阳,0.00119299392
安康,洛阳,0.00119299392
沧州,洛阳,0.00119299392
天水,洛阳,0.00119299392
青岛,洛阳,0.00119299392
泉州,洛阳,0.00119299392
达州,洛阳,0.00119299392
荆门,洛阳,0.00104386968
盐城,洛阳,0.00104386968
随州,洛阳,0.00104386968
宿迁,洛阳,0.00104386968
太原,洛阳,0.00104386968
廊坊,洛阳,0.00104386968
德州,洛阳,0.00104386968
温州,洛阳,0.00104386968
长沙,洛阳,0.00104386968
枣庄,洛阳,0.00104386968
广元,洛阳,0.00104386968
商洛,洛阳,0.00104386968
滁州,洛阳,0.00104386968
衡水,洛阳,0.00104386968
莆田,洛阳,0.0008947454399999
宜春,洛阳,0.0008947454399999
淮南,洛阳,0.0008947454399999
宜昌,洛阳,0.0008947454399999
定西,洛阳,0.0008947454399999
庆阳,洛阳,0.0008947454399999
宁波,洛阳,0.0008947454399999
唐山,洛阳,0.0008947454399999
台州,洛阳,0.0007456212
南昌,洛阳,0.0007456212
兰州,洛阳,0.0007456212
扬州,洛阳,0.0007456212
郴州,洛阳,0.0007456212
许昌,平顶山,0.174731256
郑州,平顶山,0.1293546186
洛阳,平顶山,0.0973502712
南阳,平顶山,0.0852260616
漯河,平顶山,0.0814818204
驻马店,平顶山,0.052151931
周口,平顶山,0.0467138664
商丘,平顶山,0.0250507566
开封,平顶山,0.0211282182
新乡,平顶山,0.015155262
信阳,平顶山,0.0130156956
安阳,平顶山,0.0104303861999999
焦作,平顶山,0.0100737917999999
三门峡,平顶山,0.0054380646
濮阳,平顶山,0.0045465786
苏州,平顶山,0.0043682814
西安,平顶山,0.0036550926
阜阳,平顶山,0.0031202009999999
鹤壁,平顶山,0.0030310524
济源,平顶山,0.0028527552
重庆,平顶山,0.0027636066
襄阳,平顶山,0.002674458
菏泽,平顶山,0.002674458
上海,平顶山,0.0025853093999999
徐州,平顶山,0.0020504178
邯郸,平顶山,0.0019612692
北京,平顶山,0.0018721206
杭州,平顶山,0.0018721206
宿州,平顶山,0.0018721206
武汉,平顶山,0.0016938234
运城,平顶山,0.0016938234
临汾,平顶山,0.0016046748
亳州,平顶山,0.0015155262
十堰,平顶山,0.0014263776
天津,平顶山,0.0011589318
济宁,平顶山,0.0011589318
黄冈,平顶山,0.0011589318
聊城,平顶山,0.0010697832
合肥,平顶山,0.0010697832
南京,平顶山,0.0009806346
岳阳,平顶山,0.0009806346
广州,平顶山,0.0008023374
保定,平顶山,0.0008023374
孝感,平顶山,0.0008023374
晋城,平顶山,0.0008023374
随州,平顶山,0.0008023374
成都,平顶山,0.0008023374
温州,平顶山,0.0008023374
宁波,平顶山,0.0008023374
常德,平顶山,0.0008023374
长治,平顶山,0.0007131888
常州,平顶山,0.0007131888
德州,平顶山,0.0007131888
渭南,平顶山,0.0007131888
娄底,平顶山,0.0007131888
邵阳,平顶山,0.0007131888
安康,平顶山,0.0007131888
惠州,平顶山,0.0007131888
荆州,平顶山,0.0007131888
长沙,平顶山,0.0007131888
上饶,平顶山,0.0006240402
安庆,平顶山,0.0006240402
深圳,平顶山,0.0006240402
邢台,平顶山,0.0006240402
太原,平顶山,0.0006240402
青岛,平顶山,0.0006240402
淮北,平顶山,0.0006240402
宿迁,平顶山,0.0006240402
张家界,平顶山,0.0006240402
扬州,平顶山,0.0006240402
宜昌,平顶山,0.0006240402
湘西土家族苗族自治州,平顶山,0.0006240402
无锡,平顶山,0.0005348916
济南,平顶山,0.0005348916
南充,平顶山,0.0005348916
荆门,平顶山,0.0005348916
衡阳,平顶山,0.0005348916
三亚,平顶山,0.0005348916
临沂,平顶山,0.0005348916
南通,平顶山,0.0005348916
连云港,平顶山,0.0005348916
沧州,平顶山,0.0005348916
廊坊,平顶山,0.0005348916
达州,平顶山,0.0005348916
咸阳,平顶山,0.000445743
海口,平顶山,0.000445743
汉中,平顶山,0.000445743
泰安,平顶山,0.000445743
淮南,平顶山,0.000445743
九江,平顶山,0.000445743
怀化,平顶山,0.000445743
郴州,平顶山,0.000445743
张家口,平顶山,0.000445743
福州,平顶山,0.000445743
厦门,平顶山,0.000445743
淮安,平顶山,0.000445743
镇江,平顶山,0.000445743
商洛,平顶山,0.0003565944
蚌埠,平顶山,0.0003565944
恩施土家族苗族自治州,平顶山,0.0003565944
鹤壁,安阳,0.1389433824
濮阳,安阳,0.13289474304
新乡,安阳,0.1120313203199999
邯郸,安阳,0.11168067456
郑州,安阳,0.0802102176
周口,安阳,0.02226600576
长治,安阳,0.01814591808
洛阳,安阳,0.0179705951999999
开封,安阳,0.01788293376
焦作,安阳,0.0149024448
商丘,安阳,0.01437647616
驻马店,安阳,0.0124479244799999
南阳,安阳,0.01209727872
许昌,安阳,0.00937977408
信阳,安阳,0.00894146688
平顶山,安阳,0.00753888384
北京,安阳,0.00718823808
菏泽,安阳,0.00683759232
聊城,安阳,0.0048213792
漯河,安阳,0.004383072
西安,安阳,0.00420774912
临汾,安阳,0.00385710336
邢台,安阳,0.0036817804799999
天津,安阳,0.0035064576
济宁,安阳,0.00324347328
晋城,安阳,0.00315581184
太原,安阳,0.00280516608
三门峡,安阳,0.00280516608
石家庄,安阳,0.0025421817599999
苏州,安阳,0.002191536
上海,安阳,0.002191536
徐州,安阳,0.002191536
保定,安阳,0.002191536
晋中,安阳,0.00201621312
济源,安阳,0.00192855168
阜阳,安阳,0.00192855168
运城,安阳,0.0018408902399999
德州,安阳,0.0017532288
枣庄,安阳,0.00166556736
重庆,安阳,0.00166556736
济南,安阳,0.00149024448
武汉,安阳,0.00140258304
杭州,安阳,0.0013149216
唐山,安阳,0.00122726016
潍坊,安阳,0.00122726016
广州,安阳,0.00122726016
吕梁,安阳,0.00122726016
南京,安阳,0.00113959872
泰安,安阳,0.00113959872
沧州,安阳,0.00113959872
宿州,安阳,0.00105193728
阳泉,安阳,0.00105193728
青岛,安阳,0.00105193728
亳州,安阳,0.00105193728
黄冈,安阳,0.0008766144
成都,安阳,0.0008766144
廊坊,安阳,0.0008766144
衡水,安阳,0.00078895296
襄阳,安阳,0.00078895296
深圳,安阳,0.00078895296
宁德,安阳,0.00078895296
合肥,安阳,0.00070129152
连云港,安阳,0.00070129152
无锡,安阳,0.00061363008
临沂,安阳,0.00061363008
长沙,安阳,0.00061363008
忻州,安阳,0.00061363008
咸阳,安阳,0.00061363008
大同,安阳,0.00061363008
渭南,安阳,0.00052596864
广元,安阳,0.00052596864
湘潭,安阳,0.00052596864
烟台,安阳,0.00052596864
南通,安阳,0.00052596864
荆州,安阳,0.00052596864
益阳,安阳,0.0004383072
淄博,安阳,0.0004383072
三亚,安阳,0.0004383072
泰州,安阳,0.0004383072
汉中,安阳,0.0004383072
安康,安阳,0.0004383072
镇江,安阳,0.0004383072
常德,安阳,0.0004383072
遂宁,安阳,0.0004383072
蚌埠,安阳,0.0004383072
扬州,安阳,0.0004383072
常州,安阳,0.0004383072
张家口,安阳,0.00035064576
十堰,安阳,0.00035064576
淮北,安阳,0.00035064576
淮安,安阳,0.00035064576
绵阳,安阳,0.00035064576
南昌,安阳,0.00035064576
孝感,安阳,0.00035064576
北海,安阳,0.00035064576
包头,安阳,0.00035064576
淮南,安阳,0.00035064576
沈阳,安阳,0.00035064576
泉州,安阳,0.00035064576
盐城,安阳,0.00035064576
安阳,鹤壁,0.20405637288
新乡,鹤壁,0.08767268928
郑州,鹤壁,0.0319262634
濮阳,鹤壁,0.02902799268
焦作,鹤壁,0.0074268187199999
商丘,鹤壁,0.00638525268
洛阳,鹤壁,0.00638525268
邯郸,鹤壁,0.0062493962399999
周口,鹤壁,0.00615882528
南阳,鹤壁,0.00502668828
开封,鹤壁,0.0049814028
驻马店,鹤壁,0.0043021206
菏泽,鹤壁,0.0032605545599999
许昌,鹤壁,0.00321526908
平顶山,鹤壁,0.0027171288
信阳,鹤壁,0.0027171288
漯河,鹤壁,0.00199256112
西安,鹤壁,0.00153970632
长治,鹤壁,0.00122270796
临汾,鹤壁,0.00122270796
聊城,鹤壁,0.00122270796
北京,鹤壁,0.00117742248
重庆,鹤壁,0.001132137
上海,鹤壁,0.0010868515199999
三门峡,鹤壁,0.00099628056
济宁,鹤壁,0.0009057096
邢台,鹤壁,0.0009057096
天津,鹤壁,0.00072456768
晋城,鹤壁,0.0006792822
苏州,鹤壁,0.0005434257599999
杭州,鹤壁,0.0005434257599999
石家庄,鹤壁,0.0005434257599999
保定,鹤壁,0.0005434257599999
南京,鹤壁,0.00049814028
济南,鹤壁,0.0004528548
亳州,鹤壁,0.0004528548
运城,鹤壁,0.0004528548
太原,鹤壁,0.0004528548
泰安,鹤壁,0.0004528548
德州,鹤壁,0.0004528548
徐州,鹤壁,0.0004528548
枣庄,鹤壁,0.0004528548
济源,鹤壁,0.0004528548
阜阳,鹤壁,0.0004075693199999
淄博,鹤壁,0.0004075693199999
临沂,鹤壁,0.0004075693199999
沧州,鹤壁,0.00036228384
廊坊,鹤壁,0.00036228384
盐城,鹤壁,0.00036228384
宜昌,鹤壁,0.00036228384
宿州,鹤壁,0.00036228384
晋中,鹤壁,0.00031699836
武汉,鹤壁,0.00031699836
绵阳,鹤壁,0.00031699836
深圳,鹤壁,0.0002717128799999
金华,鹤壁,0.0002717128799999
十堰,鹤壁,0.0002717128799999
合肥,鹤壁,0.0002717128799999
成都,鹤壁,0.0002717128799999
渭南,鹤壁,0.0002717128799999
九江,鹤壁,0.0002264274
淮北,鹤壁,0.0002264274
烟台,鹤壁,0.0002264274
孝感,鹤壁,0.0002264274
延安,鹤壁,0.0002264274
广州,鹤壁,0.0002264274
唐山,鹤壁,0.0002264274
承德,鹤壁,0.0002264274
衡水,鹤壁,0.0002264274
福州,鹤壁,0.0002264274
青岛,鹤壁,0.0002264274
咸阳,鹤壁,0.0002264274
厦门,鹤壁,0.00018114192
宝鸡,鹤壁,0.00018114192
宿迁,鹤壁,0.00018114192
宁波,鹤壁,0.00018114192
黄冈,鹤壁,0.00018114192
吕梁,鹤壁,0.00018114192
三亚,鹤壁,0.00018114192
襄阳,鹤壁,0.0001358564399999
连云港,鹤壁,0.0001358564399999
常州,鹤壁,0.0001358564399999
邵阳,鹤壁,0.0001358564399999
吉安,鹤壁,0.0001358564399999
桂林,鹤壁,0.0001358564399999
温州,鹤壁,0.0001358564399999
日照,鹤壁,0.0001358564399999
包头,鹤壁,0.0001358564399999
乌兰察布,鹤壁,0.0001358564399999
大同,鹤壁,0.0001358564399999
咸宁,鹤壁,9.057096e-05
张家口,鹤壁,9.057096e-05
海口,鹤壁,9.057096e-05
赤峰,鹤壁,9.057096e-05
上饶,鹤壁,9.057096e-05
安康,鹤壁,9.057096e-05
益阳,鹤壁,9.057096e-05
吉林,鹤壁,9.057096e-05
商洛,鹤壁,9.057096e-05
绍兴,鹤壁,9.057096e-05
郑州,新乡,0.23965245144
安阳,新乡,0.19498236408
焦作,新乡,0.14530614624
鹤壁,新乡,0.06905892816
开封,新乡,0.0595601164799999
周口,新乡,0.05750631936
濮阳,新乡,0.0487776816
洛阳,新乡,0.04274465256
商丘,新乡,0.04120430472
驻马店,新乡,0.03735343512
南阳,新乡,0.035299638
许昌,新乡,0.025672464
平顶山,新乡,0.02361866688
信阳,新乡,0.02361866688
菏泽,新乡,0.0218215944
漯河,新乡,0.01232278272
晋城,新乡,0.01193769576
西安,新乡,0.01065407256
邯郸,新乡,0.01039734792
三门峡,新乡,0.009627174
济源,新乡,0.00783010152
阜阳,新乡,0.00680320296
聊城,新乡,0.00680320296
长治,新乡,0.00564794208
北京,新乡,0.00487776816
重庆,新乡,0.00333742032
运城,新乡,0.003209058
济宁,新乡,0.00308069568
宿州,新乡,0.00295233336
上海,新乡,0.00282397104
徐州,新乡,0.00269560872
苏州,新乡,0.0025672464
天津,新乡,0.00243888408
石家庄,新乡,0.00218215944
临汾,新乡,0.00205379712
晋中,新乡,0.00205379712
保定,新乡,0.00205379712
邢台,新乡,0.00205379712
武汉,新乡,0.00179707248
亳州,新乡,0.00179707248
渭南,新乡,0.00166871016
南京,新乡,0.00166871016
杭州,新乡,0.00154034784
临沂,新乡,0.00154034784
泰安,新乡,0.00154034784
济南,新乡,0.00154034784
枣庄,新乡,0.00141198552
连云港,新乡,0.00141198552
德州,新乡,0.0012836232
沧州,新乡,0.0012836232
岳阳,新乡,0.0012836232
青岛,新乡,0.00115526088
咸阳,新乡,0.00115526088
襄阳,新乡,0.00115526088
潍坊,新乡,0.00115526088
太原,新乡,0.00102689856
扬州,新乡,0.00102689856
廊坊,新乡,0.00102689856
宿迁,新乡,0.00102689856
成都,新乡,0.00102689856
泰州,新乡,0.00102689856
广州,新乡,0.00089853624
长沙,新乡,0.00089853624
舟山,新乡,0.00089853624
绵阳,新乡,0.00089853624
宁波,新乡,0.00077017392
安康,新乡,0.00077017392
深圳,新乡,0.00077017392
达州,新乡,0.00077017392
南充,新乡,0.00077017392
十堰,新乡,0.00077017392
衡水,新乡,0.00077017392
沈阳,新乡,0.0006418116
无锡,新乡,0.0006418116
孝感,新乡,0.0006418116
温州,新乡,0.0006418116
宝鸡,新乡,0.0006418116
淄博,新乡,0.0006418116
合肥,新乡,0.0006418116
南通,新乡,0.0006418116
台州,新乡,0.0006418116
日照,新乡,0.0006418116
烟台,新乡,0.0006418116
娄底,新乡,0.0006418116
滁州,新乡,0.0006418116
盐城,新乡,0.0006418116
常州,新乡,0.00051344928
荆州,新乡,0.00051344928
宜昌,新乡,0.00051344928
遂宁,新乡,0.00051344928
上饶,新乡,0.00051344928
常德,新乡,0.00051344928
威海,新乡,0.00051344928
南昌,新乡,0.00051344928
九江,新乡,0.00051344928
邵阳,新乡,0.00051344928
镇江,新乡,0.00051344928
嘉兴,新乡,0.00051344928
安庆,新乡,0.00051344928
广元,新乡,0.00051344928
新乡,焦作,0.15375163392
郑州,焦作,0.13911219612
洛阳,焦作,0.06583993308
济源,焦作,0.05127556932
安阳,焦作,0.0307803563999999
周口,焦作,0.0270266544
商丘,焦作,0.02642606208
开封,焦作,0.02409876684
驻马店,焦作,0.01899373212
南阳,焦作,0.0165162888
晋城,焦作,0.0156904743599999
许昌,焦作,0.01493973396
平顶山,焦作,0.01141125408
濮阳,焦作,0.0101349954
鹤壁,焦作,0.00968455116
信阳,焦作,0.00908395884
菏泽,焦作,0.0087085886399999
西安,焦作,0.00795784824
三门峡,焦作,0.0072821818799999
漯河,焦作,0.0066815895599999
长治,焦作,0.0052551827999999
运城,焦作,0.00420414624
临汾,焦作,0.0033783318
北京,焦作,0.00232729524
邯郸,焦作,0.0021771471599999
上海,焦作,0.00210207312
阜阳,焦作,0.00210207312
徐州,焦作,0.00210207312
聊城,焦作,0.001876851
宿州,焦作,0.001876851
渭南,焦作,0.00165162888
重庆,焦作,0.0015014808
济宁,焦作,0.0015014808
苏州,焦作,0.00142640676
天津,焦作,0.00127625868
咸阳,焦作,0.00127625868
临沂,焦作,0.00120118464
晋中,焦作,0.00105103656
武汉,焦作,0.00097596252
合肥,焦作,0.00097596252
邢台,焦作,0.00090088848
岳阳,焦作,0.00090088848
成都,焦作,0.00090088848
宝鸡,焦作,0.00082581444
太原,焦作,0.00082581444
孝感,焦作,0.00082581444
青岛,焦作,0.00082581444
南京,焦作,0.0007507404
泰安,焦作,0.0007507404
亳州,焦作,0.0007507404
扬州,焦作,0.00067566636
襄阳,焦作,0.00067566636
三亚,焦作,0.00067566636
石家庄,焦作,0.00067566636
保定,焦作,0.00067566636
杭州,焦作,0.00067566636
济南,焦作,0.00067566636
沧州,焦作,0.00060059232
德州,焦作,0.00060059232
淄博,焦作,0.00060059232
安康,焦作,0.00060059232
深圳,焦作,0.00060059232
南昌,焦作,0.00052551828
吕梁,焦作,0.00052551828
衡阳,焦作,0.00052551828
盐城,焦作,0.00052551828
荆州,焦作,0.00052551828
金华,焦作,0.00045044424
银川,焦作,0.00045044424
十堰,焦作,0.00045044424
淮南,焦作,0.00045044424
连云港,焦作,0.00045044424
厦门,焦作,0.00045044424
长沙,焦作,0.00045044424
黄冈,焦作,0.00045044424
安庆,焦作,0.00045044424
商洛,焦作,0.00045044424
南通,焦作,0.00045044424
邵阳,焦作,0.00045044424
绵阳,焦作,0.0003753702
淮北,焦作,0.0003753702
滨州,焦作,0.0003753702
莆田,焦作,0.0003753702
兰州,焦作,0.0003753702
六安,焦作,0.0003753702
蚌埠,焦作,0.00030029616
汉中,焦作,0.00030029616
宜春,焦作,0.00030029616
益阳,焦作,0.00030029616
随州,焦作,0.00030029616
陇南,焦作,0.00030029616
广州,焦作,0.00030029616
九江,焦作,0.00030029616
烟台,焦作,0.00030029616
南充,焦作,0.00030029616
平凉,焦作,0.00030029616
廊坊,焦作,0.00030029616
景德镇,焦作,0.00030029616
东莞,焦作,0.00030029616
泉州,焦作,0.00030029616
安阳,濮阳,0.17145076572
聊城,濮阳,0.12393460404
郑州,濮阳,0.0436580118
邯郸,濮阳,0.0402736698
菏泽,濮阳,0.03716007516
新乡,濮阳,0.03546790416
鹤壁,濮阳,0.01922306256
周口,濮阳,0.0137404285199999
开封,濮阳,0.01306356012
商丘,濮阳,0.01204825752
洛阳,濮阳,0.01022071284
济宁,濮阳,0.0094084707599999
南阳,濮阳,0.0071071182
驻马店,濮阳,0.00683637084
北京,濮阳,0.00683637084
许昌,濮阳,0.00588875508
焦作,濮阳,0.00568569456
信阳,濮阳,0.00534726036
泰安,濮阳,0.00467039196
天津,濮阳,0.00446733144
济南,濮阳,0.0037227762
平顶山,濮阳,0.00365508936
青岛,濮阳,0.0027074736
上海,濮阳,0.00263978676
德州,濮阳,0.00257209992
苏州,濮阳,0.00250441308
西安,濮阳,0.00250441308
保定,濮阳,0.00230135256
漯河,濮阳,0.00230135256
石家庄,濮阳,0.00209829204
临沂,濮阳,0.0020306052
阜阳,濮阳,0.0020306052
徐州,濮阳,0.001692171
重庆,濮阳,0.00162448416
潍坊,濮阳,0.00162448416
三门峡,濮阳,0.00162448416
沧州,濮阳,0.00128604996
廊坊,濮阳,0.00128604996
亳州,濮阳,0.00128604996
长治,濮阳,0.00128604996
枣庄,濮阳,0.00121836312
临汾,濮阳,0.00121836312
南京,濮阳,0.00115067628
滨州,濮阳,0.00115067628
运城,濮阳,0.00115067628
邢台,濮阳,0.00108298944
达州,濮阳,0.00108298944
淄博,濮阳,0.00108298944
宿州,濮阳,0.0010153026
深圳,濮阳,0.00094761576
无锡,濮阳,0.00087992892
东营,濮阳,0.00087992892
太原,濮阳,0.00087992892
烟台,濮阳,0.00087992892
济源,濮阳,0.00081224208
成都,濮阳,0.00074455524
杭州,濮阳,0.00074455524
渭南,濮阳,0.00074455524
武汉,濮阳,0.0006768684
威海,濮阳,0.0006768684
唐山,濮阳,0.0006768684
合肥,濮阳,0.0006768684
嘉兴,濮阳,0.0006768684
衡水,濮阳,0.00060918156
南充,濮阳,0.00054149472
九江,濮阳,0.00054149472
咸阳,濮阳,0.00054149472
安康,濮阳,0.00054149472
荆州,濮阳,0.00054149472
沈阳,濮阳,0.00047380788
晋城,濮阳,0.00047380788
淮安,濮阳,0.00047380788
十堰,濮阳,0.00047380788
晋中,濮阳,0.00047380788
张家口,濮阳,0.00047380788
吕梁,濮阳,0.00040612104
襄阳,濮阳,0.00040612104
广州,濮阳,0.00040612104
福州,濮阳,0.00040612104
黄冈,濮阳,0.00040612104
孝感,濮阳,0.00040612104
北海,濮阳,0.00040612104
淮南,濮阳,0.0003384342
芜湖,濮阳,0.0003384342
蚌埠,濮阳,0.0003384342
哈尔滨,濮阳,0.0003384342
金华,濮阳,0.0003384342
南昌,濮阳,0.0003384342
盐城,濮阳,0.0003384342
温州,濮阳,0.0003384342
宁波,濮阳,0.0003384342
常德,濮阳,0.00027074736
商洛,濮阳,0.00027074736
惠州,濮阳,0.00027074736
仙桃,濮阳,0.00027074736
三亚,濮阳,0.00027074736
榆林,濮阳,0.00027074736
南通,濮阳,0.00027074736
泸州,濮阳,0.00027074736
连云港,濮阳,0.00027074736
郑州,许昌,0.19629407808
平顶山,许昌,0.16177142772
漯河,许昌,0.11279301192
周口,许昌,0.10518471432
开封,许昌,0.05810837292
南阳,许昌,0.0347128578
商丘,许昌,0.03052829412
驻马店,许昌,0.03005277552
洛阳,许昌,0.0294821532
新乡,许昌,0.0185452254
信阳,许昌,0.01645294356
焦作,许昌,0.01122223896
安阳,许昌,0.01055651292
濮阳,许昌,0.00694257156
西安,许昌,0.00608663808
三门峡,许昌,0.00561111948
阜阳,许昌,0.00466008228
重庆,许昌,0.00389925252
北京,许昌,0.0033286302
菏泽,许昌,0.0033286302
鹤壁,许昌,0.00323352648
亳州,许昌,0.00256780044
邯郸,许昌,0.00247269672
上海,许昌,0.00218738556
苏州,许昌,0.00209228184
武汉,许昌,0.00180697068
运城,许昌,0.00171186696
深圳,许昌,0.00161676324
渭南,许昌,0.00161676324
济源,许昌,0.00161676324
襄阳,许昌,0.00161676324
天津,许昌,0.00152165952
广州,许昌,0.0014265558
宿州,许昌,0.00133145208
徐州,许昌,0.00123634836
杭州,许昌,0.00114124464
济宁,许昌,0.00114124464
岳阳,许昌,0.00114124464
南京,许昌,0.00104614092
十堰,许昌,0.00104614092
临汾,许昌,0.00104614092
长沙,许昌,0.00104614092
安康,许昌,0.0009510372
荆州,许昌,0.0009510372
聊城,许昌,0.0009510372
成都,许昌,0.00085593348
保定,许昌,0.00085593348
孝感,许昌,0.00085593348
温州,许昌,0.00085593348
黄冈,许昌,0.00085593348
邵阳,许昌,0.00085593348
邢台,许昌,0.00076082976
宜昌,许昌,0.00076082976
晋城,许昌,0.00076082976
临沂,许昌,0.00076082976
三亚,许昌,0.00076082976
娄底,许昌,0.00066572604
东莞,许昌,0.00066572604
石家庄,许昌,0.00066572604
咸阳,许昌,0.00066572604
六安,许昌,0.00066572604
宁波,许昌,0.00066572604
泰安,许昌,0.00066572604
泰州,许昌,0.00057062232
宝鸡,许昌,0.00057062232
长治,许昌,0.00057062232
合肥,许昌,0.00057062232
衡阳,许昌,0.00057062232
南通,许昌,0.00057062232
廊坊,许昌,0.00057062232
常德,许昌,0.00057062232
厦门,许昌,0.00057062232
德州,许昌,0.00057062232
安庆,许昌,0.00057062232
济南,许昌,0.00057062232
随州,许昌,0.00057062232
盐城,许昌,0.00057062232
金华,许昌,0.00057062232
上饶,许昌,0.00057062232
无锡,许昌,0.0004755186
恩施土家族苗族自治州,许昌,0.0004755186
北海,许昌,0.0004755186
青岛,许昌,0.0004755186
抚州,许昌,0.0004755186
商洛,许昌,0.0004755186
晋中,许昌,0.0004755186
淮北,许昌,0.0004755186
常州,许昌,0.00038041488
天水,许昌,0.00038041488
连云港,许昌,0.00038041488
潍坊,许昌,0.00038041488
台州,许昌,0.00038041488
淮南,许昌,0.00038041488
福州,许昌,0.00038041488
佛山,许昌,0.00038041488
淮安,许昌,0.00038041488
赤峰,许昌,0.00038041488
昆明,许昌,0.00038041488
蚌埠,许昌,0.00038041488
乌鲁木齐,许昌,0.00038041488
驻马店,漯河,0.1500666912
周口,漯河,0.1487754864
许昌,漯河,0.100068372
平顶山,漯河,0.0838565783999999
郑州,漯河,0.0582476832
南阳,漯河,0.0230982192
洛阳,漯河,0.0147771216
信阳,漯河,0.0144901872
商丘,漯河,0.0121229784
开封,漯河,0.0119795112
新乡,漯河,0.0081058967999999
安阳,漯河,0.0066712248
焦作,漯河,0.0065277576
濮阳,漯河,0.0032997456
三门峡,漯河,0.002869344
武汉,漯河,0.0027976104
阜阳,漯河,0.0024389424
菏泽,漯河,0.002152008
深圳,漯河,0.0020085408
西安,漯河,0.0017216063999999
鹤壁,漯河,0.0017216063999999
襄阳,漯河,0.0016498728
运城,漯河,0.001434672
北京,漯河,0.001434672
上海,漯河,0.0013629384
苏州,漯河,0.0012912047999999
广州,漯河,0.0011477376
孝感,漯河,0.0010042704
随州,漯河,0.0010042704
重庆,漯河,0.0009325368
宿州,漯河,0.0009325368
徐州,漯河,0.0009325368
邯郸,漯河,0.0008608031999999
天津,漯河,0.0008608031999999
南京,漯河,0.0008608031999999
杭州,漯河,0.0007890696
东莞,漯河,0.0007890696
济宁,漯河,0.000717336
邵阳,漯河,0.000717336
亳州,漯河,0.0006456023999999
黄冈,漯河,0.0006456023999999
临汾,漯河,0.0006456023999999
济源,漯河,0.0005738688
温州,漯河,0.0005738688
合肥,漯河,0.0005738688
保定,漯河,0.0005738688
泉州,漯河,0.0005738688
邢台,漯河,0.0005021352
石家庄,漯河,0.0005021352
长沙,漯河,0.0005021352
青岛,漯河,0.0005021352
岳阳,漯河,0.0005021352
厦门,漯河,0.0005021352
蚌埠,漯河,0.0004304015999999
长治,漯河,0.0004304015999999
扬州,漯河,0.0004304015999999
临沂,漯河,0.0004304015999999
十堰,漯河,0.0004304015999999
莆田,漯河,0.0004304015999999
荆州,漯河,0.000358668
淮南,漯河,0.000358668
聊城,漯河,0.000358668
枣庄,漯河,0.000358668
桂林,漯河,0.000358668
南充,漯河,0.000358668
嘉兴,漯河,0.000358668
惠州,漯河,0.000358668
汉中,漯河,0.000358668
济南,漯河,0.000358668
黄石,漯河,0.0002869344
泰安,漯河,0.0002869344
德州,漯河,0.0002869344
宿迁,漯河,0.0002869344
滁州,漯河,0.0002869344
昆明,漯河,0.0002869344
咸宁,漯河,0.0002869344
抚州,漯河,0.0002869344
连云港,漯河,0.0002869344
成都,漯河,0.0002869344
荆门,漯河,0.0002869344
衡阳,漯河,0.0002869344
吉安,漯河,0.0002869344
衡水,漯河,0.0002869344
安庆,漯河,0.0002869344
佛山,漯河,0.0002869344
乌鲁木齐,漯河,0.0002869344
六安,漯河,0.0002869344
常德,漯河,0.0002869344
渭南,漯河,0.0002152007999999
常州,漯河,0.0002152007999999
福州,漯河,0.0002152007999999
沧州,漯河,0.0002152007999999
商洛,漯河,0.0002152007999999
无锡,漯河,0.0002152007999999
潍坊,漯河,0.0002152007999999
永州,漯河,0.0002152007999999
九江,漯河,0.0002152007999999
中山,漯河,0.0002152007999999
三亚,漯河,0.0002152007999999
舟山,漯河,0.0002152007999999
洛阳,三门峡,0.1453531068
运城,三门峡,0.04777570512
郑州,三门峡,0.04433623128
西安,三门峡,0.0248301741599999
渭南,三门峡,0.01422905616
南阳,三门峡,0.01328673456
周口,三门峡,0.01177902
商丘,三门峡,0.01168478784
平顶山,三门峡,0.0091876355999999
新乡,三门峡,0.0091876355999999
焦作,三门峡,0.00829243008
开封,三门峡,0.0075385728
商洛,三门峡,0.0073029924
许昌,三门峡,0.0068318316
驻马店,三门峡,0.00654913512
安阳,三门峡,0.00490007232
菏泽,三门峡,0.00320389344
濮阳,三门峡,0.0030625452
信阳,三门峡,0.00287408088
临汾,三门峡,0.00287408088
重庆,三门峡,0.00254426832
咸阳,三门峡,0.00245003616
济源,三门峡,0.00226157184
汉中,三门峡,0.00202599144
安康,三门峡,0.00193175928
徐州,三门峡,0.0018846432
十堰,三门峡,0.00183752712
漯河,三门峡,0.00179041104
宿州,三门峡,0.00174329496
苏州,三门峡,0.0016490628
宝鸡,三门峡,0.00160194672
济宁,三门峡,0.00155483064
上海,三门峡,0.00150771456
天水,三门峡,0.0014134824
成都,三门峡,0.0014134824
邯郸,三门峡,0.00131925024
阜阳,三门峡,0.00131925024
临沂,三门峡,0.00131925024
陇南,三门峡,0.00127213416
北京,三门峡,0.00122501808
鹤壁,三门峡,0.00122501808
广元,三门峡,0.00122501808
定西,三门峡,0.00113078592
平凉,三门峡,0.00113078592
绵阳,三门峡,0.00103655376
襄阳,三门峡,0.0009894376799999
达州,三门峡,0.0009894376799999
巴中,三门峡,0.00089520552
南充,三门峡,0.00089520552
延安,三门峡,0.00084808944
保定,三门峡,0.00084808944
榆林,三门峡,0.00080097336
亳州,三门峡,0.00080097336
邵阳,三门峡,0.00080097336
武汉,三门峡,0.0007067412
太原,三门峡,0.0007067412
石家庄,三门峡,0.00065962512
深圳,三门峡,0.00065962512
杭州,三门峡,0.00061250904
沧州,三门峡,0.00061250904
长治,三门峡,0.00056539296
晋中,三门峡,0.00051827688
青岛,三门峡,0.00051827688
扬州,三门峡,0.00051827688
庆阳,三门峡,0.00051827688
合肥,三门峡,0.00051827688
宜宾,三门峡,0.00051827688
晋城,三门峡,0.00051827688
宜昌,三门峡,0.00051827688
连云港,三门峡,0.00051827688
潍坊,三门峡,0.0004711608
南通,三门峡,0.0004711608
温州,三门峡,0.0004711608
无锡,三门峡,0.0004711608
德阳,三门峡,0.00042404472
南昌,三门峡,0.00042404472
济南,三门峡,0.00042404472
天津,三门峡,0.00037692864
南京,三门峡,0.00037692864
聊城,三门峡,0.00037692864
黄冈,三门峡,0.00037692864
岳阳,三门峡,0.00032981256
盐城,三门峡,0.00032981256
九江,三门峡,0.00032981256
资阳,三门峡,0.00032981256
泸州,三门峡,0.00032981256
金华,三门峡,0.00032981256
朔州,三门峡,0.00032981256
铜川,三门峡,0.00032981256
孝感,三门峡,0.00032981256
吕梁,三门峡,0.00032981256
临夏回族自治州,三门峡,0.00032981256
遂宁,三门峡,0.00032981256
荆门,三门峡,0.00028269648
桂林,三门峡,0.00028269648
蚌埠,三门峡,0.00028269648
内江,三门峡,0.00028269648
淮安,三门峡,0.00028269648
东营,三门峡,0.00028269648
福州,三门峡,0.00028269648
郑州,南阳,0.12311372736
驻马店,南阳,0.11476887084
襄阳,南阳,0.08637468372
平顶山,南阳,0.07835495148
洛阳,南阳,0.05678837424
周口,南阳,0.0479016439199999
信阳,南阳,0.0386897893199999
十堰,南阳,0.03077843184
许昌,南阳,0.02741881428
商丘,南阳,0.0233005733999999
开封,南阳,0.0227586996
西安,南阳,0.01723158684
新乡,南阳,0.0167980878
漯河,南阳,0.0147389673599999
三门峡,南阳,0.01441384308
随州,南阳,0.0140887188
商洛,南阳,0.0135468449999999
安阳,南阳,0.01127097504
焦作,南阳,0.0097537284
重庆,南阳,0.00899510508
上海,南阳,0.00769460796
武汉,南阳,0.0075862331999999
杭州,南阳,0.0073694836799999
北京,南阳,0.00671923512
深圳,南阳,0.0065024856
阜阳,南阳,0.0065024856
东莞,南阳,0.0063941108399999
苏州,南阳,0.0061773613199999
濮阳,南阳,0.0061773613199999
菏泽,南阳,0.00563548752
荆门,南阳,0.00531036324
广州,南阳,0.00476848944
运城,南阳,0.00476848944
渭南,南阳,0.00455173992
宜昌,南阳,0.0043349904
安康,南阳,0.0040098661199999
临沂,南阳,0.0036847418399999
汕头,南阳,0.0034679923199999
天津,南阳,0.00335961756
黄冈,南阳,0.0032512428
亳州,南阳,0.0032512428
鹤壁,南阳,0.00314286804
咸阳,南阳,0.00314286804
济宁,南阳,0.00292611852
达州,南阳,0.00281774376
天水,南阳,0.00281774376
邯郸,南阳,0.0027093689999999
荆州,南阳,0.0026009942399999
临汾,南阳,0.0026009942399999
南充,南阳,0.0026009942399999
宁波,南阳,0.0026009942399999
孝感,南阳,0.00249261948
汉中,南阳,0.00249261948
宿州,南阳,0.00238424472
邵阳,南阳,0.00238424472
恩施土家族苗族自治州,南阳,0.00227586996
绵阳,南阳,0.0021674952
济源,南阳,0.0020591204399999
合肥,南阳,0.0020591204399999
聊城,南阳,0.0019507456799999
巴中,南阳,0.0019507456799999
石家庄,南阳,0.0018423709199999
成都,南阳,0.0018423709199999
无锡,南阳,0.0018423709199999
惠州,南阳,0.0018423709199999
保定,南阳,0.0018423709199999
徐州,南阳,0.0017339961599999
安庆,南阳,0.0017339961599999
德州,南阳,0.0017339961599999
常德,南阳,0.0016256214
南京,南阳,0.0016256214
宜春,南阳,0.00151724664
怀化,南阳,0.00151724664
廊坊,南阳,0.00151724664
太原,南阳,0.00151724664
连云港,南阳,0.00151724664
青岛,南阳,0.00151724664
宿迁,南阳,0.00151724664
九江,南阳,0.00151724664
长沙,南阳,0.00140887188
滨州,南阳,0.00140887188
娄底,南阳,0.00140887188
宝鸡,南阳,0.00140887188
嘉兴,南阳,0.00140887188
广元,南阳,0.00140887188
南昌,南阳,0.00140887188
定西,南阳,0.0013004971199999
六安,南阳,0.0013004971199999
邢台,南阳,0.0013004971199999
陇南,南阳,0.0013004971199999
温州,南阳,0.0013004971199999
永州,南阳,0.00119212236
延安,南阳,0.00119212236
佛山,南阳,0.00119212236
中山,南阳,0.00119212236
上饶,南阳,0.00119212236
南通,南阳,0.00119212236
潍坊,南阳,0.00119212236
湖州,南阳,0.00119212236
滁州,南阳,0.0010837476
周口,商丘,0.20406869136
郑州,商丘,0.1242645948
菏泽,商丘,0.1049067936
开封,商丘,0.09603967176
亳州,商丘,0.09079433208
宿州,商丘,0.08692277184
淮北,商丘,0.03534359832
驻马店,商丘,0.03347026272
洛阳,商丘,0.02635158744
新乡,商丘,0.021855582
南阳,商丘,0.02098135872
徐州,商丘,0.02098135872
阜阳,商丘,0.01960757928
许昌,商丘,0.01673513136
焦作,商丘,0.0162355752
信阳,商丘,0.01548624096
平顶山,商丘,0.01523646288
上海,商丘,0.01273868208
苏州,商丘,0.01211423688
安阳,商丘,0.01099023552
濮阳,商丘,0.00974134512
漯河,商丘,0.00924178896
三门峡,商丘,0.00724356432
济宁,商丘,0.00711867528
杭州,商丘,0.00674400816
西安,商丘,0.00636934104
北京,商丘,0.00599467392
宁波,商丘,0.00524533968
蚌埠,商丘,0.0049955616
临沂,商丘,0.0049955616
运城,商丘,0.00474578352
无锡,商丘,0.00399644928
南京,商丘,0.00387156024
金华,商丘,0.0037466712
邯郸,商丘,0.00362178216
鹤壁,商丘,0.00349689312
重庆,商丘,0.00337200408
天津,商丘,0.00337200408
合肥,商丘,0.00324711504
南通,商丘,0.003122226
聊城,商丘,0.00299733696
临汾,商丘,0.00299733696
武汉,商丘,0.00299733696
宿迁,商丘,0.00287244792
枣庄,商丘,0.00287244792
连云港,商丘,0.00262266984
青岛,商丘,0.0024977808
济南,商丘,0.0024977808
深圳,商丘,0.0024977808
滁州,商丘,0.0024977808
嘉兴,商丘,0.00237289176
常州,商丘,0.00237289176
淮南,商丘,0.00212311368
襄阳,商丘,0.00199822464
黄冈,商丘,0.0018733356
盐城,商丘,0.0018733356
六安,商丘,0.0018733356
渭南,商丘,0.00174844656
长治,商丘,0.00174844656
台州,商丘,0.00174844656
安庆,商丘,0.00174844656
淮安,商丘,0.00174844656
潍坊,商丘,0.00174844656
上饶,商丘,0.00162355752
晋城,商丘,0.00162355752
温州,商丘,0.00162355752
福州,商丘,0.00149866848
泰安,商丘,0.00149866848
石家庄,商丘,0.00149866848
济源,商丘,0.00149866848
咸阳,商丘,0.00149866848
乌鲁木齐,商丘,0.00149866848
安康,商丘,0.00149866848
舟山,商丘,0.00149866848
保定,商丘,0.00137377944
德州,商丘,0.00137377944
天水,商丘,0.0012488904
廊坊,商丘,0.0012488904
邢台,商丘,0.00112400136
绍兴,商丘,0.00112400136
沧州,商丘,0.00112400136
烟台,商丘,0.00112400136
广州,商丘,0.00112400136
成都,商丘,0.00112400136
岳阳,商丘,0.00112400136
扬州,商丘,0.00099911232
孝感,商丘,0.00099911232
庆阳,商丘,0.00099911232
九江,商丘,0.00099911232
达州,商丘,0.00099911232
长沙,商丘,0.00099911232
威海,商丘,0.00099911232
荆州,商丘,0.00087422328
陇南,商丘,0.00087422328
三亚,商丘,0.00087422328
泰州,商丘,0.00087422328
镇江,商丘,0.00087422328
宜春,商丘,0.00087422328
汉中,商丘,0.00074933424
南昌,商丘,0.00074933424
驻马店,信阳,0.20471508432
阜阳,信阳,0.07467470352
郑州,信阳,0.06777862272
六安,信阳,0.06423206688
南阳,信阳,0.05181912144
周口,信阳,0.03388931136
随州,信阳,0.02374222104
武汉,信阳,0.022165974
杭州,信阳,0.0201956651999999
商丘,信阳,0.01930902624
黄冈,信阳,0.01901347992
孝感,信阳,0.0189149644799999
上海,信阳,0.01852090272
苏州,信阳,0.01487583144
漯河,信阳,0.01310255352
洛阳,信阳,0.01270849176
开封,信阳,0.01142779104
北京,信阳,0.0113292755999999
许昌,信阳,0.01123076016
平顶山,信阳,0.01024560576
新乡,信阳,0.00926045136
合肥,信阳,0.0069945962399999
安阳,信阳,0.00650201904
焦作,信阳,0.0060094418399999
亳州,信阳,0.0060094418399999
无锡,信阳,0.00561538008
襄阳,信阳,0.00512280288
东莞,信阳,0.00482725656
嘉兴,信阳,0.0047287411199999
深圳,信阳,0.0047287411199999
濮阳,信阳,0.0047287411199999
广州,信阳,0.00463022568
重庆,信阳,0.00463022568
南京,信阳,0.0044331948
菏泽,信阳,0.00413764848
西安,信阳,0.00384210216
湖州,信阳,0.00325100952
绵阳,信阳,0.00325100952
宿州,信阳,0.00315249408
惠州,信阳,0.0029554632
安庆,信阳,0.00285694776
徐州,信阳,0.00275843232
巴中,信阳,0.00265991688
宁波,信阳,0.00265991688
汉中,信阳,0.00256140144
九江,信阳,0.002462886
十堰,信阳,0.002462886
广元,信阳,0.002462886
长沙,信阳,0.002462886
温州,信阳,0.00226585512
绍兴,信阳,0.00226585512
安康,信阳,0.00216733968
达州,信阳,0.00216733968
宜昌,信阳,0.00216733968
常州,信阳,0.00216733968
天津,信阳,0.00216733968
三门峡,信阳,0.00206882424
鹤壁,信阳,0.00206882424
上饶,信阳,0.0019703088
荆州,信阳,0.0019703088
淮南,信阳,0.0019703088
南充,信阳,0.00177327792
黄石,信阳,0.00167476248
佛山,信阳,0.00167476248
保定,信阳,0.00157624704
衡阳,信阳,0.0014777316
陇南,信阳,0.0014777316
宿迁,信阳,0.0014777316
金华,信阳,0.0014777316
邯郸,信阳,0.0014777316
聊城,信阳,0.0014777316
咸阳,信阳,0.00137921616
桂林,信阳,0.00137921616
蚌埠,信阳,0.00137921616
廊坊,信阳,0.00137921616
芜湖,信阳,0.00128070072
恩施土家族苗族自治州,信阳,0.00128070072
常德,信阳,0.00128070072
邵阳,信阳,0.00128070072
咸宁,信阳,0.0011821852799999
南昌,信阳,0.0011821852799999
福州,信阳,0.0011821852799999
珠海,信阳,0.0011821852799999
成都,信阳,0.0011821852799999
台州,信阳,0.0011821852799999
临沂,信阳,0.0011821852799999
滁州,信阳,0.0011821852799999
南通,信阳,0.0011821852799999
运城,信阳,0.0011821852799999
宜春,信阳,0.0011821852799999
石家庄,信阳,0.00108366984
宝鸡,信阳,0.00108366984
枣庄,信阳,0.00108366984
荆门,信阳,0.00108366984
岳阳,信阳,0.00108366984
天水,信阳,0.00108366984
厦门,信阳,0.00108366984
庆阳,信阳,0.00108366984
济宁,信阳,0.00108366984
赣州,信阳,0.00108366984
郑州,周口,0.2087496684
商丘,周口,0.1827666828
驻马店,周口,0.1548644994
阜阳,周口,0.1434969432
漯河,周口,0.0865115316
开封,周口,0.0716008409999999
许昌,周口,0.0714532104
亳州,周口,0.0609714378
洛阳,周口,0.0360218664
南阳,周口,0.0323311013999999
信阳,周口,0.0289355975999999
平顶山,周口,0.0267211386
新乡,周口,0.0222922205999999
上海,周口,0.0165346272
安阳,周口,0.01476306
北京,周口,0.0134343846
焦作,周口,0.0129914928
菏泽,周口,0.0100388808
杭州,周口,0.0091530972
濮阳,周口,0.008857836
苏州,周口,0.0072338993999999
三门峡,周口,0.0064957464
天津,周口,0.0063481157999999
西安,周口,0.005905224
宿州,周口,0.0054623321999999
徐州,周口,0.0047241792
宁波,周口,0.0047241792
金华,周口,0.0042812873999999
南京,周口,0.0041336568
武汉,周口,0.0041336568
深圳,周口,0.0038383956
无锡,周口,0.0038383956
济宁,周口,0.0038383956
鹤壁,周口,0.003690765
重庆,周口,0.0035431344
合肥,周口,0.0035431344
广州,周口,0.0033955038
临沂,周口,0.0032478732
保定,周口,0.002952612
宿迁,周口,0.002952612
邯郸,周口,0.002952612
襄阳,周口,0.0028049814
嘉兴,周口,0.0026573507999999
石家庄,周口,0.0026573507999999
六安,周口,0.0026573507999999
廊坊,周口,0.0025097202
蚌埠,周口,0.0025097202
温州,周口,0.0025097202
聊城,周口,0.0023620896
滁州,周口,0.002214459
东莞,周口,0.002214459
威海,周口,0.0020668284
运城,周口,0.0020668284
黄冈,周口,0.0020668284
常州,周口,0.0020668284
淮北,周口,0.0020668284
青岛,周口,0.0019191978
渭南,周口,0.0019191978
厦门,周口,0.0019191978
南通,周口,0.0017715672
孝感,周口,0.0017715672
晋城,周口,0.0017715672
乌鲁木齐,周口,0.0016239366
安庆,周口,0.0016239366
太原,周口,0.0016239366
淮安,周口,0.0016239366
盐城,周口,0.001476306
长沙,周口,0.001476306
济源,周口,0.001476306
绍兴,周口,0.001476306
岳阳,周口,0.001476306
潍坊,周口,0.001476306
九江,周口,0.001476306
连云港,周口,0.0013286753999999
台州,周口,0.0013286753999999
济南,周口,0.0013286753999999
德州,周口,0.0013286753999999
泰州,周口,0.0013286753999999
枣庄,周口,0.0013286753999999
临汾,周口,0.0013286753999999
赣州,周口,0.0013286753999999
淄博,周口,0.0013286753999999
淮南,周口,0.0011810448
安康,周口,0.0011810448
荆州,周口,0.0011810448
十堰,周口,0.0011810448
宝鸡,周口,0.0011810448
长治,周口,0.0011810448
随州,周口,0.0011810448
吉安,周口,0.0011810448
邢台,周口,0.0010334142
黄山,周口,0.0010334142
咸阳,周口,0.0010334142
衡阳,周口,0.0010334142
上饶,周口,0.0010334142
泉州,周口,0.0010334142
马鞍山,周口,0.0010334142
邵阳,周口,0.0010334142
抚州,周口,0.0010334142
沧州,周口,0.0010334142
信阳,驻马店,0.15719517396
周口,驻马店,0.14246835336
郑州,驻马店,0.11410558776
南阳,驻马店,0.10505132028
漯河,驻马店,0.08530647192
阜阳,驻马店,0.0785430432
平顶山,驻马店,0.03719885796
商丘,驻马店,0.0321808301999999
许昌,驻马店,0.02138116176
洛阳,驻马店,0.02039937372
开封,驻马店,0.01778127228
新乡,驻马店,0.01330868232
安阳,驻马店,0.0107996684399999
北京,驻马店,0.0095997052799999
焦作,驻马店,0.00949061772
上海,驻马店,0.00829065456
武汉,驻马店,0.0070906914
濮阳,驻马店,0.00610890336
深圳,驻马店,0.00523620288
广州,驻马店,0.0049089402
西安,驻马店,0.00458167752
菏泽,驻马店,0.0043635024
孝感,驻马店,0.00414532728
重庆,驻马店,0.00403623972
三门峡,驻马店,0.00403623972
苏州,驻马店,0.00403623972
杭州,驻马店,0.00392715216
襄阳,驻马店,0.00392715216
东莞,驻马店,0.0038180645999999
亳州,驻马店,0.00370897704
天津,驻马店,0.00359988948
鹤壁,驻马店,0.0032726267999999
石家庄,驻马店,0.00305445168
随州,驻马店,0.00294536412
邯郸,驻马店,0.00250901388
宿州,驻马店,0.00250901388
合肥,驻马店,0.00229083876
济宁,驻马店,0.00229083876
保定,驻马店,0.00229083876
黄冈,驻马店,0.00229083876
宁波,驻马店,0.00196357608
南京,驻马店,0.00196357608
临沂,驻马店,0.00196357608
长沙,驻马店,0.00185448852
十堰,驻马店,0.00174540096
宜昌,驻马店,0.00174540096
南通,驻马店,0.00174540096
聊城,驻马店,0.00174540096
温州,驻马店,0.0016363133999999
徐州,驻马店,0.0016363133999999
六安,驻马店,0.0016363133999999
安康,驻马店,0.0016363133999999
荆州,驻马店,0.00152722584
佛山,驻马店,0.00152722584
达州,驻马店,0.00152722584
金华,驻马店,0.00152722584
蚌埠,驻马店,0.00152722584
运城,驻马店,0.00141813828
济源,驻马店,0.00130905072
惠州,驻马店,0.00130905072
永州,驻马店,0.00130905072
邵阳,驻马店,0.00130905072
岳阳,驻马店,0.00130905072
南昌,驻马店,0.00130905072
上饶,驻马店,0.00130905072
衡阳,驻马店,0.00130905072
淮南,驻马店,0.0011999631599999
无锡,驻马店,0.0011999631599999
成都,驻马店,0.0011999631599999
汉中,驻马店,0.0011999631599999
太原,驻马店,0.0011999631599999
南充,驻马店,0.0011999631599999
连云港,驻马店,0.0010908756
乌鲁木齐,驻马店,0.0010908756
台州,驻马店,0.0010908756
广元,驻马店,0.0010908756
德州,驻马店,0.0010908756
黄石,驻马店,0.0010908756
常州,驻马店,0.0010908756
廊坊,驻马店,0.0010908756
宜春,驻马店,0.0010908756
邢台,驻马店,0.0010908756
青岛,驻马店,0.00098178804
咸阳,驻马店,0.00098178804
嘉兴,驻马店,0.00098178804
济南,驻马店,0.00098178804
宿迁,驻马店,0.00098178804
淮安,驻马店,0.00098178804
厦门,驻马店,0.00087270048
临汾,驻马店,0.00087270048
咸宁,驻马店,0.00087270048
湖州,驻马店,0.00087270048
九江,驻马店,0.00087270048
泉州,驻马店,0.00087270048
中山,驻马店,0.00087270048
怀化,驻马店,0.00087270048
滁州,驻马店,0.00087270048
荆门,驻马店,0.00087270048
常德,驻马店,0.00087270048
安庆,驻马店,0.00087270048
焦作,济源,0.07807472388
洛阳,济源,0.04192365276
郑州,济源,0.01631478672
运城,济源,0.00938323116
新乡,济源,0.00931636728
晋城,济源,0.00465818364
商丘,济源,0.0045244558799999
周口,济源,0.003900393
开封,济源,0.00372208932
平顶山,济源,0.00338776992
南阳,济源,0.00332090604
驻马店,济源,0.00325404216
三门峡,济源,0.00294201072
许昌,济源,0.00254082744
安阳,济源,0.00251853948
濮阳,济源,0.00242938764
信阳,济源,0.00216193212
漯河,济源,0.00209506824
临汾,济源,0.00147100536
菏泽,济源,0.00138185352
邯郸,济源,0.00131498964
阜阳,济源,0.001114398
鹤壁,济源,0.00095838228
长治,济源,0.00093609432
徐州,济源,0.00080236656
西安,济源,0.00075779064
渭南,济源,0.00053491104
宿州,济源,0.00053491104
自贡,济源,0.00051262308
济宁,济源,0.00046804716
亳州,济源,0.00046804716
六安,济源,0.0004457592
上海,济源,0.0004457592
临沂,济源,0.00040118328
襄阳,济源,0.00040118328
汉中,济源,0.0003343194
泰安,济源,0.00031203144
邢台,济源,0.00028974348
北京,济源,0.00028974348
朔州,济源,0.00028974348
宁波,济源,0.00024516756
聊城,济源,0.00024516756
苏州,济源,0.00024516756
威海,济源,0.00024516756
株洲,济源,0.0002228796
太原,济源,0.0002228796
深圳,济源,0.0002228796
南京,济源,0.0002228796
十堰,济源,0.0002228796
榆林,济源,0.0002228796
黄冈,济源,0.00017830368
陇南,济源,0.00017830368
保定,济源,0.00017830368
咸阳,济源,0.00017830368
杭州,济源,0.00017830368
武汉,济源,0.00015601572
荆州,济源,0.00015601572
重庆,济源,0.00015601572
芜湖,济源,0.00015601572
常德,济源,0.00015601572
温州,济源,0.00015601572
马鞍山,济源,0.00015601572
石家庄,济源,0.00015601572
益阳,济源,0.00015601572
无锡,济源,0.00015601572
泸州,济源,0.00015601572
潍坊,济源,0.00015601572
衡阳,济源,0.00015601572
郴州,济源,0.0001114398
天水,济源,0.0001114398
湖州,济源,0.0001114398
晋中,济源,0.0001114398
桂林,济源,0.0001114398
内江,济源,0.0001114398
大同,济源,0.0001114398
张家界,济源,0.0001114398
宝鸡,济源,8.915184000000002e-05
济南,济源,8.915184000000002e-05
葫芦岛,济源,8.915184000000002e-05
商洛,济源,8.915184000000002e-05
盐城,济源,8.915184000000002e-05
银川,济源,8.915184000000002e-05
黔西南布依族苗族自治州,济源,8.915184000000002e-05
德州,济源,8.915184000000002e-05
随州,济源,8.915184000000002e-05
延安,济源,8.915184000000002e-05
宜春,济源,8.915184000000002e-05
兰州,济源,8.915184000000002e-05
永州,济源,8.915184000000002e-05
天津,济源,8.915184000000002e-05
合肥,济源,8.915184000000002e-05
宜昌,济源,8.915184000000002e-05
锦州,济源,8.915184000000002e-05
淮安,济源,8.915184000000002e-05
绵阳,济源,8.915184000000002e-05
吉安,济源,8.915184000000002e-05
连云港,济源,4.457592000000001e-05
荆门,济源,4.457592000000001e-05
咸宁,济源,4.457592000000001e-05
阳泉,济源,4.457592000000001e-05
孝感,武汉,1.48362834816
黄冈,武汉,1.378130112
荆州,武汉,0.8306798054400001
襄阳,武汉,0.48282075648
咸宁,武汉,0.48187032192
荆门,武汉,0.4467042432
黄石,武汉,0.41438946816
随州,武汉,0.37352078208
宜昌,武汉,0.37352078208
鄂州,武汉,0.33455296512
仙桃,武汉,0.33075122688
天门,武汉,0.25756776576
十堰,武汉,0.23095559808
恩施土家族苗族自治州,武汉,0.2090956032
潜江,武汉,0.14541648768
信阳,武汉,0.13211040384
重庆,武汉,0.06748085376
南阳,武汉,0.05987737728
驻马店,武汉,0.05797650816
长沙,武汉,0.04181912064
岳阳,武汉,0.04181912064
九江,武汉,0.04086868608
周口,武汉,0.03896781696
商丘,武汉,0.03516607872
安庆,武汉,0.03041390592
常德,武汉,0.0285130368
南昌,武汉,0.02756260224
深圳,武汉,0.02756260224
阜阳,武汉,0.023760864
郑州,武汉,0.02090956032
衡阳,武汉,0.01995912576
上海,武汉,0.0190086912
宜春,武汉,0.0190086912
邵阳,武汉,0.01805825664
广州,武汉,0.01805825664
益阳,武汉,0.01710782208
漯河,武汉,0.01710782208
娄底,武汉,0.01710782208
北京,武汉,0.01615738752
合肥,武汉,0.0142565184
上饶,武汉,0.01330608384
新乡,武汉,0.01235564928
西安,武汉,0.01235564928
赣州,武汉,0.01235564928
菏泽,武汉,0.01235564928
洛阳,武汉,0.01140521472
平顶山,武汉,0.01140521472
成都,武汉,0.01140521472
六安,武汉,0.01140521472
吉安,武汉,0.01140521472
抚州,武汉,0.01140521472
安阳,武汉,0.01140521472
许昌,武汉,0.01045478016
株洲,武汉,0.01045478016
开封,武汉,0.01045478016
温州,武汉,0.01045478016
永州,武汉,0.0095043456
徐州,武汉,0.0095043456
南京,武汉,0.00855391104
杭州,武汉,0.00855391104
神农架林区,武汉,0.00855391104
亳州,武汉,0.00855391104
泉州,武汉,0.00855391104
湘潭,武汉,0.00855391104
三亚,武汉,0.00760347648
达州,武汉,0.00760347648
福州,武汉,0.00760347648
苏州,武汉,0.00760347648
台州,武汉,0.00760347648
张家界,武汉,0.00665304192
东莞,武汉,0.00665304192
安康,武汉,0.00665304192
宿州,武汉,0.00665304192
郴州,武汉,0.00665304192
邯郸,武汉,0.00665304192
怀化,武汉,0.00665304192
芜湖,武汉,0.00665304192
南通,武汉,0.00665304192
焦作,武汉,0.00665304192
天津,武汉,0.00665304192
濮阳,武汉,0.00665304192
运城,武汉,0.00570260736
南充,武汉,0.00570260736
桂林,武汉,0.00570260736
惠州,武汉,0.00570260736
连云港,武汉,0.00570260736
滁州,武汉,0.00570260736
保定,武汉,0.0047521728
临沂,武汉,0.0047521728
沧州,武汉,0.0047521728
湘西土家族苗族自治州,武汉,0.0047521728
萍乡,武汉,0.0047521728
淮南,武汉,0.0047521728
济宁,武汉,0.0047521728
昆明,武汉,0.0047521728
佛山,武汉,0.0047521728
咸阳,武汉,0.0047521728
蚌埠,武汉,0.0047521728
景德镇,武汉,0.0047521728
汉中,武汉,0.0047521728
鄂州,黄石,0.178136415
黄冈,黄石,0.13964805
武汉,黄石,0.094551948
咸宁,黄石,0.043938045
九江,黄石,0.031199418
孝感,黄石,0.01634904
荆州,黄石,0.0121936589999999
襄阳,黄石,0.009468819
宜昌,黄石,0.0076976729999999
荆门,黄石,0.006403374
恩施土家族苗族自治州,黄石,0.00613089
随州,黄石,0.0047684699999999
重庆,黄石,0.004359744
信阳,黄石,0.003746655
十堰,黄石,0.003610413
仙桃,黄石,0.003337929
上饶,黄石,0.002861082
周口,黄石,0.002861082
深圳,黄石,0.002792961
驻马店,黄石,0.002656719
天门,黄石,0.002656719
温州,黄石,0.0025204769999999
长沙,黄石,0.0025204769999999
上海,黄石,0.002316114
安庆,黄石,0.002247993
南阳,黄石,0.002111751
岳阳,黄石,0.00204363
株洲,黄石,0.00204363
宜春,黄石,0.001839267
南昌,黄石,0.001839267
阜阳,黄石,0.001839267
邵阳,黄石,0.001771146
广州,黄石,0.001703025
潜江,黄石,0.001566783
杭州,黄石,0.001498662
常德,黄石,0.001498662
合肥,黄石,0.001498662
商丘,黄石,0.00136242
吉安,黄石,0.0012942989999999
益阳,黄石,0.0012942989999999
邯郸,黄石,0.0012942989999999
赣州,黄石,0.0012942989999999
湘西土家族苗族自治州,黄石,0.001226178
抚州,黄石,0.001158057
福州,黄石,0.001158057
许昌,黄石,0.001021815
苏州,黄石,0.001021815
达州,黄石,0.001021815
郑州,黄石,0.001021815
娄底,黄石,0.000953694
张家界,黄石,0.000953694
南充,黄石,0.000953694
东莞,黄石,0.000953694
六安,黄石,0.000885573
惠州,黄石,0.0008174519999999
南京,黄石,0.0008174519999999
宿州,黄石,0.0008174519999999
亳州,黄石,0.0008174519999999
衡阳,黄石,0.000749331
怀化,黄石,0.000749331
平顶山,黄石,0.000749331
毕节,黄石,0.00068121
金华,黄石,0.00068121
永州,黄石,0.00068121
淮南,黄石,0.00068121
芜湖,黄石,0.00068121
北京,黄石,0.00068121
安康,黄石,0.000613089
洛阳,黄石,0.000613089
焦作,黄石,0.000613089
泰安,黄石,0.000613089
无锡,黄石,0.000613089
郴州,黄石,0.000613089
黄山,黄石,0.000544968
菏泽,黄石,0.000544968
聊城,黄石,0.000544968
铜仁,黄石,0.000544968
景德镇,黄石,0.000544968
铜陵,黄石,0.000544968
莆田,黄石,0.000544968
新余,黄石,0.000544968
新乡,黄石,0.000544968
巴中,黄石,0.000476847
南通,黄石,0.000476847
池州,黄石,0.000476847
桂林,黄石,0.000476847
泉州,黄石,0.000476847
沧州,黄石,0.000476847
佛山,黄石,0.000476847
衢州,黄石,0.000476847
湘潭,黄石,0.000476847
开封,黄石,0.000476847
西安,黄石,0.000476847
长治,黄石,0.0004087259999999
台州,黄石,0.0004087259999999
临沂,黄石,0.0004087259999999
常州,黄石,0.0004087259999999
安阳,黄石,0.0004087259999999
嘉兴,黄石,0.0004087259999999
厦门,黄石,0.0004087259999999
襄阳,十堰,0.12543890688
安康,十堰,0.05139370944
南阳,十堰,0.04852452096
武汉,十堰,0.03795382656
孝感,十堰,0.01369156608
荆门,十堰,0.01263449664
黄冈,十堰,0.0117284371199999
商洛,十堰,0.01112439744
随州,十堰,0.01016800128
西安,十堰,0.0095639616
荆州,十堰,0.00916126848
重庆,十堰,0.00840621888
宜昌,十堰,0.00765116928
神农架林区,十堰,0.00588938688
天门,十堰,0.00463097088
仙桃,十堰,0.00407726784
潜江,十堰,0.00362423808
恩施土家族苗族自治州,十堰,0.0035739014399999
周口,十堰,0.00281885184
达州,十堰,0.00271817856
咸宁,十堰,0.00271817856
黄石,十堰,0.002516832
汉中,十堰,0.0023658220799999
许昌,十堰,0.00221481216
郑州,十堰,0.00221481216
巴中,十堰,0.00221481216
南充,十堰,0.00216447552
深圳,十堰,0.00211413888
信阳,十堰,0.00206380224
商丘,十堰,0.0020134656
驻马店,十堰,0.00196312896
咸阳,十堰,0.00171144576
广州,十堰,0.00161077248
绵阳,十堰,0.0015604358399999
成都,十堰,0.00145976256
鄂州,十堰,0.00145976256
北京,十堰,0.00140942592
上海,十堰,0.00140942592
邵阳,十堰,0.0013087526399999
平顶山,十堰,0.001258416
洛阳,十堰,0.001258416
杭州,十堰,0.00120807936
新乡,十堰,0.00115774272
长沙,十堰,0.00115774272
昭通,十堰,0.00115774272
扬州,十堰,0.00115774272
衡阳,十堰,0.00115774272
东莞,十堰,0.00110740608
常德,十堰,0.00105706944
苏州,十堰,0.00105706944
广安,十堰,0.00105706944
天水,十堰,0.0010067328
铜川,十堰,0.0010067328
运城,十堰,0.0010067328
广元,十堰,0.00095639616
三门峡,十堰,0.00095639616
遂宁,十堰,0.00095639616
安阳,十堰,0.00095639616
南昌,十堰,0.00090605952
宝鸡,十堰,0.00090605952
岳阳,十堰,0.00085572288
渭南,十堰,0.00085572288
陇南,十堰,0.00085572288
盐城,十堰,0.00085572288
温州,十堰,0.00085572288
阜阳,十堰,0.00085572288
资阳,十堰,0.00080538624
南通,十堰,0.00080538624
徐州,十堰,0.00080538624
开封,十堰,0.00080538624
宜宾,十堰,0.00080538624
庆阳,十堰,0.00080538624
漯河,十堰,0.00080538624
焦作,十堰,0.0007550496
菏泽,十堰,0.0007550496
九江,十堰,0.00070471296
无锡,十堰,0.00070471296
宁波,十堰,0.00070471296
抚州,十堰,0.00070471296
吉安,十堰,0.00070471296
安庆,十堰,0.0006543763199999
泸州,十堰,0.00060403968
台州,十堰,0.00060403968
泰州,十堰,0.00060403968
益阳,十堰,0.00060403968
亳州,十堰,0.00060403968
赣州,十堰,0.00060403968
临沂,十堰,0.00060403968
内江,十堰,0.00060403968
德阳,十堰,0.00055370304
上饶,十堰,0.00055370304
衡水,十堰,0.00055370304
惠州,十堰,0.00055370304
聊城,十堰,0.00055370304
南京,十堰,0.0005033664
常州,十堰,0.0005033664
天津,十堰,0.0005033664
珠海,十堰,0.0005033664
毕节,十堰,0.0005033664
邯郸,十堰,0.0005033664
荆州,宜昌,0.16668148896
恩施土家族苗族自治州,宜昌,0.12425954688
重庆,宜昌,0.0701465184
武汉,宜昌,0.06045961824
荆门,宜昌,0.05569967592
襄阳,宜昌,0.05160779568
孝感,宜昌,0.0253028512799999
黄冈,宜昌,0.01903976928
天门,宜昌,0.0124426562399999
仙桃,宜昌,0.0119416096799999
神农架林区,宜昌,0.0117745941599999
十堰,宜昌,0.0116075786399999
潜江,宜昌,0.01060548552
常德,宜昌,0.00901883808
随州,宜昌,0.00784972944
南阳,宜昌,0.0068476363199999
咸宁,宜昌,0.00634658976
黄石,宜昌,0.0058455432
深圳,宜昌,0.00526098888
达州,宜昌,0.00484345008
岳阳,宜昌,0.00367434144
长沙,宜昌,0.0035908336799999
南充,宜昌,0.0033403104
广州,宜昌,0.00325680264
驻马店,宜昌,0.00308978712
成都,宜昌,0.00308978712
鄂州,宜昌,0.00308978712
信阳,宜昌,0.0029227716
上海,宜昌,0.00258874056
商丘,宜昌,0.00242172504
邵阳,宜昌,0.00225470952
郑州,宜昌,0.00217120176
周口,宜昌,0.002087694
益阳,宜昌,0.0020041862399999
铜仁,宜昌,0.00192067848
温州,宜昌,0.00183717072
衡阳,宜昌,0.00183717072
西安,宜昌,0.0017536629599999
广安,宜昌,0.0017536629599999
张家界,宜昌,0.0017536629599999
宜宾,宜昌,0.0016701552
九江,宜昌,0.0016701552
遂宁,宜昌,0.00158664744
绵阳,宜昌,0.00150313968
内江,宜昌,0.00150313968
杭州,宜昌,0.00150313968
湘西土家族苗族自治州,宜昌,0.00150313968
安康,宜昌,0.00150313968
东莞,宜昌,0.00141963192
泸州,宜昌,0.00141963192
安庆,宜昌,0.00141963192
巴中,宜昌,0.00141963192
南京,宜昌,0.00141963192
洛阳,宜昌,0.00133612416
昭通,宜昌,0.00133612416
资阳,宜昌,0.00133612416
遵义,宜昌,0.00133612416
北京,宜昌,0.0012526163999999
合肥,宜昌,0.0012526163999999
南昌,宜昌,0.0012526163999999
扬州,宜昌,0.00116910864
徐州,宜昌,0.00116910864
上饶,宜昌,0.00116910864
汉中,宜昌,0.00116910864
福州,宜昌,0.00116910864
六安,宜昌,0.00108560088
怀化,宜昌,0.00108560088
自贡,宜昌,0.0010020931199999
宁波,宜昌,0.0010020931199999
平顶山,宜昌,0.0010020931199999
广元,宜昌,0.00091858536
台州,宜昌,0.00091858536
亳州,宜昌,0.00091858536
许昌,宜昌,0.0008350776
永州,宜昌,0.0008350776
毕节,宜昌,0.0008350776
株洲,宜昌,0.0008350776
苏州,宜昌,0.0008350776
阜阳,宜昌,0.0008350776
泉州,宜昌,0.0008350776
湘潭,宜昌,0.0008350776
宿州,宜昌,0.00075156984
漯河,宜昌,0.00075156984
赣州,宜昌,0.00075156984
南通,宜昌,0.00066806208
菏泽,宜昌,0.00066806208
乐山,宜昌,0.00066806208
三亚,宜昌,0.00066806208
滁州,宜昌,0.00066806208
安阳,宜昌,0.00066806208
盐城,宜昌,0.00066806208
新乡,宜昌,0.00066806208
德阳,宜昌,0.00066806208
济宁,宜昌,0.00058455432
中山,宜昌,0.00058455432
惠州,宜昌,0.00058455432
桂林,宜昌,0.00058455432
眉山,宜昌,0.00058455432
临沂,宜昌,0.00058455432
贵阳,宜昌,0.00058455432
十堰,襄阳,0.1322409564
南阳,襄阳,0.11523854772
随州,襄阳,0.06915955608
武汉,襄阳,0.0680917719599999
荆门,襄阳,0.05930308728
宜昌,襄阳,0.03811167936
孝感,襄阳,0.02702315196
荆州,襄阳,0.02250560376
黄冈,襄阳,0.01577035008
恩施土家族苗族自治州,襄阳,0.01018501776
重庆,襄阳,0.00911723364
安康,襄阳,0.00763876332
天门,襄阳,0.00673525368
黄石,襄阳,0.0059960185199999
驻马店,襄阳,0.0057496068
咸宁,襄阳,0.0057496068
仙桃,襄阳,0.0056674695599999
深圳,襄阳,0.00484609716
信阳,襄阳,0.00443541096
西安,襄阳,0.00443541096
广州,襄阳,0.00435327372
神农架林区,襄阳,0.004106862
洛阳,襄阳,0.004106862
达州,襄阳,0.00394258752
潜江,襄阳,0.00386045028
上海,襄阳,0.0036961758
鄂州,襄阳,0.00361403856
平顶山,襄阳,0.00361403856
郑州,襄阳,0.00353190132
周口,襄阳,0.00353190132
商丘,襄阳,0.00344976408
长沙,襄阳,0.00336762684
南充,襄阳,0.0028748034
常德,襄阳,0.0028748034
阜阳,襄阳,0.00279266616
汉中,襄阳,0.00279266616
衡阳,襄阳,0.00271052892
岳阳,襄阳,0.00271052892
绵阳,襄阳,0.00262839168
邵阳,襄阳,0.00254625444
许昌,襄阳,0.00254625444
东莞,襄阳,0.00254625444
北京,襄阳,0.0024641172
漯河,襄阳,0.00229984272
杭州,襄阳,0.00229984272
新乡,襄阳,0.00229984272
成都,襄阳,0.00213556824
福州,襄阳,0.00188915652
开封,襄阳,0.00188915652
广元,襄阳,0.00188915652
安阳,襄阳,0.00180701928
泉州,襄阳,0.00172488204
吉安,襄阳,0.00172488204
菏泽,襄阳,0.00172488204
苏州,襄阳,0.0016427448
九江,襄阳,0.0016427448
张家界,襄阳,0.00156060756
怀化,襄阳,0.00147847032
巴中,襄阳,0.00147847032
焦作,襄阳,0.00147847032
惠州,襄阳,0.00147847032
广安,襄阳,0.00147847032
温州,襄阳,0.00139633308
南昌,襄阳,0.00131419584
宁波,襄阳,0.00131419584
益阳,襄阳,0.00131419584
三门峡,襄阳,0.00131419584
安庆,襄阳,0.0012320586
邯郸,襄阳,0.0012320586
南京,襄阳,0.00114992136
运城,襄阳,0.00114992136
赣州,襄阳,0.00114992136
德阳,襄阳,0.00114992136
天津,襄阳,0.00114992136
合肥,襄阳,0.00114992136
亳州,襄阳,0.00106778412
娄底,襄阳,0.00106778412
陇南,襄阳,0.00106778412
济宁,襄阳,0.00106778412
厦门,襄阳,0.00106778412
郴州,襄阳,0.00106778412
临沂,襄阳,0.00106778412
宜春,襄阳,0.00098564688
永州,襄阳,0.00098564688
渭南,襄阳,0.00098564688
六安,襄阳,0.00090350964
南宁,襄阳,0.00090350964
遵义,襄阳,0.00090350964
中山,襄阳,0.00090350964
商洛,襄阳,0.00090350964
铜仁,襄阳,0.00090350964
遂宁,襄阳,0.00090350964
佛山,襄阳,0.00090350964
宝鸡,襄阳,0.00090350964
台州,襄阳,0.00090350964
徐州,襄阳,0.0008213724
保定,襄阳,0.0008213724
上饶,襄阳,0.0008213724
咸阳,襄阳,0.0008213724
嘉兴,襄阳,0.0008213724
武汉,鄂州,0.15438414672
黄石,鄂州,0.14934875256
黄冈,鄂州,0.06753657528
孝感,鄂州,0.01515809376
荆州,鄂州,0.0119395944
咸宁,鄂州,0.01053798984
襄阳,鄂州,0.00955167552
宜昌,鄂州,0.00768286944
随州,鄂州,0.00654082128
荆门,鄂州,0.0060217084799999
恩施土家族苗族自治州,鄂州,0.00529495056
十堰,鄂州,0.00436054752
仙桃,鄂州,0.00394525728
天门,鄂州,0.0031146768
重庆,鄂州,0.00264747528
信阳,鄂州,0.0023360076
九江,鄂州,0.0018168948
长沙,鄂州,0.0018168948
周口,鄂州,0.00176498352
潜江,鄂州,0.00171307224
南阳,鄂州,0.0015054271199999
深圳,鄂州,0.00140160456
岳阳,鄂州,0.001297782
阜阳,鄂州,0.00119395944
驻马店,鄂州,0.00114204816
商丘,鄂州,0.00109013688
安庆,鄂州,0.00109013688
衡阳,鄂州,0.0010382256
常德,鄂州,0.00083058048
焦作,鄂州,0.0007786692
郑州,鄂州,0.0007786692
上饶,鄂州,0.00072675792
邵阳,鄂州,0.00067484664
株洲,鄂州,0.00067484664
广州,鄂州,0.00067484664
开封,鄂州,0.00067484664
益阳,鄂州,0.00067484664
南昌,鄂州,0.00067484664
赣州,鄂州,0.00062293536
新乡,鄂州,0.00057102408
宜春,鄂州,0.00057102408
成都,鄂州,0.0005191128
杭州,鄂州,0.0005191128
上海,鄂州,0.00046720152
平顶山,鄂州,0.00046720152
菏泽,鄂州,0.00046720152
洛阳,鄂州,0.00046720152
福州,鄂州,0.00046720152
邯郸,鄂州,0.00046720152
六安,鄂州,0.00046720152
南通,鄂州,0.00041529024
黔南布依族苗族自治州,鄂州,0.00041529024
泉州,鄂州,0.00041529024
湘潭,鄂州,0.00041529024
吉安,鄂州,0.00041529024
合肥,鄂州,0.00041529024
金华,鄂州,0.00041529024
郴州,鄂州,0.00041529024
漯河,鄂州,0.00041529024
安康,鄂州,0.00036337896
汉中,鄂州,0.00036337896
佛山,鄂州,0.00036337896
宁波,鄂州,0.00036337896
绵阳,鄂州,0.00031146768
珠海,鄂州,0.00031146768
北京,鄂州,0.00031146768
芜湖,鄂州,0.00031146768
莆田,鄂州,0.00031146768
永州,鄂州,0.00031146768
安顺,鄂州,0.00031146768
亳州,鄂州,0.00031146768
蚌埠,鄂州,0.00031146768
保定,鄂州,0.00031146768
宣城,鄂州,0.00031146768
徐州,鄂州,0.00031146768
泰州,鄂州,0.00031146768
宝鸡,鄂州,0.0002595564
黄山,鄂州,0.0002595564
沧州,鄂州,0.0002595564
临汾,鄂州,0.00020764512
西安,鄂州,0.00020764512
东莞,鄂州,0.00020764512
三门峡,鄂州,0.00020764512
宿州,鄂州,0.00020764512
达州,鄂州,0.00020764512
湘西土家族苗族自治州,鄂州,0.00020764512
安阳,鄂州,0.00020764512
毕节,鄂州,0.00020764512
渭南,鄂州,0.00020764512
湖州,鄂州,0.00020764512
德阳,鄂州,0.00020764512
濮阳,鄂州,0.00020764512
滁州,鄂州,0.00020764512
廊坊,鄂州,0.00020764512
南宁,鄂州,0.00020764512
娄底,鄂州,0.00020764512
常州,鄂州,0.00020764512
台州,鄂州,0.00020764512
济宁,鄂州,0.00020764512
南京,鄂州,0.00020764512
天门,荆门,0.07287846048
荆州,荆门,0.06655917744
襄阳,荆门,0.0631337716799999
武汉,荆门,0.0627203606399999
宜昌,荆门,0.05203073232
孝感,荆门,0.0407505168
潜江,荆门,0.0283481856
恩施土家族苗族自治州,荆门,0.0178357334399999
黄冈,荆门,0.01470562128
随州,荆门,0.01340632944
十堰,荆门,0.0124023312
重庆,荆门,0.0121070375999999
仙桃,荆门,0.00980374752
南阳,荆门,0.0096265713599999
咸宁,荆门,0.0050199912
黄石,荆门,0.00401599296
深圳,荆门,0.00366164064
常德,荆门,0.00307105344
岳阳,荆门,0.0025395249599999
郑州,荆门,0.0025395249599999
鄂州,荆门,0.00248046624
平顶山,荆门,0.00218517264
广州,荆门,0.0020670552
信阳,荆门,0.00200799648
长沙,荆门,0.00159458544
东莞,荆门,0.00153552672
西安,荆门,0.00153552672
金华,荆门,0.00153552672
上海,荆门,0.0014764679999999
周口,荆门,0.0014174092799999
保定,荆门,0.00135835056
南充,荆门,0.00135835056
驻马店,荆门,0.00124023312
衡阳,荆门,0.0011811744
达州,荆门,0.0011811744
邵阳,荆门,0.0011811744
杭州,荆门,0.0011811744
九江,荆门,0.0011811744
益阳,荆门,0.00112211568
永州,荆门,0.00112211568
北京,荆门,0.00106305696
许昌,荆门,0.00100399824
阜阳,荆门,0.00100399824
菏泽,荆门,0.00094493952
张家界,荆门,0.0008858808
合肥,荆门,0.0008858808
洛阳,荆门,0.0008858808
成都,荆门,0.0008858808
神农架林区,荆门,0.00082682208
遵义,荆门,0.00082682208
苏州,荆门,0.00082682208
邯郸,荆门,0.00082682208
安康,荆门,0.00076776336
铜仁,荆门,0.00076776336
汉中,荆门,0.00076776336
商丘,荆门,0.00076776336
临汾,荆门,0.00076776336
新乡,荆门,0.0007087046399999
宜春,荆门,0.0007087046399999
惠州,荆门,0.0007087046399999
吉安,荆门,0.0007087046399999
临沂,荆门,0.00064964592
漯河,荆门,0.00064964592
温州,荆门,0.00064964592
株洲,荆门,0.00064964592
怀化,荆门,0.00064964592
徐州,荆门,0.00064964592
亳州,荆门,0.0005905872
庆阳,荆门,0.0005905872
佛山,荆门,0.0005905872
南京,荆门,0.0005905872
娄底,荆门,0.0005905872
泉州,荆门,0.00053152848
宁波,荆门,0.00053152848
濮阳,荆门,0.00053152848
遂宁,荆门,0.00053152848
安庆,荆门,0.00053152848
广安,荆门,0.00053152848
赣州,荆门,0.00053152848
咸阳,荆门,0.00053152848
上饶,荆门,0.00053152848
济宁,荆门,0.00053152848
桂林,荆门,0.00053152848
鹰潭,荆门,0.00047246976
湘西土家族苗族自治州,荆门,0.00047246976
无锡,荆门,0.00047246976
开封,荆门,0.00047246976
安阳,荆门,0.00047246976
宜宾,荆门,0.00047246976
渭南,荆门,0.00047246976
莆田,荆门,0.00047246976
天水,荆门,0.00047246976
运城,荆门,0.00047246976
郴州,荆门,0.00041341104
焦作,荆门,0.00041341104
宿州,荆门,0.00041341104
台州,荆门,0.00041341104
巴中,荆门,0.00041341104
湘潭,荆门,0.00041341104
鞍山,荆门,0.00041341104
武汉,孝感,0.37789175916
随州,孝感,0.1138385145599999
黄冈,孝感,0.0481007807999999
荆门,孝感,0.04399217244
天门,孝感,0.0370776852
襄阳,孝感,0.03296907684
荆州,孝感,0.03176655732
仙桃,孝感,0.03016319796
宜昌,孝感,0.0270566892
信阳,孝感,0.01693548324
咸宁,孝感,0.01523191392
十堰,孝感,0.0138289744799999
恩施土家族苗族自治州,孝感,0.0135283446
黄石,孝感,0.0115241454
重庆,孝感,0.00891868644
鄂州,孝感,0.007515747
驻马店,孝感,0.0071149071599999
南阳,孝感,0.00661385736
潜江,孝感,0.00641343744
深圳,孝感,0.00511070796
广州,孝感,0.00380797848
常德,孝感,0.0035073485999999
周口,孝感,0.0035073485999999
岳阳,孝感,0.00330692868
长沙,孝感,0.00320671872
阜阳,孝感,0.0029060888399999
东莞,孝感,0.0029060888399999
郑州,孝感,0.00240503904
上海,孝感,0.00230482908
九江,孝感,0.00230482908
衡阳,孝感,0.00220461912
达州,孝感,0.00220461912
商丘,孝感,0.00210440916
北京,孝感,0.00210440916
益阳,孝感,0.0020041992
安庆,孝感,0.0020041992
西安,孝感,0.00180377928
邵阳,孝感,0.00170356932
成都,孝感,0.00160335936
平顶山,孝感,0.0015031493999999
安康,孝感,0.0015031493999999
许昌,孝感,0.0015031493999999
株洲,孝感,0.00140293944
苏州,孝感,0.00140293944
开封,孝感,0.00130272948
赣州,孝感,0.00130272948
合肥,孝感,0.00130272948
菏泽,孝感,0.00130272948
滁州,孝感,0.00120251952
亳州,孝感,0.00120251952
巴中,孝感,0.00120251952
永州,孝感,0.00120251952
泉州,孝感,0.00120251952
佛山,孝感,0.00110230956
漯河,孝感,0.00110230956
新乡,孝感,0.00110230956
宜春,孝感,0.00110230956
汉中,孝感,0.00110230956
安阳,孝感,0.00110230956
桂林,孝感,0.00110230956
六安,孝感,0.0010020996
吉安,孝感,0.0010020996
温州,孝感,0.0010020996
邯郸,孝感,0.0010020996
抚州,孝感,0.0010020996
张家界,孝感,0.0010020996
上饶,孝感,0.0010020996
杭州,孝感,0.0010020996
南昌,孝感,0.00090188964
南充,孝感,0.00090188964
中山,孝感,0.00090188964
昆明,孝感,0.00090188964
芜湖,孝感,0.00090188964
绵阳,孝感,0.00090188964
怀化,孝感,0.00080167968
临沂,孝感,0.00080167968
南京,孝感,0.00080167968
洛阳,孝感,0.00080167968
惠州,孝感,0.00080167968
濮阳,孝感,0.00080167968
台州,孝感,0.00080167968
无锡,孝感,0.00080167968
聊城,孝感,0.00070146972
萍乡,孝感,0.00070146972
莆田,孝感,0.00070146972
徐州,孝感,0.00070146972
湘潭,孝感,0.00070146972
运城,孝感,0.00070146972
神农架林区,孝感,0.00070146972
娄底,孝感,0.00060125976
宁波,孝感,0.00060125976
郴州,孝感,0.00060125976
保定,孝感,0.00060125976
焦作,孝感,0.00060125976
广元,孝感,0.00060125976
临汾,孝感,0.00060125976
湘西土家族苗族自治州,孝感,0.00060125976
蚌埠,孝感,0.00060125976
南宁,孝感,0.00060125976
陇南,孝感,0.0005010498
宜昌,荆州,0.14927168268
武汉,荆州,0.12441140244
潜江,荆州,0.08921100564
常德,荆州,0.0863509734
荆门,荆州,0.08316093744
岳阳,荆州,0.07326082584
仙桃,荆州,0.0693007812
恩施土家族苗族自治州,荆州,0.0280503161999999
天门,荆州,0.02750031
孝感,荆州,0.02629029636
咸宁,荆州,0.02442027528
襄阳,荆州,0.02189024676
重庆,荆州,0.02156024304
黄冈,荆州,0.0210102368399999
长沙,荆州,0.01441016244
益阳,荆州,0.01111012524
十堰,荆州,0.01034011656
深圳,荆州,0.00968010912
黄石,荆州,0.00869009796
随州,荆州,0.00836009424
广州,荆州,0.00814009176
南阳,荆州,0.00616006944
东莞,荆州,0.005500062
张家界,荆州,0.00451005084
邵阳,荆州,0.00418004712
鄂州,荆州,0.00396004464
衡阳,荆州,0.00308003472
株洲,荆州,0.00297003348
周口,荆州,0.00297003348
上海,荆州,0.002750031
佛山,荆州,0.002750031
娄底,荆州,0.002750031
信阳,荆州,0.002750031
驻马店,荆州,0.002750031
怀化,荆州,0.002750031
西安,荆州,0.00253002852
湘西土家族苗族自治州,荆州,0.00242002728
成都,荆州,0.00242002728
南充,荆州,0.0022000248
达州,荆州,0.0022000248
杭州,荆州,0.0022000248
九江,荆州,0.00209002356
温州,荆州,0.00198002232
上饶,荆州,0.00198002232
汉中,荆州,0.00187002108
惠州,荆州,0.00187002108
铜仁,荆州,0.00187002108
安康,荆州,0.00176001984
永州,荆州,0.0016500186
湘潭,荆州,0.00154001736
台州,荆州,0.00154001736
郑州,荆州,0.00143001612
苏州,荆州,0.00143001612
商丘,荆州,0.00143001612
福州,荆州,0.00132001488
宁波,荆州,0.00132001488
阜阳,荆州,0.00132001488
南昌,荆州,0.00132001488
郴州,荆州,0.00132001488
珠海,荆州,0.00132001488
北京,荆州,0.00132001488
合肥,荆州,0.00121001364
中山,荆州,0.00121001364
安庆,荆州,0.0011000124
抚州,荆州,0.0011000124
亳州,荆州,0.0011000124
平顶山,荆州,0.0011000124
临沂,荆州,0.0011000124
菏泽,荆州,0.0011000124
广安,荆州,0.0011000124
神农架林区,荆州,0.0011000124
六安,荆州,0.0011000124
南京,荆州,0.00099001116
毕节,荆州,0.00099001116
咸阳,荆州,0.00099001116
赣州,荆州,0.00099001116
清远,荆州,0.00099001116
厦门,荆州,0.00099001116
吉安,荆州,0.00088000992
焦作,荆州,0.00088000992
徐州,荆州,0.00088000992
昆明,荆州,0.00088000992
贵阳,荆州,0.00088000992
无锡,荆州,0.00088000992
巴中,荆州,0.00088000992
昭通,荆州,0.00088000992
洛阳,荆州,0.00077000868
新乡,荆州,0.00077000868
南通,荆州,0.00077000868
内江,荆州,0.00077000868
黔东南苗族侗族自治州,荆州,0.00077000868
南宁,荆州,0.00077000868
绵阳,荆州,0.00077000868
开封,荆州,0.00077000868
宿州,荆州,0.00077000868
天津,荆州,0.00077000868
揭阳,荆州,0.00077000868
济宁,荆州,0.00066000744
漯河,荆州,0.00066000744
宜春,荆州,0.00066000744
武汉,黄冈,0.27093563964
黄石,黄冈,0.08623057824
九江,黄冈,0.06791704524
鄂州,黄冈,0.05169648744
孝感,黄冈,0.04845237588
安庆,黄冈,0.02815051644
荆州,黄冈,0.02333667348
信阳,黄冈,0.02281342968
宜昌,黄冈,0.01810423548
襄阳,黄冈,0.01799958672
荆门,黄冈,0.01695309912
咸宁,黄冈,0.01642985532
恩施土家族苗族自治州,黄冈,0.01475547516
重庆,黄冈,0.01444152888
随州,黄冈,0.0120346074
十堰,黄冈,0.01172066112
六安,黄冈,0.01109276856
深圳,黄冈,0.01036022724
南阳,黄冈,0.00816260328
周口,黄冈,0.00816260328
阜阳,黄冈,0.007848657
福州,黄冈,0.00690681816
驻马店,黄冈,0.0068021694
东莞,黄冈,0.00669752064
仙桃,黄冈,0.00617427684
上海,黄冈,0.00606962808
天门,黄冈,0.00596497932
苏州,黄冈,0.0057556818
达州,黄冈,0.0057556818
上饶,黄冈,0.0057556818
毕节,黄冈,0.00533708676
杭州,黄冈,0.005232438
南昌,黄冈,0.00491849172
潜江,黄冈,0.00449989668
泉州,黄冈,0.00408130164
广州,黄冈,0.00408130164
商丘,黄冈,0.00376735536
长沙,黄冈,0.00376735536
宁德,黄冈,0.0036627066
温州,黄冈,0.00334876032
宜春,黄冈,0.00324411156
岳阳,黄冈,0.00324411156
合肥,黄冈,0.00324411156
赣州,黄冈,0.00324411156
亳州,黄冈,0.00324411156
遵义,黄冈,0.0031394628
吉安,黄冈,0.00293016528
惠州,黄冈,0.00293016528
常德,黄冈,0.00282551652
平顶山,黄冈,0.00282551652
巴中,黄冈,0.00282551652
昭通,黄冈,0.00272086776
安康,黄冈,0.002616219
菏泽,黄冈,0.002616219
郑州,黄冈,0.002616219
南京,黄冈,0.00251157024
邵阳,黄冈,0.00240692148
南充,黄冈,0.00240692148
洛阳,黄冈,0.00240692148
开封,黄冈,0.00230227272
汉中,黄冈,0.00230227272
北京,黄冈,0.00230227272
衡阳,黄冈,0.00230227272
湘西土家族苗族自治州,黄冈,0.00219762396
益阳,黄冈,0.00219762396
抚州,黄冈,0.00198832644
淮南,黄冈,0.00198832644
佛山,黄冈,0.00188367768
绵阳,黄冈,0.00188367768
怀化,黄冈,0.00177902892
西安,黄冈,0.0015697314
宿州,黄冈,0.0015697314
徐州,黄冈,0.0015697314
广元,黄冈,0.00146508264
永州,黄冈,0.00146508264
宁波,黄冈,0.00146508264
许昌,黄冈,0.00146508264
景德镇,黄冈,0.00146508264
新乡,黄冈,0.00146508264
铜仁,黄冈,0.00136043388
无锡,黄冈,0.00136043388
台州,黄冈,0.00136043388
南通,黄冈,0.00136043388
盐城,黄冈,0.00136043388
池州,黄冈,0.00136043388
娄底,黄冈,0.00136043388
株洲,黄冈,0.00125578512
漯河,黄冈,0.00125578512
濮阳,黄冈,0.00125578512
张家界,黄冈,0.00115113636
安阳,黄冈,0.00115113636
桂林,黄冈,0.00115113636
黄山,黄冈,0.00115113636
潍坊,黄冈,0.00115113636
嘉兴,黄冈,0.0010464876
焦作,黄冈,0.0010464876
厦门,黄冈,0.0010464876
广安,黄冈,0.0010464876
临沂,黄冈,0.0010464876
铜陵,黄冈,0.0010464876
武汉,咸宁,0.12934670328
黄石,咸宁,0.06016506984
岳阳,咸宁,0.04021933824
荆州,咸宁,0.02912623272
黄冈,咸宁,0.0210932942399999
孝感,咸宁,0.01792383552
九江,咸宁,0.01672162704
鄂州,咸宁,0.01169420976
恩施土家族苗族自治州,咸宁,0.0092897928
重庆,咸宁,0.00918050112
荆门,咸宁,0.00857939688
宜昌,咸宁,0.00852475104
襄阳,咸宁,0.00830616768
长沙,咸宁,0.0075411259199999
仙桃,咸宁,0.0065028549599999
驻马店,咸宁,0.00557387568
随州,咸宁,0.0051913548
深圳,咸宁,0.00459025056
湘西土家族苗族自治州,咸宁,0.00426237552
南阳,咸宁,0.0037705629599999
邵阳,咸宁,0.00366127128
天门,咸宁,0.00360662544
衡阳,咸宁,0.0035519796
常德,咸宁,0.00349733376
十堰,咸宁,0.00338804208
毕节,咸宁,0.00333339624
益阳,咸宁,0.0031148128799999
周口,咸宁,0.0030055212
铜仁,咸宁,0.00284158368
潜江,咸宁,0.002732292
信阳,咸宁,0.00251370864
东莞,咸宁,0.00251370864
广州,咸宁,0.0024590628
郑州,咸宁,0.00240441696
怀化,咸宁,0.00240441696
遵义,咸宁,0.00229512528
张家界,咸宁,0.0021858336
株洲,咸宁,0.00207654192
许昌,咸宁,0.00202189608
宜春,咸宁,0.0019126044
达州,咸宁,0.00185795856
吉安,咸宁,0.00174866688
上饶,咸宁,0.00169402104
永州,咸宁,0.00169402104
上海,咸宁,0.0016393752
娄底,咸宁,0.0016393752
阜阳,咸宁,0.0015847293599999
安庆,咸宁,0.0015847293599999
杭州,咸宁,0.00142079184
平顶山,咸宁,0.001366146
福州,咸宁,0.00131150016
赣州,咸宁,0.00125685432
湘潭,咸宁,0.00120220848
漯河,咸宁,0.00120220848
昭通,咸宁,0.00114756264
惠州,咸宁,0.0010929168
南充,咸宁,0.0010929168
台州,咸宁,0.0010929168
西安,咸宁,0.00098362512
苏州,咸宁,0.00098362512
南昌,咸宁,0.00092897928
萍乡,咸宁,0.00092897928
六安,咸宁,0.00092897928
黔南布依族苗族自治州,咸宁,0.00092897928
郴州,咸宁,0.00092897928
合肥,咸宁,0.00092897928
安顺,咸宁,0.00087433344
佛山,咸宁,0.00087433344
新乡,咸宁,0.00087433344
商丘,咸宁,0.00087433344
盐城,咸宁,0.0008196876
广安,咸宁,0.0008196876
亳州,咸宁,0.00076504176
安阳,咸宁,0.00076504176
成都,咸宁,0.00071039592
韶关,咸宁,0.00071039592
宁波,咸宁,0.00071039592
中山,咸宁,0.00071039592
温州,咸宁,0.00071039592
巴中,咸宁,0.00071039592
濮阳,咸宁,0.00060110424
六盘水,咸宁,0.00060110424
北京,咸宁,0.00060110424
南京,咸宁,0.00060110424
无锡,咸宁,0.00060110424
邯郸,咸宁,0.00060110424
南通,咸宁,0.00060110424
菏泽,咸宁,0.00060110424
贵阳,咸宁,0.00060110424
济宁,咸宁,0.00060110424
珠海,咸宁,0.0005464584
洛阳,咸宁,0.0005464584
开封,咸宁,0.0005464584
徐州,咸宁,0.0005464584
南宁,咸宁,0.00049181256
宜宾,咸宁,0.00049181256
桂林,咸宁,0.00049181256
抚州,咸宁,0.00049181256
金华,咸宁,0.00049181256
常州,咸宁,0.00049181256
孝感,随州,0.08221415112
襄阳,随州,0.05697667656
武汉,随州,0.0500132879999999
南阳,随州,0.0193128235199999
信阳,随州,0.01835102952
荆门,随州,0.01331122896
十堰,随州,0.0125033219999999
黄冈,随州,0.00988724232
荆州,随州,0.0073865779199999
宜昌,随州,0.00715574736
驻马店,随州,0.00380870424
恩施土家族苗族自治州,随州,0.0034624584
咸宁,随州,0.00303926904
深圳,随州,0.0029623255199999
黄石,随州,0.00273149496
仙桃,随州,0.00253913616
重庆,随州,0.0025006644
东莞,随州,0.00203900328
鄂州,随州,0.00200053152
安康,随州,0.00196205976
天门,随州,0.0018466444799999
周口,随州,0.0018081727199999
汉中,随州,0.00169275744
广州,随州,0.00161581392
长沙,随州,0.00150039864
北京,随州,0.00142345512
郑州,随州,0.0013465115999999
平顶山,随州,0.00123109632
商丘,随州,0.00123109632
上海,随州,0.00123109632
阜阳,随州,0.00123109632
岳阳,随州,0.00119262456
西安,随州,0.0011541528
邵阳,随州,0.00107720928
惠州,随州,0.00107720928
达州,随州,0.00107720928
潜江,随州,0.00107720928
常德,随州,0.00103873752
衡阳,随州,0.00103873752
菏泽,随州,0.00100026576
赣州,随州,0.00100026576
南充,随州,0.000961794
洛阳,随州,0.00088485048
杭州,随州,0.00080790696
中山,随州,0.00080790696
永州,随州,0.00080790696
开封,随州,0.00080790696
南昌,随州,0.0007694352
成都,随州,0.0007694352
益阳,随州,0.0007309634399999
郴州,随州,0.0007309634399999
漯河,随州,0.0007309634399999
福州,随州,0.00069249168
许昌,随州,0.00065401992
巴中,随州,0.00065401992
临沂,随州,0.00065401992
天津,随州,0.00061554816
怀化,随州,0.00061554816
安庆,随州,0.00061554816
吉安,随州,0.00061554816
台州,随州,0.00061554816
湘潭,随州,0.00061554816
合肥,随州,0.00061554816
温州,随州,0.0005770764
徐州,随州,0.0005770764
佛山,随州,0.0005770764
宁波,随州,0.00053860464
六安,随州,0.00053860464
安阳,随州,0.00053860464
绵阳,随州,0.00050013288
张家界,随州,0.00050013288
南京,随州,0.00050013288
潍坊,随州,0.00050013288
宜春,随州,0.0004616611199999
株洲,随州,0.0004616611199999
渭南,随州,0.0004616611199999
抚州,随州,0.00042318936
广元,随州,0.00042318936
娄底,随州,0.00042318936
九江,随州,0.00042318936
苏州,随州,0.00042318936
濮阳,随州,0.0003847176
湘西土家族苗族自治州,随州,0.0003847176
莆田,随州,0.0003847176
桂林,随州,0.0003847176
济宁,随州,0.0003847176
陇南,随州,0.0003847176
神农架林区,随州,0.0003847176
金华,随州,0.0003847176
清远,随州,0.00034624584
厦门,随州,0.00034624584
运城,随州,0.00034624584
枣庄,随州,0.00034624584
咸阳,随州,0.00034624584
石家庄,随州,0.00034624584
天水,随州,0.00034624584
邢台,随州,0.00034624584
铜仁,随州,0.00034624584
临汾,随州,0.00034624584
新乡,随州,0.00030777408
重庆,恩施土家族苗族自治州,0.1562298029999999
湘西土家族苗族自治州,恩施土家族苗族自治州,0.06696288792
宜昌,恩施土家族苗族自治州,0.06589595268
武汉,恩施土家族苗族自治州,0.0282483806399999
荆州,恩施土家族苗族自治州,0.01259999712
张家界,恩施土家族苗族自治州,0.0103137073199999
荆门,恩施土家族苗族自治州,0.008891127
黄冈,恩施土家族苗族自治州,0.00675725652
孝感,恩施土家族苗族自治州,0.0060459663599999
常德,恩施土家族苗族自治州,0.00594435348
达州,恩施土家族苗族自治州,0.0053346762
襄阳,恩施土家族苗族自治州,0.00477580536
南充,恩施土家族苗族自治州,0.00365806368
仙桃,恩施土家族苗族自治州,0.0029467735199999
咸宁,恩施土家族苗族自治州,0.00284516064
成都,恩施土家族苗族自治州,0.00274354776
潜江,恩施土家族苗族自治州,0.00264193488
黄石,恩施土家族苗族自治州,0.00264193488
天门,恩施土家族苗族自治州,0.00238790268
神农架林区,恩施土家族苗族自治州,0.0022862897999999
长沙,恩施土家族苗族自治州,0.0022354833599999
深圳,恩施土家族苗族自治州,0.0021338704799999
台州,恩施土家族苗族自治州,0.0020322576
十堰,恩施土家族苗族自治州,0.0020322576
温州,恩施土家族苗族自治州,0.0019814511599999
巴中,恩施土家族苗族自治州,0.00193064472
邵阳,恩施土家族苗族自治州,0.00193064472
随州,恩施土家族苗族自治州,0.00193064472
九江,恩施土家族苗族自治州,0.00187983828
遵义,恩施土家族苗族自治州,0.00187983828
南阳,恩施土家族苗族自治州,0.00182903184
安庆,恩施土家族苗族自治州,0.00182903184
广安,恩施土家族苗族自治州,0.00182903184
铜仁,恩施土家族苗族自治州,0.0017782253999999
宜宾,恩施土家族苗族自治州,0.00167661252
毕节,恩施土家族苗族自治州,0.00162580608
怀化,恩施土家族苗族自治州,0.00142258032
东莞,恩施土家族苗族自治州,0.00142258032
周口,恩施土家族苗族自治州,0.00142258032
上海,恩施土家族苗族自治州,0.00142258032
鄂州,恩施土家族苗族自治州,0.00132096744
金华,恩施土家族苗族自治州,0.00121935456
昭通,恩施土家族苗族自治州,0.00121935456
遂宁,恩施土家族苗族自治州,0.00121935456
广州,恩施土家族苗族自治州,0.00121935456
绵阳,恩施土家族苗族自治州,0.00121935456
上饶,恩施土家族苗族自治州,0.0011177416799999
杭州,恩施土家族苗族自治州,0.0011177416799999
广元,恩施土家族苗族自治州,0.0011177416799999
郑州,恩施土家族苗族自治州,0.0011177416799999
宁波,恩施土家族苗族自治州,0.0011177416799999
南昌,恩施土家族苗族自治州,0.0011177416799999
衡阳,恩施土家族苗族自治州,0.0010669352399999
平顶山,恩施土家族苗族自治州,0.0010161288
驻马店,恩施土家族苗族自治州,0.0010161288
岳阳,恩施土家族苗族自治州,0.0010161288
泸州,恩施土家族苗族自治州,0.0010161288
信阳,恩施土家族苗族自治州,0.00096532236
宜春,恩施土家族苗族自治州,0.00091451592
益阳,恩施土家族苗族自治州,0.00091451592
抚州,恩施土家族苗族自治州,0.00091451592
安顺,恩施土家族苗族自治州,0.00086370948
福州,恩施土家族苗族自治州,0.00086370948
佛山,恩施土家族苗族自治州,0.00086370948
娄底,恩施土家族苗族自治州,0.00086370948
内江,恩施土家族苗族自治州,0.00086370948
苏州,恩施土家族苗族自治州,0.0007620966
亳州,恩施土家族苗族自治州,0.0007620966
泉州,恩施土家族苗族自治州,0.0007620966
临沂,恩施土家族苗族自治州,0.0007620966
湘潭,恩施土家族苗族自治州,0.0007620966
黔东南苗族侗族自治州,恩施土家族苗族自治州,0.0007620966
眉山,恩施土家族苗族自治州,0.00071129016
株洲,恩施土家族苗族自治州,0.00071129016
北京,恩施土家族苗族自治州,0.00071129016
阜阳,恩施土家族苗族自治州,0.00066048372
莆田,恩施土家族苗族自治州,0.00066048372
安康,恩施土家族苗族自治州,0.00060967728
桂林,恩施土家族苗族自治州,0.00060967728
汉中,恩施土家族苗族自治州,0.00060967728
开封,恩施土家族苗族自治州,0.00060967728
贵阳,恩施土家族苗族自治州,0.00060967728
永州,恩施土家族苗族自治州,0.00060967728
曲靖,恩施土家族苗族自治州,0.00060967728
合肥,恩施土家族苗族自治州,0.00060967728
商丘,恩施土家族苗族自治州,0.00060967728
惠州,恩施土家族苗族自治州,0.00060967728
自贡,恩施土家族苗族自治州,0.0005588708399999
南京,恩施土家族苗族自治州,0.0005588708399999
六盘水,恩施土家族苗族自治州,0.0005080644
乐山,恩施土家族苗族自治州,0.0005080644
黔南布依族苗族自治州,恩施土家族苗族自治州,0.0005080644
无锡,恩施土家族苗族自治州,0.0005080644
资阳,恩施土家族苗族自治州,0.0005080644
黔西南布依族苗族自治州,恩施土家族苗族自治州,0.0005080644
许昌,恩施土家族苗族自治州,0.0005080644
嘉兴,恩施土家族苗族自治州,0.00045725796
铜陵,恩施土家族苗族自治州,0.00045725796
新乡,恩施土家族苗族自治州,0.00040645152
六安,恩施土家族苗族自治州,0.00040645152
荆州,仙桃,0.077713344
武汉,仙桃,0.0639362159999999
天门,仙桃,0.050750064
潜江,仙桃,0.036234216
孝感,仙桃,0.035421624
宜昌,仙桃,0.009861912
荆门,仙桃,0.00960336
黄冈,仙桃,0.007498008
襄阳,仙桃,0.006574608
恩施土家族苗族自治州,仙桃,0.00590976
咸宁,仙桃,0.004875552
十堰,仙桃,0.003398112
重庆,仙桃,0.00295488
随州,仙桃,0.002881008
黄石,仙桃,0.002844072
深圳,仙桃,0.001994544
广州,仙桃,0.0018468
长沙,仙桃,0.0018468
常德,仙桃,0.00147744
南阳,仙桃,0.00147744
鄂州,仙桃,0.001329696
信阳,仙桃,0.00129276
岳阳,仙桃,0.00110808
东莞,仙桃,0.001034208
北京,仙桃,0.000960336
驻马店,仙桃,0.000886464
平顶山,仙桃,0.000775656
阜阳,仙桃,0.000701784
衡阳,仙桃,0.000701784
周口,仙桃,0.000664848
九江,仙桃,0.00055404
益阳,仙桃,0.00055404
上饶,仙桃,0.00055404
达州,仙桃,0.000517104
菏泽,仙桃,0.000517104
佛山,仙桃,0.000517104
安庆,仙桃,0.000517104
郴州,仙桃,0.000517104
上海,仙桃,0.000480168
六安,仙桃,0.000480168
昆明,仙桃,0.000443232
吉安,仙桃,0.000443232
杭州,仙桃,0.000443232
南京,仙桃,0.000443232
广安,仙桃,0.000443232
湘西土家族苗族自治州,仙桃,0.000443232
怀化,仙桃,0.000443232
徐州,仙桃,0.000406296
株洲,仙桃,0.000406296
宿迁,仙桃,0.000406296
南昌,仙桃,0.000406296
商丘,仙桃,0.00036936
郑州,仙桃,0.00036936
邵阳,仙桃,0.00036936
永州,仙桃,0.000332424
合肥,仙桃,0.000332424
苏州,仙桃,0.000332424
洛阳,仙桃,0.000332424
张家界,仙桃,0.000332424
扬州,仙桃,0.000295488
湖州,仙桃,0.000295488
亳州,仙桃,0.000295488
成都,仙桃,0.000295488
娄底,仙桃,0.000258552
毕节,仙桃,0.000258552
福州,仙桃,0.000258552
自贡,仙桃,0.000258552
新乡,仙桃,0.000258552
芜湖,仙桃,0.000258552
神农架林区,仙桃,0.000258552
滁州,仙桃,0.000258552
运城,仙桃,0.000258552
焦作,仙桃,0.000221616
镇江,仙桃,0.000221616
珠海,仙桃,0.000221616
南通,仙桃,0.000221616
莆田,仙桃,0.000221616
赣州,仙桃,0.000221616
渭南,仙桃,0.000221616
红河哈尼族彝族自治州,仙桃,0.00018468
温州,仙桃,0.00018468
盐城,仙桃,0.00018468
蚌埠,仙桃,0.00018468
南宁,仙桃,0.00018468
铜仁,仙桃,0.00018468
遵义,仙桃,0.00018468
泉州,仙桃,0.00018468
西安,仙桃,0.00018468
金华,仙桃,0.00018468
南充,仙桃,0.00018468
无锡,仙桃,0.00018468
惠州,仙桃,0.000147744
绵阳,仙桃,0.000147744
濮阳,仙桃,0.000147744
汉中,仙桃,0.000147744
宿州,仙桃,0.000147744
嘉兴,仙桃,0.000147744
漯河,仙桃,0.000147744
新余,仙桃,0.000147744
德州,仙桃,0.000147744
荆州,潜江,0.0766744704
仙桃,潜江,0.0394149887999999
荆门,潜江,0.0261996768
武汉,潜江,0.0235309536
天门,潜江,0.0196561728
宜昌,潜江,0.007954848
孝感,潜江,0.0063382176
恩施土家族苗族自治州,潜江,0.0061329312
襄阳,潜江,0.003720816
黄冈,潜江,0.0036181727999999
重庆,潜江,0.0029253312
十堰,潜江,0.001796256
咸宁,潜江,0.001667952
随州,潜江,0.0014370048
岳阳,潜江,0.001411344
黄石,潜江,0.0013600224
鄂州,潜江,0.0010777536
常德,潜江,0.001026432
长沙,潜江,0.0009237888
深圳,潜江,0.0009237888
南阳,潜江,0.0008724672
益阳,潜江,0.0007441632
广州,潜江,0.0006928416
商丘,潜江,0.00064152
东莞,潜江,0.00064152
衡阳,潜江,0.0005901984
周口,潜江,0.0005901984
驻马店,潜江,0.0005901984
上海,潜江,0.0005645376
郑州,潜江,0.0005645376
信阳,潜江,0.0005388768
宜春,潜江,0.0004618944
邵阳,潜江,0.0004618944
株洲,潜江,0.0004362336
安庆,潜江,0.0003849119999999
广安,潜江,0.0003849119999999
巴中,潜江,0.0003849119999999
扬州,潜江,0.0003335904
阜阳,潜江,0.0003335904
宜宾,潜江,0.0003335904
南通,潜江,0.0003335904
张家界,潜江,0.0003079295999999
温州,潜江,0.0003079295999999
抚州,潜江,0.0003079295999999
怀化,潜江,0.0003079295999999
杭州,潜江,0.0002822688
上饶,潜江,0.0002822688
达州,潜江,0.0002822688
铜仁,潜江,0.000256608
宁波,潜江,0.000256608
遵义,潜江,0.000256608
内江,潜江,0.000256608
永州,潜江,0.000256608
洛阳,潜江,0.000256608
绵阳,潜江,0.000256608
福州,潜江,0.000256608
南京,潜江,0.000256608
泸州,潜江,0.0002052864
湘潭,潜江,0.0002052864
南充,潜江,0.0002052864
成都,潜江,0.0002052864
平顶山,潜江,0.0002052864
西安,潜江,0.0002052864
许昌,潜江,0.0001796256
亳州,潜江,0.0001796256
滁州,潜江,0.0001796256
开封,潜江,0.0001796256
昆明,潜江,0.0001796256
菏泽,潜江,0.0001796256
三门峡,潜江,0.0001796256
佛山,潜江,0.0001796256
绍兴,潜江,0.0001796256
宿迁,潜江,0.0001796256
中山,潜江,0.0001796256
连云港,潜江,0.0001539647999999
保定,潜江,0.0001539647999999
六安,潜江,0.0001539647999999
临沂,潜江,0.0001539647999999
惠州,潜江,0.0001539647999999
昭通,潜江,0.0001539647999999
桂林,潜江,0.0001539647999999
咸阳,潜江,0.0001539647999999
焦作,潜江,0.0001539647999999
濮阳,潜江,0.0001539647999999
安顺,潜江,0.0001539647999999
台州,潜江,0.0001539647999999
北京,潜江,0.0001539647999999
赣州,潜江,0.0001539647999999
蚌埠,潜江,0.0001539647999999
眉山,潜江,0.000128304
天津,潜江,0.000128304
神农架林区,潜江,0.000128304
沧州,潜江,0.000128304
柳州,潜江,0.000128304
苏州,潜江,0.000128304
宿州,潜江,0.000128304
湘西土家族苗族自治州,潜江,0.000128304
河源,潜江,0.000128304
泉州,潜江,0.000128304
新乡,潜江,0.000128304
荆门,天门,0.0579047616
仙桃,天门,0.0491443685999999
武汉,天门,0.0328299317999999
孝感,天门,0.0317384729999999
荆州,天门,0.0223174601999999
潜江,天门,0.016371882
宜昌,天门,0.0072668177999999
黄冈,天门,0.0051126228
恩施土家族苗族自治州,天门,0.0049977324
襄阳,天门,0.0049690097999999
十堰,天门,0.0042222221999999
随州,天门,0.0028148147999999
重庆,天门,0.0024988662
咸宁,天门,0.0022403628
深圳,天门,0.0020680271999999
广州,天门,0.0018382464
黄石,天门,0.0015222978
南阳,天门,0.0014361299999999
信阳,天门,0.0010340135999999
东莞,天门,0.0010340135999999
岳阳,天门,0.0009765684
常德,天门,0.0009478458
鄂州,天门,0.0009478458
长沙,天门,0.0008904006
邵阳,天门,0.0007755102
西安,天门,0.0007180649999999
湘西土家族苗族自治州,天门,0.0007180649999999
衡阳,天门,0.0006606197999999
周口,天门,0.000574452
上海,天门,0.000574452
赣州,天门,0.0005457294
驻马店,天门,0.0005457294
九江,天门,0.0005457294
阜阳,天门,0.0004595616
洛阳,天门,0.0004595616
达州,天门,0.0004308389999999
惠州,天门,0.0004308389999999
平顶山,天门,0.0004308389999999
杭州,天门,0.0004021164
商丘,天门,0.0003733937999999
苏州,天门,0.0003733937999999
安庆,天门,0.0003733937999999
成都,天门,0.0003446711999999
南昌,天门,0.0003446711999999
桂林,天门,0.0003446711999999
吉安,天门,0.0003446711999999
佛山,天门,0.0003446711999999
张家界,天门,0.0003159485999999
益阳,天门,0.0003159485999999
亳州,天门,0.0003159485999999
株洲,天门,0.0003159485999999
安阳,天门,0.0003159485999999
临汾,天门,0.0003159485999999
永州,天门,0.0003159485999999
宜春,天门,0.000287226
郑州,天门,0.000287226
徐州,天门,0.000287226
韶关,天门,0.000287226
巴中,天门,0.000287226
广安,天门,0.0002585033999999
合肥,天门,0.0002585033999999
怀化,天门,0.0002585033999999
金华,天门,0.0002585033999999
临沂,天门,0.0002585033999999
芜湖,天门,0.0002010582
石家庄,天门,0.0002010582
宿州,天门,0.0002010582
保定,天门,0.0002010582
新乡,天门,0.0002010582
南充,天门,0.0002010582
北京,天门,0.0002010582
绍兴,天门,0.0002010582
台州,天门,0.0002010582
珠海,天门,0.0002010582
遵义,天门,0.0002010582
宁波,天门,0.0001723355999999
抚州,天门,0.0001723355999999
宜宾,天门,0.0001723355999999
郴州,天门,0.0001723355999999
福州,天门,0.0001723355999999
天津,天门,0.0001723355999999
开封,天门,0.000143613
南京,天门,0.000143613
汉中,天门,0.000143613
沈阳,天门,0.000143613
鹤壁,天门,0.000143613
包头,天门,0.000143613
六安,天门,0.000143613
河池,天门,0.000143613
漯河,天门,0.000143613
庆阳,天门,0.000143613
黔东南苗族侗族自治州,天门,0.000143613
南通,天门,0.000143613
邯郸,天门,0.000143613
无锡,天门,0.000143613
青岛,天门,0.0001148904
安康,天门,0.0001148904
邢台,天门,0.0001148904
上饶,天门,0.0001148904
银川,天门,0.0001148904
宜昌,神农架林区,0.0133484111999999
十堰,神农架林区,0.0067359276
襄阳,神农架林区,0.0064149731999999
恩施土家族苗族自治州,神农架林区,0.0035963352
武汉,神农架林区,0.0027857195999999
荆州,神农架林区,0.0013249656
荆门,神农架林区,0.0012303252
重庆,神农架林区,0.0010657332
仙桃,神农架林区,0.0007735824
孝感,神农架林区,0.000452628
南阳,神农架林区,0.0004197096
西安,神农架林区,0.0004197096
随州,神农架林区,0.000288036
潜江,神农架林区,0.0002551176
鄂州,神农架林区,0.0001933956
黄冈,神农架林区,0.0001604771999999
天门,神农架林区,0.0001604771999999
咸宁,神农架林区,0.0001604771999999
平顶山,神农架林区,9.46404e-05
北海,神农架林区,9.46404e-05
岳阳,神农架林区,9.46404e-05
娄底,神农架林区,6.172199999999999e-05
郑州,神农架林区,6.172199999999999e-05
乐山,神农架林区,6.172199999999999e-05
巴中,神农架林区,6.172199999999999e-05
常德,神农架林区,6.172199999999999e-05
资阳,神农架林区,6.172199999999999e-05
信阳,神农架林区,6.172199999999999e-05
深圳,神农架林区,2.8803600000000003e-05
昭通,神农架林区,2.8803600000000003e-05
淮安,神农架林区,2.8803600000000003e-05
汉中,神农架林区,2.8803600000000003e-05
宁波,神农架林区,2.8803600000000003e-05
天津,神农架林区,2.8803600000000003e-05
铜仁,神农架林区,2.8803600000000003e-05
衡阳,神农架林区,2.8803600000000003e-05
烟台,神农架林区,2.8803600000000003e-05
六安,神农架林区,2.8803600000000003e-05
沧州,神农架林区,2.8803600000000003e-05
长沙,神农架林区,2.8803600000000003e-05
安康,神农架林区,2.8803600000000003e-05
驻马店,神农架林区,2.8803600000000003e-05
周口,神农架林区,2.8803600000000003e-05
新乡,神农架林区,2.8803600000000003e-05
北京,神农架林区,2.8803600000000003e-05
张家界,神农架林区,2.8803600000000003e-05
益阳,长沙,1.52222531796
岳阳,长沙,1.42397994816
常德,长沙,1.18703523276
邵阳,长沙,1.10843893692
娄底,长沙,0.95586965676
湘潭,长沙,0.8957666070000001
株洲,长沙,0.7882746141600001
衡阳,长沙,0.780183819
怀化,长沙,0.41147472528
永州,长沙,0.40107227436
郴州,长沙,0.3294109457999999
湘西土家族苗族自治州,长沙,0.26930789604
张家界,长沙,0.21729564144
萍乡,长沙,0.09708954192
荆州,长沙,0.08899874676
宜春,长沙,0.07050550068
武汉,长沙,0.03698649216
重庆,长沙,0.028895697
广州,长沙,0.02658404124
深圳,长沙,0.02658404124
上饶,长沙,0.0208049018399999
南昌,长沙,0.01964907396
咸宁,长沙,0.01964907396
九江,长沙,0.01849324608
南阳,长沙,0.01849324608
吉安,长沙,0.01849324608
孝感,长沙,0.01618159032
黄冈,长沙,0.01502576244
桂林,长沙,0.01386993456
恩施土家族苗族自治州,长沙,0.01386993456
襄阳,长沙,0.01386993456
驻马店,长沙,0.01271410668
赣州,长沙,0.01271410668
铜仁,长沙,0.01271410668
周口,长沙,0.01271410668
信阳,长沙,0.0115582788
东莞,长沙,0.0115582788
抚州,长沙,0.0104024509199999
宜昌,长沙,0.00924662304
黔东南苗族侗族自治州,长沙,0.00924662304
遵义,长沙,0.00924662304
北京,长沙,0.00924662304
上海,长沙,0.00809079516
荆门,长沙,0.00809079516
毕节,长沙,0.00809079516
郑州,长沙,0.00809079516
商丘,长沙,0.00693496728
南宁,长沙,0.00693496728
韶关,长沙,0.00693496728
阜阳,长沙,0.00693496728
成都,长沙,0.00693496728
安庆,长沙,0.00693496728
随州,长沙,0.0057791394
佛山,长沙,0.0057791394
黄石,长沙,0.0057791394
西安,长沙,0.0057791394
新余,长沙,0.0057791394
泉州,长沙,0.0057791394
惠州,长沙,0.0057791394
合肥,长沙,0.0057791394
杭州,长沙,0.0057791394
贵阳,长沙,0.00462331152
洛阳,长沙,0.00462331152
柳州,长沙,0.00462331152
黔南布依族苗族自治州,长沙,0.00462331152
三亚,长沙,0.00462331152
十堰,长沙,0.00462331152
仙桃,长沙,0.00462331152
昭通,长沙,0.00462331152
新乡,长沙,0.00346748364
昆明,长沙,0.00346748364
福州,长沙,0.00346748364
菏泽,长沙,0.00346748364
南京,长沙,0.00346748364
南充,长沙,0.00346748364
平顶山,长沙,0.00346748364
安阳,长沙,0.00346748364
金华,长沙,0.00346748364
温州,长沙,0.00346748364
清远,长沙,0.00346748364
湛江,长沙,0.00346748364
天门,长沙,0.00346748364
莆田,长沙,0.00346748364
苏州,长沙,0.00346748364
临沂,长沙,0.00346748364
许昌,长沙,0.00346748364
玉林,长沙,0.00346748364
邯郸,长沙,0.00346748364
徐州,长沙,0.00346748364
中山,长沙,0.00346748364
珠海,长沙,0.00346748364
茂名,长沙,0.00346748364
六安,长沙,0.00346748364
安康,长沙,0.00346748364
海口,长沙,0.00231165576
达州,长沙,0.00231165576
漯河,长沙,0.00231165576
揭阳,长沙,0.00231165576
潜江,长沙,0.00231165576
济南,长沙,0.00231165576
长沙,株洲,0.31010822136
湘潭,株洲,0.1646679585599999
衡阳,株洲,0.15382156608
邵阳,株洲,0.10649185344
益阳,株洲,0.0887432112
岳阳,株洲,0.0723092832
郴州,株洲,0.06885815832
娄底,株洲,0.06885815832
萍乡,株洲,0.06672174768
常德,株洲,0.06212024784
永州,株洲,0.03993444504
驻马店,株洲,0.036976338
怀化,株洲,0.02530824912
南阳,株洲,0.02087108856
荆州,株洲,0.01741996368
张家界,株洲,0.01528355304
湘西土家族苗族自治州,株洲,0.01462619592
孝感,株洲,0.01380449952
吉安,株洲,0.01364016024
襄阳,株洲,0.01331148168
信阳,株洲,0.0116680888799999
周口,株洲,0.01084639248
咸宁,株洲,0.0095316782399999
宜春,株洲,0.0095316782399999
重庆,株洲,0.00920299968
深圳,株洲,0.0090386604
随州,株洲,0.0073952676
武汉,株洲,0.00690224976
荆门,株洲,0.0060805533599999
广州,株洲,0.0060805533599999
黄冈,株洲,0.00591621408
漯河,株洲,0.00525885696
许昌,株洲,0.00509451768
平顶山,株洲,0.00460149984
天门,株洲,0.00427282128
东莞,株洲,0.00377980344
南昌,株洲,0.00361546416
仙桃,株洲,0.00361546416
桂林,株洲,0.00361546416
宜昌,株洲,0.00345112488
赣州,株洲,0.00345112488
黄石,株洲,0.0032867856
铜仁,株洲,0.00295810704
九江,株洲,0.00295810704
十堰,株洲,0.00262942848
遵义,株洲,0.00230074992
惠州,株洲,0.00230074992
上饶,株洲,0.00230074992
佛山,株洲,0.00230074992
阜阳,株洲,0.00213641064
郑州,株洲,0.00213641064
毕节,株洲,0.00197207136
商丘,株洲,0.00197207136
达州,株洲,0.00197207136
开封,株洲,0.00197207136
恩施土家族苗族自治州,株洲,0.00197207136
温州,株洲,0.00180773208
上海,株洲,0.00180773208
新乡,株洲,0.00180773208
抚州,株洲,0.00180773208
柳州,株洲,0.00180773208
金华,株洲,0.0016433928
洛阳,株洲,0.0016433928
新余,株洲,0.00147905352
黔东南苗族侗族自治州,株洲,0.00147905352
潜江,株洲,0.00147905352
南宁,株洲,0.00131471424
韶关,株洲,0.00131471424
安康,株洲,0.00131471424
亳州,株洲,0.00115037496
黔南布依族苗族自治州,株洲,0.00115037496
台州,株洲,0.00115037496
泉州,株洲,0.00115037496
福州,株洲,0.00098603568
北京,株洲,0.00098603568
焦作,株洲,0.00098603568
西安,株洲,0.00098603568
清远,株洲,0.00098603568
杭州,株洲,0.00098603568
濮阳,株洲,0.00098603568
中山,株洲,0.00098603568
商洛,株洲,0.00098603568
鹰潭,株洲,0.00098603568
宁波,株洲,0.00098603568
珠海,株洲,0.00098603568
贵阳,株洲,0.00098603568
汉中,株洲,0.0008216964
安庆,株洲,0.0008216964
玉林,株洲,0.0008216964
菏泽,株洲,0.0008216964
六盘水,株洲,0.0008216964
渭南,株洲,0.0008216964
苏州,株洲,0.0008216964
茂名,株洲,0.00065735712
文山壮族苗族自治州,株洲,0.00065735712
昭通,株洲,0.00065735712
宿州,株洲,0.00065735712
邯郸,株洲,0.00065735712
鹤壁,株洲,0.00065735712
合肥,株洲,0.00065735712
长沙,湘潭,0.311443704
株洲,湘潭,0.1378628424
娄底,湘潭,0.125775342
衡阳,湘潭,0.0812367144
邵阳,湘潭,0.0666445968
益阳,湘潭,0.0494389656
岳阳,湘潭,0.0400738752
常德,湘潭,0.0339756768
怀化,湘潭,0.0260262396
永州,湘潭,0.0205814196
郴州,湘潭,0.017423424
湘西土家族苗族自治州,湘潭,0.0150277032
张家界,湘潭,0.0112163292
深圳,湘潭,0.0047914416
荆州,湘潭,0.0046825452
萍乡,湘潭,0.0045736488
毕节,湘潭,0.004355856
重庆,湘潭,0.0040291668
南阳,湘潭,0.0039202704
广州,湘潭,0.0039202704
铜仁,湘潭,0.0034846848
宜春,湘潭,0.0034846848
黔南布依族苗族自治州,湘潭,0.003266892
安顺,湘潭,0.0029402028
遵义,湘潭,0.0026135136
黔东南苗族侗族自治州,湘潭,0.0023957208
咸宁,湘潭,0.0023957208
昭通,湘潭,0.0023957208
武汉,湘潭,0.0023957208
吉安,湘潭,0.0022868244
黄冈,湘潭,0.0017423424
韶关,湘潭,0.0017423424
桂林,湘潭,0.001633446
黔西南布依族苗族自治州,湘潭,0.001633446
孝感,湘潭,0.001633446
赣州,湘潭,0.0015245496
周口,湘潭,0.0015245496
驻马店,湘潭,0.0014156532
六盘水,湘潭,0.0014156532
九江,湘潭,0.0014156532
佛山,湘潭,0.0014156532
恩施土家族苗族自治州,湘潭,0.0013067568
襄阳,湘潭,0.0013067568
曲靖,湘潭,0.0013067568
东莞,湘潭,0.0013067568
南宁,湘潭,0.0013067568
抚州,湘潭,0.0011978604
南昌,湘潭,0.0011978604
郑州,湘潭,0.0011978604
贵阳,湘潭,0.0011978604
宜昌,湘潭,0.0011978604
信阳,湘潭,0.0011978604
上饶,湘潭,0.0011978604
新乡,湘潭,0.0011978604
惠州,湘潭,0.001088964
泰安,湘潭,0.001088964
邯郸,湘潭,0.0009800676
荆门,湘潭,0.0009800676
贵港,湘潭,0.0008711712
商丘,湘潭,0.0008711712
上海,湘潭,0.0008711712
平顶山,湘潭,0.0008711712
安康,湘潭,0.0008711712
洛阳,湘潭,0.0007622748
许昌,湘潭,0.0007622748
台州,湘潭,0.0007622748
中山,湘潭,0.0007622748
金华,湘潭,0.0007622748
黄石,湘潭,0.0007622748
福州,湘潭,0.0006533784
亳州,湘潭,0.0006533784
新余,湘潭,0.0006533784
清远,湘潭,0.0006533784
杭州,湘潭,0.0006533784
仙桃,湘潭,0.000544482
贺州,湘潭,0.000544482
西安,湘潭,0.000544482
湛江,湘潭,0.000544482
十堰,湘潭,0.000544482
阜阳,湘潭,0.000544482
景德镇,湘潭,0.000544482
徐州,湘潭,0.000544482
随州,湘潭,0.000544482
开封,湘潭,0.000544482
汉中,湘潭,0.000544482
柳州,湘潭,0.000544482
临沂,湘潭,0.000544482
苏州,湘潭,0.000544482
运城,湘潭,0.000544482
天门,湘潭,0.000544482
温州,湘潭,0.0004355856
北京,湘潭,0.0004355856
安庆,湘潭,0.0004355856
揭阳,湘潭,0.0004355856
江门,湘潭,0.0004355856
达州,湘潭,0.0004355856
蚌埠,湘潭,0.0004355856
茂名,湘潭,0.0004355856
泸州,湘潭,0.0004355856
北海,湘潭,0.0004355856
永州,衡阳,0.1755475254
郴州,衡阳,0.1550742407999999
长沙,衡阳,0.1463622047999999
邵阳,衡阳,0.1067224409999999
株洲,衡阳,0.0933639858
湘潭,衡阳,0.0622910573999999
娄底,衡阳,0.0541598238
常德,衡阳,0.0445765842
岳阳,衡阳,0.0400753655999999
益阳,衡阳,0.0371713536
南阳,衡阳,0.0310729284
广州,衡阳,0.0293305211999999
怀化,衡阳,0.0251197037999999
驻马店,衡阳,0.0229416948
荆州,衡阳,0.0182952755999999
襄阳,衡阳,0.0171336707999999
深圳,衡阳,0.0136488563999999
桂林,衡阳,0.0135036558
湘西土家族苗族自治州,衡阳,0.0132132546
重庆,衡阳,0.0129228533999999
张家界,衡阳,0.0117612486
东莞,衡阳,0.0113256468
佛山,衡阳,0.0107448444
韶关,衡阳,0.008712036
天门,衡阳,0.0085668353999999
孝感,衡阳,0.0082764341999999
随州,衡阳,0.0081312336
荆门,衡阳,0.0076956318
信阳,衡阳,0.0076956318
中山,衡阳,0.0069696288
周口,衡阳,0.0068244281999999
吉安,衡阳,0.0068244281999999
平顶山,衡阳,0.0068244281999999
宜春,衡阳,0.006534027
赣州,衡阳,0.0056628234
咸宁,衡阳,0.0052272215999999
许昌,衡阳,0.0049368204
十堰,衡阳,0.0049368204
柳州,衡阳,0.0047916198
宜昌,衡阳,0.0047916198
漯河,衡阳,0.0046464192
清远,衡阳,0.0045012186
萍乡,衡阳,0.0042108174
黄冈,衡阳,0.0040656168
武汉,衡阳,0.0039204161999999
仙桃,衡阳,0.0039204161999999
惠州,衡阳,0.0037752156
恩施土家族苗族自治州,衡阳,0.003630015
南宁,衡阳,0.003630015
铜仁,衡阳,0.003630015
上饶,衡阳,0.0030492125999999
九江,衡阳,0.0029040119999999
达州,衡阳,0.0029040119999999
珠海,衡阳,0.0029040119999999
贺州,衡阳,0.0026136107999999
潜江,衡阳,0.0026136107999999
南昌,衡阳,0.0024684102
黔东南苗族侗族自治州,衡阳,0.0024684102
汉中,衡阳,0.0023232096
阜阳,衡阳,0.0023232096
河池,衡阳,0.0023232096
洛阳,衡阳,0.0023232096
贵港,衡阳,0.002178009
遵义,衡阳,0.002178009
南充,衡阳,0.0020328084
玉林,衡阳,0.0020328084
上海,衡阳,0.0020328084
江门,衡阳,0.0020328084
毕节,衡阳,0.0018876078
肇庆,衡阳,0.0018876078
抚州,衡阳,0.0018876078
商丘,衡阳,0.0018876078
安康,衡阳,0.0017424072
湛江,衡阳,0.0017424072
郑州,衡阳,0.0017424072
黔南布依族苗族自治州,衡阳,0.0017424072
贵阳,衡阳,0.0014520059999999
商洛,衡阳,0.0014520059999999
文山壮族苗族自治州,衡阳,0.0014520059999999
北京,衡阳,0.0014520059999999
开封,衡阳,0.0014520059999999
百色,衡阳,0.0014520059999999
黄石,衡阳,0.0014520059999999
茂名,衡阳,0.0014520059999999
安庆,衡阳,0.0014520059999999
泉州,衡阳,0.0014520059999999
梧州,衡阳,0.0013068053999999
钦州,衡阳,0.0013068053999999
杭州,衡阳,0.0013068053999999
焦作,衡阳,0.0013068053999999
安顺,衡阳,0.0013068053999999
新乡,衡阳,0.0011616048
三亚,衡阳,0.0011616048
来宾,衡阳,0.0011616048
西安,衡阳,0.0011616048
成都,衡阳,0.0011616048
北海,衡阳,0.0011616048
金华,衡阳,0.0010164042
泸州,衡阳,0.0010164042
揭阳,衡阳,0.0010164042
娄底,邵阳,0.1403148581999999
长沙,邵阳,0.12245660352
怀化,邵阳,0.08182671192
衡阳,邵阳,0.06727554144
永州,邵阳,0.06066137304
桂林,邵阳,0.02579525676
常德,邵阳,0.02040943392
重庆,邵阳,0.02003148144
株洲,邵阳,0.0193700646
湘潭,邵阳,0.0193700646
益阳,邵阳,0.0191810883599999
湘西土家族苗族自治州,邵阳,0.01833069528
岳阳,邵阳,0.01672439724
黔东南苗族侗族自治州,邵阳,0.01492912296
郴州,邵阳,0.01407872988
深圳,邵阳,0.0134173130399999
广州,邵阳,0.0122834556
张家界,邵阳,0.01199999124
毕节,邵阳,0.0113385743999999
东莞,邵阳,0.01048818132
铜仁,邵阳,0.01029920508
黔南布依族苗族自治州,邵阳,0.0089763714
遵义,邵阳,0.00793700208
黔西南布依族苗族自治州,邵阳,0.00727558524
安顺,邵阳,0.00727558524
达州,邵阳,0.007086609
曲靖,邵阳,0.00529133472
六盘水,邵阳,0.00510235848
南阳,邵阳,0.00462991788
贵阳,邵阳,0.00396850104
南充,邵阳,0.0037795248
荆州,邵阳,0.00368503668
襄阳,邵阳,0.00368503668
惠州,邵阳,0.0035905485599999
宜春,邵阳,0.0035905485599999
柳州,邵阳,0.00349606044
恩施土家族苗族自治州,邵阳,0.00340157232
佛山,邵阳,0.0033070841999999
昭通,邵阳,0.00321259608
赣州,邵阳,0.0028346435999999
吉安,邵阳,0.0028346435999999
南宁,邵阳,0.00274015548
萍乡,邵阳,0.00264566736
上饶,邵阳,0.00245669112
北京,邵阳,0.00245669112
河池,邵阳,0.00226771488
清远,邵阳,0.00226771488
宜昌,邵阳,0.00198425052
驻马店,邵阳,0.0018897624
中山,邵阳,0.0018897624
广安,邵阳,0.0017952742799999
十堰,邵阳,0.00170078616
咸宁,邵阳,0.00170078616
黄冈,邵阳,0.00170078616
贺州,邵阳,0.00160629804
泉州,邵阳,0.0015118099199999
南昌,邵阳,0.0015118099199999
平顶山,邵阳,0.0015118099199999
珠海,邵阳,0.0015118099199999
玉林,邵阳,0.0014173217999999
武汉,邵阳,0.0014173217999999
周口,邵阳,0.0014173217999999
百色,邵阳,0.0014173217999999
九江,邵阳,0.0014173217999999
韶关,邵阳,0.00132283368
上海,邵阳,0.00132283368
抚州,邵阳,0.00132283368
信阳,邵阳,0.00122834556
贵港,邵阳,0.00122834556
巴中,邵阳,0.00113385744
昆明,邵阳,0.00113385744
金华,邵阳,0.00113385744
安庆,邵阳,0.00103936932
台州,邵阳,0.00103936932
荆门,邵阳,0.00103936932
安康,邵阳,0.0009448812
泸州,邵阳,0.0009448812
阜阳,邵阳,0.0009448812
苏州,邵阳,0.0009448812
湛江,邵阳,0.0009448812
杭州,邵阳,0.0009448812
揭阳,邵阳,0.0009448812
文山壮族苗族自治州,邵阳,0.0009448812
福州,邵阳,0.0009448812
来宾,邵阳,0.0009448812
红河哈尼族彝族自治州,邵阳,0.00085039308
商丘,邵阳,0.00085039308
西安,邵阳,0.00085039308
茂名,邵阳,0.00085039308
梧州,邵阳,0.0007559049599999
咸阳,邵阳,0.0007559049599999
北海,邵阳,0.0007559049599999
孝感,邵阳,0.0007559049599999
成都,邵阳,0.0007559049599999
宜宾,邵阳,0.0007559049599999
随州,邵阳,0.0007559049599999
郑州,邵阳,0.0007559049599999
温州,邵阳,0.0007559049599999
莆田,邵阳,0.0007559049599999
天门,邵阳,0.00066141684
长沙,岳阳,0.2995396362
益阳,岳阳,0.155195838
荆州,岳阳,0.1276573284
常德,岳阳,0.048425769
邵阳,岳阳,0.0422412732
咸宁,岳阳,0.0387406152
娄底,岳阳,0.0319726764
衡阳,岳阳,0.0276551982
株洲,岳阳,0.0246212946
湘潭,岳阳,0.0211206366
怀化,岳阳,0.0179700444
永州,岳阳,0.0173866014
张家界,岳阳,0.0148194522
湘西土家族苗族自治州,岳阳,0.014586075
郴州,岳阳,0.0144693864
武汉,岳阳,0.0124856802
重庆,岳阳,0.011085417
九江,岳阳,0.0100352196
深圳,岳阳,0.008751645
南阳,岳阳,0.0079348248
广州,岳阳,0.0068846274
驻马店,岳阳,0.0060678072
宜春,岳阳,0.0051342984
宜昌,岳阳,0.0050176098
东莞,岳阳,0.0047842326
遵义,岳阳,0.0045508554
襄阳,岳阳,0.0044341668
黄冈,岳阳,0.0044341668
毕节,岳阳,0.0039674124
周口,岳阳,0.0039674124
恩施土家族苗族自治州,岳阳,0.0038507238
荆门,岳阳,0.0036173466
孝感,岳阳,0.0036173466
铜仁,岳阳,0.003500658
信阳,岳阳,0.0033839694
萍乡,岳阳,0.002917215
桂林,岳阳,0.0028005264
惠州,岳阳,0.0028005264
佛山,岳阳,0.0026838378
仙桃,岳阳,0.0025671492
吉安,岳阳,0.0024504606
黔南布依族苗族自治州,岳阳,0.0024504606
上海,岳阳,0.002333772
昭通,岳阳,0.0022170834
汉中,岳阳,0.0021003948
平顶山,岳阳,0.0021003948
赣州,岳阳,0.0021003948
郑州,岳阳,0.0021003948
潜江,岳阳,0.0019837062
黄石,岳阳,0.0019837062
十堰,岳阳,0.0019837062
洛阳,岳阳,0.0019837062
天门,岳阳,0.0018670176
随州,岳阳,0.001750329
南昌,岳阳,0.001750329
黔东南苗族侗族自治州,岳阳,0.001750329
阜阳,岳阳,0.001750329
达州,岳阳,0.0016336404
韶关,岳阳,0.0016336404
商丘,岳阳,0.0016336404
成都,岳阳,0.0016336404
北京,岳阳,0.0015169518
六盘水,岳阳,0.0015169518
贵阳,岳阳,0.0015169518
巴中,岳阳,0.0015169518
许昌,岳阳,0.0012835746
济宁,岳阳,0.0012835746
上饶,岳阳,0.0012835746
杭州,岳阳,0.0012835746
亳州,岳阳,0.001166886
抚州,岳阳,0.001166886
南充,岳阳,0.001166886
安庆,岳阳,0.001166886
福州,岳阳,0.001166886
安康,岳阳,0.001166886
中山,岳阳,0.0010501974
西安,岳阳,0.0010501974
安顺,岳阳,0.0010501974
漯河,岳阳,0.0010501974
柳州,岳阳,0.0010501974
南宁,岳阳,0.0010501974
莆田,岳阳,0.0010501974
开封,岳阳,0.0010501974
菏泽,岳阳,0.0010501974
珠海,岳阳,0.0010501974
新乡,岳阳,0.0009335088
合肥,岳阳,0.0009335088
清远,岳阳,0.0009335088
贵港,岳阳,0.0009335088
鄂州,岳阳,0.0009335088
咸阳,岳阳,0.0009335088
苏州,岳阳,0.0008168202
新余,岳阳,0.0008168202
安阳,岳阳,0.0008168202
运城,岳阳,0.0008168202
茂名,岳阳,0.0008168202
广安,岳阳,0.0008168202
玉林,岳阳,0.0008168202
邯郸,岳阳,0.0007001316
泉州,岳阳,0.0007001316
长沙,常德,0.1371587256
益阳,常德,0.131178528
张家界,常德,0.1083187404
荆州,常德,0.0883525968
怀化,常德,0.0517962276
岳阳,常德,0.03858192
邵阳,常德,0.0319265388
湘西土家族苗族自治州,常德,0.0302868072
衡阳,常德,0.0222810588
娄底,常德,0.0211236012
株洲,常德,0.014950494
重庆,常德,0.0142753104
湘潭,常德,0.0135036719999999
毕节,常德,0.0127320336
永州,常德,0.0122497595999999
恩施土家族苗族自治州,常德,0.0111887568
郴州,常德,0.0099348444
深圳,常德,0.0090667511999999
遵义,常德,0.0075234744
宜昌,常德,0.0074270196
广州,常德,0.0071376552
铜仁,常德,0.0064624716
黔南布依族苗族自治州,常德,0.0052085592
东莞,常德,0.0052085592
昭通,常德,0.0041475564
武汉,常德,0.0040511016
黔东南苗族侗族自治州,常德,0.003858192
安顺,常德,0.003858192
贵阳,常德,0.0037617372
南阳,常德,0.0036652824
达州,常德,0.0031830084
襄阳,常德,0.0030865536
黄冈,常德,0.0027971892
荆门,常德,0.0027007344
佛山,常德,0.0027007344
宜春,常德,0.0026042796
郑州,常德,0.00241137
惠州,常德,0.0022184604
六盘水,常德,0.0022184604
上海,常德,0.0021220056
九江,常德,0.0021220056
吉安,常德,0.0020255508
珠海,常德,0.0020255508
咸宁,常德,0.0018326412
中山,常德,0.0018326412
黔西南布依族苗族自治州,常德,0.0018326412
桂林,常德,0.0018326412
孝感,常德,0.0018326412
曲靖,常德,0.0017361864
周口,常德,0.0017361864
十堰,常德,0.0017361864
西安,常德,0.0017361864
萍乡,常德,0.0017361864
南充,常德,0.0016397316
北京,常德,0.0016397316
洛阳,常德,0.0015432768
驻马店,常德,0.0015432768
安康,常德,0.0015432768
赣州,常德,0.0015432768
阜阳,常德,0.0015432768
苏州,常德,0.0015432768
信阳,常德,0.001446822
上饶,常德,0.0013503672
汉中,常德,0.0013503672
成都,常德,0.0013503672
抚州,常德,0.0013503672
平顶山,常德,0.0013503672
广安,常德,0.0012539124
杭州,常德,0.0012539124
黄石,常德,0.0011574576
菏泽,常德,0.0011574576
清远,常德,0.0011574576
新乡,常德,0.0010610028
南昌,常德,0.0010610028
许昌,常德,0.0010610028
唐山,常德,0.0010610028
商丘,常德,0.0010610028
宜宾,常德,0.000964548
泉州,常德,0.000964548
随州,常德,0.000964548
潜江,常德,0.0008680932
柳州,常德,0.0008680932
巴中,常德,0.0008680932
安庆,常德,0.0008680932
天门,常德,0.0008680932
临沂,常德,0.0008680932
韶关,常德,0.0007716384
徐州,常德,0.0007716384
台州,常德,0.0007716384
福州,常德,0.0007716384
江门,常德,0.0007716384
亳州,常德,0.0007716384
仙桃,常德,0.0006751836
邯郸,常德,0.0006751836
盐城,常德,0.0006751836
宁波,常德,0.0006751836
济宁,常德,0.0005787288
泸州,常德,0.0005787288
昆明,常德,0.0005787288
咸阳,常德,0.0005787288
常德,张家界,0.10522708056
湘西土家族苗族自治州,张家界,0.09335151504
长沙,张家界,0.04036822272
怀化,张家界,0.02440363464
恩施土家族苗族自治州,张家界,0.01505108304
益阳,张家界,0.01361557512
邵阳,张家界,0.01344157416
娄底,张家界,0.0100050552
岳阳,张家界,0.00970055352
重庆,张家界,0.00883054872
衡阳,张家界,0.0071775396
株洲,张家界,0.0063075348
湘潭,张家界,0.00582903216
毕节,张家界,0.00395852184
永州,张家界,0.00365402016
铜仁,张家界,0.00330601824
荆州,张家界,0.00313201728
遵义,张家界,0.002175012
郴州,张家界,0.00213151176
昭通,张家界,0.00208801152
武汉,张家界,0.0017835098399999
桂林,张家界,0.0017400096
宜昌,张家界,0.00160950888
广州,张家界,0.00134850744
深圳,张家界,0.00134850744
郑州,张家界,0.00126150696
孝感,张家界,0.001087506
黔东南苗族侗族自治州,张家界,0.001087506
佛山,张家界,0.00100050552
达州,张家界,0.00100050552
南充,张家界,0.00100050552
南阳,张家界,0.00100050552
襄阳,张家界,0.00095700528
咸宁,张家界,0.00091350504
驻马店,张家界,0.0008700048
黔南布依族苗族自治州,张家界,0.0008700048
黄石,张家界,0.00078300432
洛阳,张家界,0.00078300432
上饶,张家界,0.00073950408
荆门,张家界,0.00073950408
东莞,张家界,0.00073950408
南昌,张家界,0.00069600384
潜江,张家界,0.00069600384
鄂州,张家界,0.00069600384
上海,张家界,0.0006525035999999
赣州,张家界,0.0006525035999999
宁波,张家界,0.00060900336
贵阳,张家界,0.00060900336
萍乡,张家界,0.00060900336
六盘水,张家界,0.00060900336
玉林,张家界,0.00060900336
福州,张家界,0.00056550312
曲靖,张家界,0.00056550312
成都,张家界,0.00056550312
黔西南布依族苗族自治州,张家界,0.00052200288
新乡,张家界,0.00052200288
安顺,张家界,0.00052200288
吉安,张家界,0.00047850264
抚州,张家界,0.00047850264
宜春,张家界,0.00047850264
黄冈,张家界,0.00047850264
西安,张家界,0.00047850264
周口,张家界,0.00047850264
中山,张家界,0.00047850264
巴中,张家界,0.00047850264
泸州,张家界,0.0004350024
遂宁,张家界,0.0004350024
广安,张家界,0.0004350024
仙桃,张家界,0.0004350024
徐州,张家界,0.00039150216
内江,张家界,0.00034800192
沧州,张家界,0.00034800192
平顶山,张家界,0.00034800192
九江,张家界,0.00034800192
北京,张家界,0.00034800192
江门,张家界,0.00030450168
商丘,张家界,0.00030450168
三亚,张家界,0.00030450168
惠州,张家界,0.00030450168
肇庆,张家界,0.00030450168
十堰,张家界,0.00026100144
盘锦,张家界,0.00026100144
绵阳,张家界,0.00026100144
合肥,张家界,0.00026100144
韶关,张家界,0.00026100144
清远,张家界,0.00026100144
许昌,张家界,0.00026100144
温州,张家界,0.00026100144
亳州,张家界,0.00026100144
莆田,张家界,0.00026100144
资阳,张家界,0.00026100144
杭州,张家界,0.0002175012
信阳,张家界,0.0002175012
来宾,张家界,0.0002175012
鹰潭,张家界,0.0002175012
安庆,张家界,0.0002175012
安康,张家界,0.0002175012
宿迁,张家界,0.0002175012
厦门,张家界,0.0002175012
保定,张家界,0.0002175012
长沙,益阳,0.25571318976
常德,益阳,0.140153976
岳阳,益阳,0.13093094016
娄底,益阳,0.0668217988799999
怀化,益阳,0.02866374864
邵阳,益阳,0.02459476224
衡阳,益阳,0.01889818128
湘潭,益阳,0.01880775936
株洲,益阳,0.0185364936
湘西土家族苗族自治州,益阳,0.01600467984
张家界,益阳,0.0153717263999999
荆州,益阳,0.01094105232
郴州,益阳,0.00967514544
永州,益阳,0.00967514544
重庆,益阳,0.00795712896
广州,益阳,0.00641995632
深圳,益阳,0.0058774248
东莞,益阳,0.00443067408
铜仁,益阳,0.0036168768
遵义,益阳,0.00289350144
南阳,益阳,0.0028030795199999
佛山,益阳,0.0026222356799999
襄阳,益阳,0.00235096992
武汉,益阳,0.00235096992
恩施土家族苗族自治州,益阳,0.00235096992
宜春,益阳,0.00217012608
毕节,益阳,0.00207970416
惠州,益阳,0.0018988603199999
吉安,益阳,0.0018084384
昭通,益阳,0.0018084384
宜昌,益阳,0.00171801648
黔南布依族苗族自治州,益阳,0.00162759456
咸宁,益阳,0.00162759456
赣州,益阳,0.00144675072
黔东南苗族侗族自治州,益阳,0.0013563287999999
九江,益阳,0.0013563287999999
南昌,益阳,0.0013563287999999
孝感,益阳,0.0013563287999999
上饶,益阳,0.0013563287999999
桂林,益阳,0.0013563287999999
汉中,益阳,0.00126590688
周口,益阳,0.00126590688
中山,益阳,0.00117548496
达州,益阳,0.00117548496
荆门,益阳,0.00117548496
平顶山,益阳,0.00117548496
随州,益阳,0.00108506304
西安,益阳,0.00108506304
上海,益阳,0.00108506304
抚州,益阳,0.00108506304
黄冈,益阳,0.00099464112
萍乡,益阳,0.00099464112
南充,益阳,0.00099464112
韶关,益阳,0.00099464112
郑州,益阳,0.00099464112
安康,益阳,0.00099464112
驻马店,益阳,0.00099464112
成都,益阳,0.0009042192
巴中,益阳,0.0009042192
南宁,益阳,0.0009042192
十堰,益阳,0.0009042192
阜阳,益阳,0.00081379728
安顺,益阳,0.00081379728
柳州,益阳,0.00081379728
河池,益阳,0.00072337536
商丘,益阳,0.00072337536
广安,益阳,0.00072337536
贵阳,益阳,0.00072337536
湛江,益阳,0.00072337536
黄石,益阳,0.00072337536
信阳,益阳,0.00063295344
清远,益阳,0.00063295344
珠海,益阳,0.00063295344
北京,益阳,0.00063295344
商洛,益阳,0.00063295344
曲靖,益阳,0.00063295344
黔西南布依族苗族自治州,益阳,0.00054253152
新乡,益阳,0.00054253152
肇庆,益阳,0.00054253152
咸阳,益阳,0.00054253152
宁波,益阳,0.00054253152
潜江,益阳,0.00054253152
福州,益阳,0.00054253152
台州,益阳,0.00054253152
玉林,益阳,0.00054253152
泉州,益阳,0.0004521096
梅州,益阳,0.0004521096
嘉兴,益阳,0.0004521096
海口,益阳,0.0004521096
宜宾,益阳,0.0004521096
来宾,益阳,0.0004521096
南通,益阳,0.0004521096
泸州,益阳,0.0004521096
渭南,益阳,0.0004521096
茂名,益阳,0.00036168768
安庆,益阳,0.00036168768
天门,益阳,0.00036168768
济南,益阳,0.00036168768
贵港,益阳,0.00036168768
仙桃,益阳,0.00036168768
衡阳,郴州,0.3083481432
永州,郴州,0.14611812912
长沙,郴州,0.079864947
株洲,郴州,0.07208679564
常德,郴州,0.05097467052
岳阳,郴州,0.0493079238
邵阳,郴州,0.04639111704
韶关,郴州,0.03986302572
益阳,郴州,0.03944633904
娄底,郴州,0.03694621896
荆州,郴州,0.03097370988
南阳,郴州,0.02889027648
湘潭,郴州,0.02764021644
驻马店,郴州,0.01986206508
广州,郴州,0.01763973612
怀化,郴州,0.01680636276
东莞,郴州,0.01638967608
重庆,郴州,0.01611188496
襄阳,郴州,0.01611188496
赣州,郴州,0.01375066044
吉安,郴州,0.01291728708
咸宁,郴州,0.01236170484
深圳,郴州,0.01208391372
清远,郴州,0.01208391372
孝感,郴州,0.01097274924
天门,郴州,0.00986158476
张家界,郴州,0.00944489808
荆门,郴州,0.00930600252
信阳,郴州,0.00888931584
仙桃,郴州,0.00736146468
随州,郴州,0.00722256912
周口,郴州,0.00666698688
桂林,郴州,0.0062503002
湘西土家族苗族自治州,郴州,0.00527803128
佛山,郴州,0.00527803128
宜昌,郴州,0.0048613446
许昌,郴州,0.0048613446
达州,郴州,0.0048613446
漯河,郴州,0.00472244904
武汉,郴州,0.00472244904
萍乡,郴州,0.00472244904
黄冈,郴州,0.00458355348
平顶山,郴州,0.00444465792
惠州,郴州,0.00430576236
汉中,郴州,0.00375018012
宜春,郴州,0.003472389
中山,郴州,0.00333349344
十堰,郴州,0.00319459788
恩施土家族苗族自治州,郴州,0.00319459788
铜仁,郴州,0.00305570232
潜江,郴州,0.00291680676
珠海,郴州,0.0027779112
九江,郴州,0.0027779112
安康,郴州,0.00263901564
黔东南苗族侗族自治州,郴州,0.00222232896
贺州,郴州,0.0020834334
郑州,郴州,0.00194453784
商丘,郴州,0.00180564228
柳州,郴州,0.00180564228
庆阳,郴州,0.00180564228
洛阳,郴州,0.00166674672
南充,郴州,0.00166674672
南昌,郴州,0.00166674672
茂名,郴州,0.00152785116
咸阳,郴州,0.00152785116
阜阳,郴州,0.00152785116
南宁,郴州,0.0013889556
湛江,郴州,0.0013889556
抚州,郴州,0.0013889556
肇庆,郴州,0.0013889556
福州,郴州,0.0013889556
黄石,郴州,0.0013889556
江门,郴州,0.0013889556
玉林,郴州,0.0013889556
来宾,郴州,0.0013889556
河源,郴州,0.0013889556
上海,郴州,0.00125006004
西安,郴州,0.00125006004
河池,郴州,0.00125006004
渭南,郴州,0.00125006004
上饶,郴州,0.00125006004
开封,郴州,0.00125006004
遵义,郴州,0.00125006004
汕尾,郴州,0.00111116448
巴中,郴州,0.00111116448
广安,郴州,0.00111116448
揭阳,郴州,0.00097226892
梅州,郴州,0.00097226892
梧州,郴州,0.00097226892
贵港,郴州,0.00097226892
黔南布依族苗族自治州,郴州,0.00097226892
泉州,郴州,0.00097226892
邯郸,郴州,0.00097226892
汕头,郴州,0.00097226892
焦作,郴州,0.00083337336
毕节,郴州,0.00083337336
莆田,郴州,0.00083337336
新乡,郴州,0.00083337336
运城,郴州,0.00083337336
杭州,郴州,0.0006944778
衡阳,永州,0.18397370916
邵阳,永州,0.1679710608
郴州,永州,0.09726432372
长沙,永州,0.06117324444
桂林,永州,0.05300167932
常德,永州,0.04914288468
贺州,永州,0.03994987392
娄底,永州,0.03166481484
怀化,永州,0.03166481484
重庆,永州,0.0249686712
益阳,永州,0.02360674368
张家界,永州,0.0215638524
南阳,永州,0.0164566242
岳阳,永州,0.0158891544
荆州,永州,0.01486770876
东莞,永州,0.01486770876
广州,永州,0.014186745
株洲,永州,0.01339228728
湘西土家族苗族自治州,永州,0.01316529936
襄阳,永州,0.0130518054
深圳,永州,0.01089542016
湘潭,永州,0.0107819262
清远,永州,0.0102144564
达州,永州,0.00817156512
铜仁,永州,0.00760409532
宜昌,永州,0.00612867384
佛山,永州,0.00612867384
恩施土家族苗族自治州,永州,0.00544771008
南宁,永州,0.0051072282
柳州,永州,0.0046532523599999
十堰,永州,0.0045397584
惠州,永州,0.0045397584
玉林,永州,0.00442626444
赣州,永州,0.00419927652
黔东南苗族侗族自治州,永州,0.00419927652
宜春,永州,0.00374530068
梧州,永州,0.00363180672
吉安,永州,0.00351831276
南充,永州,0.00329132484
安康,永州,0.00317783088
贵港,永州,0.00295084296
汉中,永州,0.002837349
河池,永州,0.002837349
韶关,永州,0.00272385504
遵义,永州,0.00272385504
荆门,永州,0.00261036108
中山,永州,0.00261036108
肇庆,永州,0.0022698792
九江,永州,0.00215638524
茂名,永州,0.00192939732
咸宁,永州,0.00192939732
驻马店,永州,0.00192939732
湛江,永州,0.00192939732
黄冈,永州,0.00192939732
孝感,永州,0.00181590336
毕节,永州,0.00181590336
江门,永州,0.00181590336
来宾,永州,0.0017024094
信阳,永州,0.0017024094
北海,永州,0.00158891544
黔南布依族苗族自治州,永州,0.00158891544
广安,永州,0.00158891544
上饶,永州,0.00158891544
周口,永州,0.00147542148
抚州,永州,0.00147542148
北京,永州,0.00136192752
武汉,永州,0.00124843356
巴中,永州,0.00124843356
南昌,永州,0.00124843356
文山壮族苗族自治州,永州,0.00124843356
钦州,永州,0.00124843356
百色,永州,0.00124843356
珠海,永州,0.00124843356
泉州,永州,0.0011349396
萍乡,永州,0.00102144564
上海,永州,0.00102144564
随州,永州,0.00090795168
梅州,永州,0.00090795168
郑州,永州,0.00090795168
阳江,永州,0.00079445772
金华,永州,0.00079445772
阜阳,永州,0.00079445772
宁波,永州,0.00079445772
许昌,永州,0.00079445772
汕头,永州,0.00068096376
云浮,永州,0.00068096376
揭阳,永州,0.00068096376
杭州,永州,0.00068096376
安顺,永州,0.00068096376
昆明,永州,0.00068096376
河源,永州,0.00068096376
开封,永州,0.00068096376
西安,永州,0.0005674698
宜宾,永州,0.0005674698
莆田,永州,0.0005674698
仙桃,永州,0.0005674698
绍兴,永州,0.0005674698
平顶山,永州,0.0005674698
天门,永州,0.0005674698
昭通,永州,0.0005674698
邵阳,怀化,0.13794686208
湘西土家族苗族自治州,怀化,0.1144210406399999
黔东南苗族侗族自治州,怀化,0.0680823014399999
长沙,怀化,0.0587254406399999
铜仁,怀化,0.0536460019199999
娄底,怀化,0.0424177689599999
常德,怀化,0.03912058944
重庆,怀化,0.02824880832
益阳,怀化,0.0231693696
张家界,怀化,0.02201090112
毕节,怀化,0.01898106048
衡阳,怀化,0.0178225919999999
湘潭,怀化,0.01220847552
岳阳,怀化,0.01113912
永州,怀化,0.01087178112
达州,怀化,0.0102479903999999
遵义,怀化,0.00962419968
株洲,怀化,0.00953508672
黔西南布依族苗族自治州,怀化,0.00944597376
曲靖,怀化,0.00837661824
桂林,怀化,0.00810927936
柳州,怀化,0.00784194048
黔南布依族苗族自治州,怀化,0.00686169792
六盘水,怀化,0.00686169792
安顺,怀化,0.00677258496
昭通,怀化,0.0066834719999999
郴州,怀化,0.00641613312
贵阳,怀化,0.00570322944
南充,怀化,0.00499032576
深圳,怀化,0.00472298688
东莞,怀化,0.00365363136
恩施土家族苗族自治州,怀化,0.00365363136
广州,怀化,0.00365363136
上饶,怀化,0.00294072768
广安,怀化,0.00240604992
杭州,怀化,0.00240604992
宜春,怀化,0.0022278239999999
南昌,怀化,0.00204959808
巴中,怀化,0.00204959808
吉安,怀化,0.00204959808
金华,怀化,0.00169314624
北京,怀化,0.00169314624
荆州,怀化,0.00169314624
南阳,怀化,0.00160403328
泉州,怀化,0.00160403328
昆明,怀化,0.00160403328
安庆,怀化,0.00142580736
赣州,怀化,0.00142580736
南宁,怀化,0.00142580736
周口,怀化,0.00142580736
成都,怀化,0.0013366944
佛山,怀化,0.0013366944
惠州,怀化,0.00124758144
黄冈,怀化,0.00124758144
福州,怀化,0.00124758144
抚州,怀化,0.00124758144
上海,怀化,0.00124758144
宜宾,怀化,0.00115846848
泸州,怀化,0.00115846848
温州,怀化,0.00098024256
孝感,怀化,0.00098024256
红河哈尼族彝族自治州,怀化,0.00098024256
武汉,怀化,0.00098024256
襄阳,怀化,0.0008911296
河池,怀化,0.0008911296
贺州,怀化,0.0008911296
玉林,怀化,0.0008911296
宜昌,怀化,0.0008911296
信阳,怀化,0.0008911296
商丘,怀化,0.0008911296
萍乡,怀化,0.0008911296
宁波,怀化,0.00080201664
贵港,怀化,0.00080201664
自贡,怀化,0.00080201664
枣庄,怀化,0.00080201664
驻马店,怀化,0.00080201664
内江,怀化,0.00071290368
九江,怀化,0.00071290368
苏州,怀化,0.00071290368
安康,怀化,0.00071290368
绍兴,怀化,0.00071290368
北海,怀化,0.00071290368
绵阳,怀化,0.00071290368
阜阳,怀化,0.00062379072
平顶山,怀化,0.00062379072
楚雄彝族自治州,怀化,0.00062379072
钦州,怀化,0.00062379072
珠海,怀化,0.00062379072
莆田,怀化,0.00062379072
广元,怀化,0.00062379072
亳州,怀化,0.00062379072
荆门,怀化,0.00062379072
鹰潭,怀化,0.00062379072
来宾,怀化,0.00053467776
遂宁,怀化,0.00053467776
济宁,怀化,0.00053467776
菏泽,怀化,0.00053467776
咸宁,怀化,0.00053467776
湛江,怀化,0.00053467776
清远,怀化,0.00053467776
邵阳,娄底,0.18449774028
长沙,娄底,0.12610935036
湘潭,娄底,0.09428289192
益阳,娄底,0.06995439612
衡阳,娄底,0.03741004764
怀化,娄底,0.03278364516
常德,娄底,0.0251261513999999
株洲,娄底,0.01810678212
岳阳,娄底,0.0171495954
郴州,娄底,0.01292202072
永州,娄底,0.0127624896
湘西土家族苗族自治州,娄底,0.01148624064
张家界,娄底,0.00893374272
重庆,娄底,0.00606218256
深圳,娄底,0.00550382364
毕节,娄底,0.00534429252
广州,娄底,0.00406804356
遵义,娄底,0.00374898132
黔东南苗族侗族自治州,娄底,0.00366921576
南阳,娄底,0.00335015352
铜仁,娄底,0.0032703879599999
六盘水,娄底,0.0032703879599999
东莞,娄底,0.00311085684
宜春,娄底,0.00295132572
黔南布依族苗族自治州,娄底,0.00295132572
安顺,娄底,0.00295132572
襄阳,娄底,0.00287156016
荆州,娄底,0.00255249792
曲靖,娄底,0.00247273236
桂林,娄底,0.00223343568
吉安,娄底,0.00223343568
黔西南布依族苗族自治州,娄底,0.00183460788
昭通,娄底,0.00183460788
佛山,娄底,0.00183460788
武汉,娄底,0.00175484232
贵阳,娄底,0.00175484232
恩施土家族苗族自治州,娄底,0.00175484232
宜昌,娄底,0.00167507676
萍乡,娄底,0.0015953112
惠州,娄底,0.00151554564
赣州,娄底,0.00135601452
上海,娄底,0.00135601452
达州,娄底,0.00127624896
安康,娄底,0.00127624896
上饶,娄底,0.00127624896
南昌,娄底,0.0011964833999999
孝感,娄底,0.00103695228
信阳,娄底,0.00103695228
邯郸,娄底,0.00103695228
九江,娄底,0.00095718672
汉中,娄底,0.00095718672
平顶山,娄底,0.00095718672
温州,娄底,0.00095718672
金华,娄底,0.00095718672
黄石,娄底,0.00087742116
昆明,娄底,0.00087742116
清远,娄底,0.00087742116
黄冈,娄底,0.00087742116
荆门,娄底,0.00087742116
梧州,娄底,0.00087742116
运城,娄底,0.00087742116
咸宁,娄底,0.0007976556
周口,娄底,0.0007976556
驻马店,娄底,0.0007976556
十堰,娄底,0.0007976556
南宁,娄底,0.0007976556
杭州,娄底,0.0007976556
郑州,娄底,0.0007976556
中山,娄底,0.00071789004
贵港,娄底,0.00071789004
北京,娄底,0.00063812448
安庆,娄底,0.00063812448
南充,娄底,0.00063812448
贺州,娄底,0.00063812448
抚州,娄底,0.00063812448
徐州,娄底,0.00063812448
柳州,娄底,0.00055835892
江门,娄底,0.00055835892
安阳,娄底,0.00055835892
西安,娄底,0.00055835892
新余,娄底,0.00055835892
韶关,娄底,0.00055835892
宁波,娄底,0.00047859336
成都,娄底,0.00047859336
湛江,娄底,0.00047859336
玉林,娄底,0.00047859336
珠海,娄底,0.00047859336
商丘,娄底,0.00047859336
莆田,娄底,0.00047859336
苏州,娄底,0.0003988278
厦门,娄底,0.0003988278
亳州,娄底,0.0003988278
福州,娄底,0.0003988278
来宾,娄底,0.0003988278
河池,娄底,0.0003988278
遂宁,娄底,0.00031906224
大理白族自治州,娄底,0.00031906224
合肥,娄底,0.00031906224
宜宾,娄底,0.00031906224
三亚,娄底,0.00031906224
怀化,湘西土家族苗族自治州,0.11776083264
张家界,湘西土家族苗族自治州,0.08261570376
恩施土家族苗族自治州,湘西土家族苗族自治州,0.08092535688
铜仁,湘西土家族苗族自治州,0.06331757688
重庆,湘西土家族苗族自治州,0.05923257192
长沙,湘西土家族苗族自治州,0.04585065912
邵阳,湘西土家族苗族自治州,0.03148271064
常德,湘西土家族苗族自治州,0.0295810704
娄底,湘西土家族苗族自治州,0.01774864224
益阳,湘西土家族苗族自治州,0.01218458376
岳阳,湘西土家族苗族自治州,0.00894475224
衡阳,湘西土家族苗族自治州,0.00852216552
达州,湘西土家族苗族自治州,0.00767699208
株洲,湘西土家族苗族自治州,0.00732483648
湘潭,湘西土家族苗族自治州,0.00725440536
毕节,湘西土家族苗族自治州,0.00683181864
遵义,湘西土家族苗族自治州,0.0045780228
永州,湘西土家族苗族自治州,0.00415543608
黔东南苗族侗族自治州,湘西土家族苗族自治州,0.00359198712
昭通,湘西土家族苗族自治州,0.003521556
郴州,湘西土家族苗族自治州,0.003521556
南充,湘西土家族苗族自治州,0.00309896928
桂林,湘西土家族苗族自治州,0.00267638256
曲靖,湘西土家族苗族自治州,0.00232422696
六盘水,湘西土家族苗族自治州,0.00218336472
巴中,湘西土家族苗族自治州,0.0021129336
深圳,湘西土家族苗族自治州,0.00204250248
广州,湘西土家族苗族自治州,0.00197207136
荆州,湘西土家族苗族自治州,0.00197207136
贵阳,湘西土家族苗族自治州,0.00190164024
黔南布依族苗族自治州,湘西土家族苗族自治州,0.00183120912
宁波,湘西土家族苗族自治州,0.001760778
南阳,湘西土家族苗族自治州,0.00161991576
广安,湘西土家族苗族自治州,0.00154948464
安顺,湘西土家族苗族自治州,0.00154948464
武汉,湘西土家族苗族自治州,0.00147905352
上饶,湘西土家族苗族自治州,0.00147905352
黔西南布依族苗族自治州,湘西土家族苗族自治州,0.0014086224
宜春,湘西土家族苗族自治州,0.0014086224
孝感,湘西土家族苗族自治州,0.00133819128
襄阳,湘西土家族苗族自治州,0.00126776016
黄冈,湘西土家族苗族自治州,0.00126776016
东莞,湘西土家族苗族自治州,0.00119732904
抚州,湘西土家族苗族自治州,0.00119732904
杭州,湘西土家族苗族自治州,0.00112689792
九江,湘西土家族苗族自治州,0.00112689792
安庆,湘西土家族苗族自治州,0.00098603568
南昌,湘西土家族苗族自治州,0.00098603568
佛山,湘西土家族苗族自治州,0.00091560456
金华,湘西土家族苗族自治州,0.00091560456
宜昌,湘西土家族苗族自治州,0.00091560456
广元,湘西土家族苗族自治州,0.00091560456
昆明,湘西土家族苗族自治州,0.0008451734399999
黄石,湘西土家族苗族自治州,0.0008451734399999
温州,湘西土家族苗族自治州,0.0008451734399999
郑州,湘西土家族苗族自治州,0.00077474232
萍乡,湘西土家族苗族自治州,0.00077474232
上海,湘西土家族苗族自治州,0.00077474232
惠州,湘西土家族苗族自治州,0.00077474232
绵阳,湘西土家族苗族自治州,0.00077474232
驻马店,湘西土家族苗族自治州,0.0007043112
成都,湘西土家族苗族自治州,0.0007043112
宜宾,湘西土家族苗族自治州,0.0007043112
泉州,湘西土家族苗族自治州,0.0007043112
泸州,湘西土家族苗族自治州,0.0007043112
周口,湘西土家族苗族自治州,0.00063388008
北京,湘西土家族苗族自治州,0.00063388008
信阳,湘西土家族苗族自治州,0.00063388008
福州,湘西土家族苗族自治州,0.00063388008
吉安,湘西土家族苗族自治州,0.00063388008
赣州,湘西土家族苗族自治州,0.00063388008
平顶山,湘西土家族苗族自治州,0.00063388008
柳州,湘西土家族苗族自治州,0.00063388008
河池,湘西土家族苗族自治州,0.00063388008
许昌,湘西土家族苗族自治州,0.00063388008
咸宁,湘西土家族苗族自治州,0.00056344896
十堰,湘西土家族苗族自治州,0.00056344896
商丘,湘西土家族苗族自治州,0.00056344896
内江,湘西土家族苗族自治州,0.00056344896
亳州,湘西土家族苗族自治州,0.00049301784
阜阳,湘西土家族苗族自治州,0.00049301784
红河哈尼族彝族自治州,湘西土家族苗族自治州,0.00049301784
贵港,湘西土家族苗族自治州,0.00049301784
安阳,湘西土家族苗族自治州,0.0004225867199999
天门,湘西土家族苗族自治州,0.0004225867199999
遂宁,湘西土家族苗族自治州,0.0004225867199999
湖州,湘西土家族苗族自治州,0.0004225867199999
新乡,湘西土家族苗族自治州,0.0004225867199999
菏泽,湘西土家族苗族自治州,0.0004225867199999
新余,湘西土家族苗族自治州,0.0003521556
汉中,湘西土家族苗族自治州,0.0003521556
北海,湘西土家族苗族自治州,0.0003521556
西安,湘西土家族苗族自治州,0.0003521556
贺州,湘西土家族苗族自治州,0.0003521556
无锡,湘西土家族苗族自治州,0.0003521556
徐州,湘西土家族苗族自治州,0.0003521556
南宁,湘西土家族苗族自治州,0.0003521556
清远,湘西土家族苗族自治州,0.0003521556
漯河,湘西土家族苗族自治州,0.0003521556
绍兴,湘西土家族苗族自治州,0.00028172448
佛山,广州,1.3131775209599998
湛江,广州,1.18392776496
清远,广州,1.11671789184
茂名,广州,1.0684646496
梅州,广州,0.94438488384
揭阳,广州,0.71690531328
韶关,广州,0.65314210032
肇庆,广州,0.6376321295999999
汕头,广州,0.5256156743999999
东莞,广州,0.4894257427199999
惠州,广州,0.4790857622399999
江门,广州,0.42910918992
衡阳,广州,0.4101525590399999
深圳,广州,0.4067058988799999
云浮,广州,0.4032592387199999
汕尾,广州,0.37223929728
河源,广州,0.3567293265599999
阳江,广州,0.3463893460799999
赣州,广州,0.3153694046399999
潮州,广州,0.2671161623999999
中山,广州,0.22920290064
郴州,广州,0.1947362990399999
贵港,广州,0.1809496584
玉林,广州,0.17922632832
永州,广州,0.17060967792
邵阳,广州,0.15682303728
珠海,广州,0.1550997072
梧州,广州,0.14992971696
南宁,广州,0.1016764747199999
钦州,广州,0.0982298145599999
重庆,广州,0.09133649424
吉安,广州,0.0844431739199999
宜春,广州,0.08271984384
常德,广州,0.07927318368
桂林,广州,0.07927318368
株洲,广州,0.0775498536
岳阳,广州,0.0689332032
贺州,广州,0.06720987312
驻马店,广州,0.06548654304
益阳,广州,0.06548654304
荆州,广州,0.06203988288
长沙,广州,0.06203988288
娄底,广州,0.0603165527999999
抚州,广州,0.05686989264
黄冈,广州,0.0499765723199999
九江,广州,0.04652991216
怀化,广州,0.04480658208
上饶,广州,0.04480658208
南充,广州,0.0430832519999999
河池,广州,0.0430832519999999
南阳,广州,0.04135992192
周口,广州,0.04135992192
信阳,广州,0.03791326176
来宾,广州,0.0361899316799999
柳州,广州,0.0344666016
湘潭,广州,0.03274327152
南昌,广州,0.03274327152
襄阳,广州,0.03101994144
武汉,广州,0.03101994144
百色,广州,0.03101994144
漳州,广州,0.03101994144
天门,广州,0.03101994144
北海,广州,0.02929661136
达州,广州,0.02929661136
泉州,广州,0.0275732812799999
龙岩,广州,0.0275732812799999
萍乡,广州,0.0258499512
咸宁,广州,0.0258499512
孝感,广州,0.0258499512
遵义,广州,0.02412662112
福州,广州,0.02240329104
成都,广州,0.02240329104
崇左,广州,0.01895663088
上海,广州,0.01895663088
湘西土家族苗族自治州,广州,0.0172333008
莆田,广州,0.0172333008
温州,广州,0.0172333008
宜昌,广州,0.01550997072
海口,广州,0.01550997072
北京,广州,0.01550997072
铜仁,广州,0.01550997072
南平,广州,0.01550997072
安庆,广州,0.0137866406399999
商丘,广州,0.0137866406399999
荆门,广州,0.0137866406399999
阜阳,广州,0.0137866406399999
广安,广州,0.0137866406399999
黔东南苗族侗族自治州,广州,0.0137866406399999
仙桃,广州,0.0137866406399999
三亚,广州,0.0137866406399999
郑州,广州,0.0137866406399999
黄石,广州,0.0137866406399999
内江,广州,0.01206331056
黔南布依族苗族自治州,广州,0.01206331056
宜宾,广州,0.01206331056
泸州,广州,0.01206331056
恩施土家族苗族自治州,广州,0.01206331056
毕节,广州,0.01206331056
西安,广州,0.01206331056
许昌,广州,0.01206331056
郴州,韶关,0.1291345254
清远,韶关,0.09407671128
广州,韶关,0.09063967068
衡阳,韶关,0.05224301712
赣州,韶关,0.04536893592
株洲,韶关,0.0437977173599999
佛山,韶关,0.0301477561199999
河源,韶关,0.02513949696
深圳,韶关,0.02327367492
东莞,韶关,0.02248806564
梅州,韶关,0.02130965172
岳阳,韶关,0.0176762088
永州,韶关,0.01689059952
惠州,韶关,0.01581038676
吉安,韶关,0.0157121856
邵阳,韶关,0.01541758212
常德,韶关,0.01217694384
肇庆,韶关,0.0113913345599999
萍乡,韶关,0.01090032876
揭阳,韶关,0.01060572528
娄底,韶关,0.00972191484
长沙,韶关,0.0093291101999999
驻马店,韶关,0.0092309090399999
益阳,韶关,0.00903450672
茂名,韶关,0.0088381044
湘潭,韶关,0.0088381044
咸宁,韶关,0.00864170208
湛江,韶关,0.00854350092
中山,韶关,0.00805249512
重庆,韶关,0.00765969048
荆州,韶关,0.00746328816
宜春,韶关,0.00746328816
汕头,韶关,0.00667767888
江门,韶关,0.00657947772
南阳,韶关,0.00648127656
珠海,韶关,0.0058920696
阳江,韶关,0.00520466148
孝感,韶关,0.00510646032
云浮,韶关,0.00500825916
九江,韶关,0.00471365568
襄阳,韶关,0.0046154545199999
怀化,韶关,0.00432085104
汕尾,韶关,0.00402624756
黄冈,韶关,0.00363344292
桂林,韶关,0.00363344292
玉林,韶关,0.0035352417599999
信阳,韶关,0.00324063828
周口,韶关,0.00304423596
潮州,韶关,0.0029460348
南充,韶关,0.0028478336399999
达州,韶关,0.00274963248
贵港,韶关,0.00255323016
抚州,韶关,0.002455029
荆门,韶关,0.00235682784
南昌,韶关,0.00235682784
随州,韶关,0.00225862668
上饶,韶关,0.00225862668
天门,韶关,0.00216042552
贺州,韶关,0.00206222436
武汉,韶关,0.0019640232
宜昌,韶关,0.00186582204
仙桃,韶关,0.0017676208799999
汉中,韶关,0.00166941972
湘西土家族苗族自治州,韶关,0.00157121856
南宁,韶关,0.0014730174
泉州,韶关,0.00137481624
恩施土家族苗族自治州,韶关,0.00137481624
梧州,韶关,0.00137481624
商丘,韶关,0.00137481624
平顶山,韶关,0.00137481624
铜仁,韶关,0.00127661508
许昌,韶关,0.00127661508
张家界,韶关,0.00117841392
十堰,韶关,0.00117841392
黄石,韶关,0.00117841392
阜阳,韶关,0.00108021276
遵义,韶关,0.00108021276
漯河,韶关,0.00108021276
钦州,韶关,0.00108021276
新余,韶关,0.0009820116
黔东南苗族侗族自治州,韶关,0.0008838104399999
郑州,韶关,0.0008838104399999
安庆,韶关,0.00078560928
福州,韶关,0.00078560928
广安,韶关,0.00068740812
亳州,韶关,0.00068740812
庆阳,韶关,0.00068740812
河池,韶关,0.00068740812
徐州,韶关,0.00068740812
开封,韶关,0.00068740812
龙岩,韶关,0.00058920696
安康,韶关,0.00058920696
百色,韶关,0.00058920696
柳州,韶关,0.00058920696
濮阳,韶关,0.00058920696
洛阳,韶关,0.00058920696
三明,韶关,0.00058920696
潜江,韶关,0.00058920696
漳州,韶关,0.0004910058
合肥,韶关,0.0004910058
惠州,深圳,1.3007371910400003
梅州,深圳,1.1165766958800003
东莞,深圳,1.03362151788
茂名,深圳,0.8560974369600001
揭阳,深圳,0.7250282557200001
河源,深圳,0.6901870809600001
汕尾,深圳,0.6686187346800001
湛江,深圳,0.53589044988
广州,深圳,0.4396624434
汕头,深圳,0.41643499356
赣州,深圳,0.40482126864
玉林,深圳,0.331820712
吉安,深圳,0.3069341586
邵阳,深圳,0.29366133012
衡阳,深圳,0.2737520874
韶关,深圳,0.26047925892
永州,深圳,0.2322744984
郴州,深圳,0.20075153076
云浮,深圳,0.165910356
阳江,深圳,0.165910356
清远,深圳,0.16259214888
贵港,深圳,0.15927394176
佛山,深圳,0.15263752752
宜春,深圳,0.14766021684
黄冈,深圳,0.14766021684
重庆,深圳,0.13936469904
潮州,深圳,0.13438738836
江门,深圳,0.13106918124
株洲,深圳,0.12609187056
中山,深圳,0.12111455988
肇庆,深圳,0.12111455988
抚州,深圳,0.11945545632
九江,深圳,0.11945545632
桂林,深圳,0.11779635276
南宁,深圳,0.11779635276
梧州,深圳,0.1161372492
怀化,深圳,0.1078417314
岳阳,深圳,0.10452352428
常德,深圳,0.09788711004
钦州,深圳,0.09622800648
珠海,深圳,0.09456890292
河池,深圳,0.0912506958
上饶,深圳,0.08959159224
荆州,深圳,0.082955178
娄底,深圳,0.07963697088
长沙,深圳,0.07797786732
南阳,深圳,0.07631876376
驻马店,深圳,0.07631876376
益阳,深圳,0.07300055664
贺州,深圳,0.07300055664
襄阳,深圳,0.07134145308
来宾,深圳,0.0663641424
南充,深圳,0.06470503884
崇左,深圳,0.06470503884
百色,深圳,0.06304593528
达州,深圳,0.06138683172
周口,深圳,0.06138683172
咸宁,深圳,0.05972772816
泉州,深圳,0.05972772816
萍乡,深圳,0.05475041748
柳州,深圳,0.05475041748
南昌,深圳,0.0497731068
信阳,深圳,0.0497731068
武汉,深圳,0.0497731068
龙岩,深圳,0.04645489968
北海,深圳,0.04479579612
孝感,深圳,0.041477589
漳州,深圳,0.041477589
湘潭,深圳,0.03981848544
成都,深圳,0.03152296764
黄石,深圳,0.03152296764
安庆,深圳,0.02986386408
毕节,深圳,0.02986386408
新余,深圳,0.02820476052
莆田,深圳,0.02820476052
随州,深圳,0.02820476052
商丘,深圳,0.02654565696
北京,深圳,0.02654565696
上海,深圳,0.02654565696
荆门,深圳,0.0248865534
福州,深圳,0.0248865534
广安,深圳,0.02322744984
阜阳,深圳,0.02322744984
黔东南苗族侗族自治州,深圳,0.02322744984
湘西土家族苗族自治州,深圳,0.02156834628
遵义,深圳,0.02156834628
十堰,深圳,0.02156834628
黔西南布依族苗族自治州,深圳,0.02156834628
宜昌,深圳,0.02156834628
黔南布依族苗族自治州,深圳,0.01990924272
厦门,深圳,0.01990924272
西安,深圳,0.01990924272
张家界,深圳,0.01825013916
汉中,深圳,0.01825013916
文山壮族苗族自治州,深圳,0.0165910356
天门,深圳,0.0165910356
恩施土家族苗族自治州,深圳,0.0165910356
平顶山,深圳,0.0165910356
三明,深圳,0.0165910356
仙桃,深圳,0.0165910356
中山,珠海,0.55134972756
茂名,珠海,0.14780089764
湛江,珠海,0.14279069772
广州,珠海,0.1286710434
江门,珠海,0.1150068618
阳江,珠海,0.06991506252
佛山,珠海,0.06695448984
深圳,珠海,0.0592114536
梅州,珠海,0.05852824452
东莞,珠海,0.04030933572
揭阳,珠海,0.0375764994
韶关,珠海,0.0375764994
肇庆,珠海,0.03689329032
清远,珠海,0.03484366308
云浮,珠海,0.03484366308
玉林,珠海,0.0273283632
汕尾,珠海,0.02687289048
惠州,珠海,0.02573420868
河源,珠海,0.02527873596
汕头,珠海,0.0250509996
赣州,珠海,0.02436779052
贵港,珠海,0.02026853604
梧州,珠海,0.01867438152
郴州,珠海,0.017080227
永州,珠海,0.01662475428
邵阳,珠海,0.01662475428
衡阳,珠海,0.0159415452
重庆,珠海,0.01548607248
桂林,珠海,0.01298097252
潮州,珠海,0.0125254998
贺州,珠海,0.01184229072
南宁,珠海,0.011386818
常德,珠海,0.0102481362
吉安,珠海,0.00956492712
河池,珠海,0.00819850896
岳阳,珠海,0.00774303624
株洲,珠海,0.00774303624
钦州,珠海,0.00774303624
百色,珠海,0.00728756352
信阳,珠海,0.00728756352
来宾,珠海,0.00660435444
娄底,珠海,0.00660435444
怀化,珠海,0.00637661808
长沙,珠海,0.00546567264
文山壮族苗族自治州,珠海,0.00523793628
南充,珠海,0.00501019992
九江,珠海,0.0045547272
南阳,珠海,0.0045547272
柳州,珠海,0.0045547272
益阳,珠海,0.0045547272
宜春,珠海,0.0045547272
武汉,珠海,0.00432699084
黄冈,珠海,0.00432699084
荆州,珠海,0.00432699084
周口,珠海,0.00409925448
驻马店,珠海,0.00409925448
抚州,珠海,0.00387151812
北海,珠海,0.00387151812
上海,珠海,0.00364378176
崇左,珠海,0.0034160454
上饶,珠海,0.0034160454
萍乡,珠海,0.00318830904
成都,珠海,0.00318830904
北京,珠海,0.00318830904
广安,珠海,0.00296057268
遵义,珠海,0.00296057268
湘潭,珠海,0.00273283632
郑州,珠海,0.00250509996
张家界,珠海,0.0022773636
襄阳,珠海,0.0022773636
泉州,珠海,0.0022773636
毕节,珠海,0.0022773636
咸宁,珠海,0.00204962724
铜仁,珠海,0.00204962724
福州,珠海,0.00204962724
龙岩,珠海,0.00204962724
孝感,珠海,0.00204962724
达州,珠海,0.00204962724
南昌,珠海,0.00182189088
三亚,珠海,0.00182189088
莆田,珠海,0.00182189088
漳州,珠海,0.00182189088
海口,珠海,0.00159415452
黔东南苗族侗族自治州,珠海,0.00159415452
内江,珠海,0.00159415452
儋州,珠海,0.00159415452
平顶山,珠海,0.00159415452
商丘,珠海,0.00159415452
洛阳,珠海,0.00159415452
西安,珠海,0.00159415452
天津,珠海,0.00136641816
大理白族自治州,珠海,0.00136641816
贵阳,珠海,0.00136641816
宜昌,珠海,0.00136641816
泸州,珠海,0.00136641816
宜宾,珠海,0.00136641816
安庆,珠海,0.00136641816
杭州,珠海,0.00136641816
防城港,珠海,0.00136641816
自贡,珠海,0.0011386818
揭阳,汕头,0.40674612672
潮州,汕头,0.34020870912
漳州,汕头,0.06914105568
梅州,汕头,0.05814791712
赣州,汕头,0.04816730448
深圳,汕头,0.03818669184
广州,汕头,0.03616164
南阳,汕头,0.03500446752
汕尾,汕头,0.0332687088
惠州,汕头,0.0201058718399999
九江,汕头,0.01865940624
东莞,汕头,0.014464656
泉州,汕头,0.01243960416
河源,汕头,0.01215031104
巴中,汕头,0.01099313856
上饶,汕头,0.01055919888
抚州,汕头,0.0101252591999999
佛山,汕头,0.00925737984
襄阳,汕头,0.00911273328
达州,汕头,0.00781091424
重庆,汕头,0.00752162112
吉安,汕头,0.0067983883199999
厦门,汕头,0.00665374176
龙岩,汕头,0.0065090952
莆田,汕头,0.00636444864
珠海,汕头,0.00549656928
清远,汕头,0.00520727616
永州,汕头,0.00520727616
韶关,汕头,0.0050626295999999
亳州,汕头,0.00477333648
湛江,汕头,0.00462868992
中山,汕头,0.00448404336
泸州,汕头,0.00448404336
茂名,汕头,0.0043393968
周口,汕头,0.00419475024
宜春,汕头,0.00390545712
衡阳,汕头,0.00376081056
江门,汕头,0.00347151744
肇庆,汕头,0.00332687088
三明,汕头,0.00318222432
咸宁,汕头,0.00303757776
南充,汕头,0.00303757776
福州,汕头,0.00303757776
阜阳,汕头,0.0028929312
毕节,汕头,0.0028929312
株洲,汕头,0.00274828464
黄冈,汕头,0.00274828464
遵义,汕头,0.00274828464
宁德,汕头,0.00274828464
桂林,汕头,0.00260363808
驻马店,汕头,0.00260363808
郴州,汕头,0.00245899152
蚌埠,汕头,0.00245899152
景德镇,汕头,0.00245899152
黔东南苗族侗族自治州,汕头,0.00245899152
阳江,汕头,0.00231434496
百色,汕头,0.00231434496
常德,汕头,0.0021696984
长沙,汕头,0.0021696984
南平,汕头,0.0021696984
怀化,汕头,0.00202505184
荆州,汕头,0.00202505184
温州,汕头,0.00188040528
黔西南布依族苗族自治州,汕头,0.00188040528
岳阳,汕头,0.00173575872
信阳,汕头,0.00173575872
邵阳,汕头,0.00173575872
南昌,汕头,0.00173575872
成都,汕头,0.00159111216
河池,汕头,0.00159111216
商丘,汕头,0.00159111216
广安,汕头,0.00159111216
云浮,汕头,0.00159111216
南宁,汕头,0.0014464656
恩施土家族苗族自治州,汕头,0.0014464656
铜仁,汕头,0.0014464656
宜宾,汕头,0.0014464656
宿州,汕头,0.0014464656
上海,汕头,0.00130181904
黄石,汕头,0.00130181904
贺州,汕头,0.00115717248
武汉,汕头,0.00115717248
贵港,汕头,0.00115717248
开封,汕头,0.00115717248
玉林,汕头,0.00115717248
益阳,汕头,0.00101252592
崇左,汕头,0.00101252592
曲靖,汕头,0.00101252592
湘西土家族苗族自治州,汕头,0.00101252592
娄底,汕头,0.00086787936
梧州,汕头,0.00086787936
南通,汕头,0.00086787936
海口,汕头,0.00086787936
平顶山,汕头,0.00086787936
湘潭,汕头,0.0007232328
杭州,汕头,0.0007232328
来宾,汕头,0.0007232328
黔南布依族苗族自治州,汕头,0.0007232328
安庆,汕头,0.0007232328
孝感,汕头,0.00057858624
肇庆,佛山,0.92377823112
广州,佛山,0.90755661708
清远,佛山,0.6437419466400001
茂名,佛山,0.3893187369599999
湛江,佛山,0.38163481452
云浮,佛山,0.34663027896
韶关,佛山,0.3304086649200001
贵港,佛山,0.32272474248
江门,佛山,0.29796543684
梅州,佛山,0.28003628448
阳江,佛山,0.1878292152
中山,佛山,0.18441413856
梧州,佛山,0.17673021612
玉林,佛山,0.16904629368
揭阳,佛山,0.15623975628
衡阳,佛山,0.14001814224
惠州,佛山,0.13489552728
河源,佛山,0.13404175812
深圳,佛山,0.11184375996
东莞,佛山,0.106721145
赣州,佛山,0.10330606836
汕尾,佛山,0.09476837676
汕头,佛山,0.09135330012
南宁,佛山,0.08196183936
永州,佛山,0.08196183936
贺州,佛山,0.07598545524
钦州,佛山,0.07171660944
珠海,佛山,0.06232514868
桂林,佛山,0.0597638412
郴州,佛山,0.05891007204
潮州,佛山,0.05378745708
重庆,佛山,0.0469573038
邵阳,佛山,0.04610353464
河池,佛山,0.04524976548
百色,佛山,0.03756584304
株洲,佛山,0.03756584304
来宾,佛山,0.0341507664
吉安,佛山,0.03329699724
宜春,佛山,0.03329699724
娄底,佛山,0.03073568976
南充,佛山,0.03073568976
岳阳,佛山,0.02817438228
九江,佛山,0.02817438228
益阳,佛山,0.02732061312
达州,佛山,0.02646684396
常德,佛山,0.02475930564
柳州,佛山,0.02219799816
荆州,佛山,0.02219799816
抚州,佛山,0.02219799816
崇左,佛山,0.021344229
铜仁,佛山,0.02049045984
南阳,佛山,0.01963669068
怀化,佛山,0.01963669068
泸州,佛山,0.01878292152
黄冈,佛山,0.01792915236
上饶,佛山,0.01792915236
驻马店,佛山,0.0170753832
信阳,佛山,0.0170753832
遂宁,佛山,0.01622161404
广安,佛山,0.01622161404
长沙,佛山,0.01536784488
北海,佛山,0.01451407572
遵义,佛山,0.01451407572
湘西土家族苗族自治州,佛山,0.01451407572
自贡,佛山,0.0128065374
泉州,佛山,0.01195276824
南昌,佛山,0.01109899908
宜宾,佛山,0.01109899908
内江,佛山,0.01024522992
湘潭,佛山,0.01024522992
龙岩,佛山,0.00939146076
文山壮族苗族自治州,佛山,0.00939146076
周口,佛山,0.00939146076
萍乡,佛山,0.00939146076
黔西南布依族苗族自治州,佛山,0.00939146076
襄阳,佛山,0.00939146076
漳州,佛山,0.00768392244
毕节,佛山,0.00768392244
温州,佛山,0.00768392244
咸宁,佛山,0.00768392244
莆田,佛山,0.00683015328
黔东南苗族侗族自治州,佛山,0.00683015328
成都,佛山,0.00683015328
福州,佛山,0.00683015328
恩施土家族苗族自治州,佛山,0.00683015328
武汉,佛山,0.00597638412
孝感,佛山,0.00597638412
阜阳,佛山,0.00597638412
曲靖,佛山,0.00597638412
张家界,佛山,0.00597638412
绵阳,佛山,0.00597638412
荆门,佛山,0.00512261496
昭通,佛山,0.00512261496
安庆,佛山,0.0042688458
黔南布依族苗族自治州,佛山,0.0042688458
商丘,佛山,0.0042688458
南平,佛山,0.0042688458
巴中,佛山,0.0042688458
随州,佛山,0.0042688458
防城港,佛山,0.00341507664
佛山,江门,0.1775077869599999
茂名,江门,0.14756884884
阳江,江门,0.119578599
广州,江门,0.1186928316
中山,江门,0.1160355294
湛江,江门,0.101863251
肇庆,江门,0.06235802496
云浮,江门,0.05899210884
珠海,江门,0.05686626708
贵港,江门,0.04729997916
深圳,江门,0.04109960736
梧州,江门,0.03879661212
清远,江门,0.03879661212
玉林,江门,0.03295054728
韶关,江门,0.03047039856
梅州,江门,0.03029324508
东莞,江门,0.03029324508
惠州,江门,0.0216127245599999
百色,江门,0.0203726502
河池,江门,0.01966403628
赣州,江门,0.01877826888
南宁,江门,0.0168295805999999
铜仁,江门,0.01576665972
衡阳,江门,0.01576665972
揭阳,江门,0.01541235276
贺州,江门,0.01541235276
河源,江门,0.01541235276
桂林,江门,0.01523519928
永州,江门,0.0150580458
钦州,江门,0.01381797144
重庆,江门,0.01310935752
来宾,江门,0.01116066924
郴州,江门,0.01098351576
崇左,江门,0.01098351576
汕尾,江门,0.0097434414
邵阳,江门,0.00850336704
文山壮族苗族自治州,江门,0.00850336704
株洲,江门,0.0074404461599999
柳州,江门,0.0070861392
汕头,江门,0.0063775252799999
遵义,江门,0.00549175788
吉安,江门,0.00549175788
常德,江门,0.0053146043999999
宜春,江门,0.00513745092
潮州,江门,0.00478314396
娄底,江门,0.00460599048
岳阳,江门,0.004428837
益阳,江门,0.004428837
南充,江门,0.00425168352
怀化,江门,0.00407453004
南阳,江门,0.00407453004
上饶,江门,0.00407453004
宜宾,江门,0.0037202230799999
泸州,江门,0.0037202230799999
黄冈,江门,0.0037202230799999
荆州,江门,0.0035430696
驻马店,江门,0.0035430696
北海,江门,0.0035430696
泉州,江门,0.00336591612
九江,江门,0.00336591612
长沙,江门,0.0031887626399999
广安,江门,0.0031887626399999
福州,江门,0.00283445568
抚州,江门,0.0026573021999999
达州,江门,0.00248014872
信阳,江门,0.00230299524
内江,江门,0.00230299524
襄阳,江门,0.00212584176
遂宁,江门,0.00212584176
漳州,江门,0.0017715348
萍乡,江门,0.0017715348
阜阳,江门,0.0017715348
龙岩,江门,0.0017715348
黔南布依族苗族自治州,江门,0.0017715348
周口,江门,0.0017715348
温州,江门,0.0015943813199999
黔东南苗族侗族自治州,江门,0.0015943813199999
防城港,江门,0.0015943813199999
红河哈尼族彝族自治州,江门,0.0015943813199999
湘潭,江门,0.0015943813199999
咸宁,江门,0.0015943813199999
曲靖,江门,0.0015943813199999
黔西南布依族苗族自治州,江门,0.0015943813199999
毕节,江门,0.00141722784
昭通,江门,0.00141722784
南昌,江门,0.00141722784
恩施土家族苗族自治州,江门,0.00141722784
成都,江门,0.00141722784
武汉,江门,0.00124007436
张家界,江门,0.00124007436
湘西土家族苗族自治州,江门,0.00124007436
莆田,江门,0.00124007436
三明,江门,0.0008857674
海口,江门,0.0008857674
资阳,江门,0.0008857674
自贡,江门,0.0008857674
商丘,江门,0.0008857674
绵阳,江门,0.0008857674
安庆,江门,0.0008857674
孝感,江门,0.0008857674
茂名,湛江,0.27230819112
玉林,湛江,0.12270319344
广州,湛江,0.0679318941599999
北海,湛江,0.03067579836
深圳,湛江,0.02777272596
佛山,湛江,0.02438580816
阳江,湛江,0.0226439647199999
海口,湛江,0.021773043
南宁,湛江,0.01925704692
东莞,湛江,0.0165475126799999
三亚,湛江,0.0159668982
钦州,湛江,0.01528951464
江门,湛江,0.0135476711999999
中山,湛江,0.01190259684
珠海,湛江,0.0116122895999999
贵港,湛江,0.01151552052
河池,湛江,0.0105478297199999
肇庆,湛江,0.01045106064
云浮,湛江,0.0093866007599999
惠州,湛江,0.00890275536
清远,湛江,0.00861244812
百色,湛江,0.00754798824
儋州,湛江,0.007257681
韶关,湛江,0.00609645204
柳州,湛江,0.0059029138799999
桂林,湛江,0.0058061447999999
梅州,湛江,0.0055158375599999
梧州,湛江,0.00541906848
重庆,湛江,0.0053222994
永州,湛江,0.00454814676
衡阳,湛江,0.00416107044
来宾,湛江,0.00406430136
文山壮族苗族自治州,湛江,0.00396753228
河源,湛江,0.00396753228
崇左,湛江,0.00377399412
文昌,湛江,0.00358045596
乐东黎族自治县,湛江,0.0034836868799999
揭阳,湛江,0.0033869177999999
澄迈县,湛江,0.00329014872
琼海,湛江,0.00319337964
陵水黎族自治县,湛江,0.00299984148
邵阳,湛江,0.00299984148
汕尾,湛江,0.00299984148
万宁,湛江,0.0029030723999999
上海,湛江,0.00280630332
贺州,湛江,0.00270953424
防城港,湛江,0.00270953424
汕头,湛江,0.0025159960799999
东方,湛江,0.002419227
黔南布依族苗族自治州,湛江,0.002419227
临高县,湛江,0.00222568884
赣州,湛江,0.00212891976
郴州,湛江,0.00212891976
长沙,湛江,0.0019353816
达州,湛江,0.00183861252
益阳,湛江,0.00183861252
屯昌县,湛江,0.0017418434399999
怀化,湛江,0.0017418434399999
岳阳,湛江,0.0017418434399999
毕节,湛江,0.00154830528
娄底,湛江,0.0014515361999999
成都,湛江,0.0014515361999999
昌江黎族自治县,湛江,0.00135476712
黔东南苗族侗族自治州,湛江,0.00135476712
漳州,湛江,0.00135476712
荆州,湛江,0.00135476712
宜春,湛江,0.00135476712
福州,湛江,0.0012579980399999
南昌,湛江,0.0012579980399999
九江,湛江,0.00116122896
南充,湛江,0.00116122896
遵义,湛江,0.00116122896
黄冈,湛江,0.00116122896
常德,湛江,0.00116122896
南阳,湛江,0.00116122896
六盘水,湛江,0.00106445988
株洲,湛江,0.00106445988
贵阳,湛江,0.00106445988
黔西南布依族苗族自治州,湛江,0.00106445988
定安县,湛江,0.0009676908
周口,湛江,0.0009676908
白沙黎族自治县,湛江,0.0008709217199999
吉安,湛江,0.0008709217199999
潮州,湛江,0.00077415264
武汉,湛江,0.00077415264
抚州,湛江,0.00077415264
红河哈尼族彝族自治州,湛江,0.00077415264
驻马店,湛江,0.00067738356
湘潭,湛江,0.00067738356
昆明,湛江,0.00067738356
咸宁,湛江,0.00067738356
琼中黎族苗族自治县,湛江,0.00067738356
保亭黎族苗族自治县,湛江,0.00067738356
泉州,湛江,0.00067738356
开封,湛江,0.00058061448
安顺,湛江,0.00058061448
新乡,湛江,0.00058061448
莆田,湛江,0.00058061448
内江,湛江,0.00058061448
遂宁,湛江,0.00058061448
湛江,茂名,0.3807179236799999
玉林,茂名,0.1287770011199999
阳江,茂名,0.0589373366399999
广州,茂名,0.05753406672
钦州,茂名,0.0351896918399999
深圳,茂名,0.0330308150399999
云浮,茂名,0.03141165744
佛山,茂名,0.0280653983999999
东莞,茂名,0.0278495107199999
江门,茂名,0.0177027897599999
北海,茂名,0.01737895824
百色,茂名,0.01694718288
肇庆,茂名,0.01435653072
珠海,茂名,0.01424858688
崇左,茂名,0.01360092384
梧州,茂名,0.01349298
中山,茂名,0.01327709232
南宁,茂名,0.0121976539199999
惠州,茂名,0.00993083328
贵港,茂名,0.0093911140799999
清远,茂名,0.00928317024
韶关,茂名,0.00680046192
河池,茂名,0.00680046192
文山壮族苗族自治州,茂名,0.00680046192
防城港,茂名,0.0062607427199999
河源,茂名,0.00582896736
梅州,茂名,0.0048574727999999
海口,茂名,0.00474952896
揭阳,茂名,0.00388597824
柳州,茂名,0.00356214672
桂林,茂名,0.00356214672
三亚,茂名,0.0033462590399999
来宾,茂名,0.0033462590399999
邵阳,茂名,0.0026985959999999
儋州,茂名,0.00259065216
永州,茂名,0.00259065216
衡阳,茂名,0.00248270832
重庆,茂名,0.0021588768
汕尾,茂名,0.0021588768
赣州,茂名,0.0020509329599999
贺州,茂名,0.00194298912
郴州,茂名,0.00194298912
乐东黎族自治县,茂名,0.00183504528
汕头,茂名,0.00151121376
文昌,茂名,0.00129532608
娄底,茂名,0.00129532608
万宁,茂名,0.00129532608
琼海,茂名,0.0010794384
遵义,茂名,0.0010794384
黔南布依族苗族自治州,茂名,0.0010794384
益阳,茂名,0.00097149456
怀化,茂名,0.00097149456
陵水黎族自治县,茂名,0.00097149456
潮州,茂名,0.00097149456
吉安,茂名,0.00097149456
黔东南苗族侗族自治州,茂名,0.00086355072
漳州,茂名,0.00075560688
红河哈尼族彝族自治州,茂名,0.00075560688
岳阳,茂名,0.00075560688
达州,茂名,0.00064766304
泉州,茂名,0.00064766304
黄冈,茂名,0.00064766304
长沙,茂名,0.00064766304
澄迈县,茂名,0.00064766304
东方,茂名,0.00064766304
黔西南布依族苗族自治州,茂名,0.00064766304
毕节,茂名,0.00064766304
常德,茂名,0.00064766304
临高县,茂名,0.00064766304
白沙黎族自治县,茂名,0.0005397192
株洲,茂名,0.0005397192
九江,茂名,0.0005397192
昌江黎族自治县,茂名,0.0005397192
驻马店,茂名,0.0005397192
保亭黎族苗族自治县,茂名,0.0005397192
北京,茂名,0.0005397192
上海,茂名,0.00043177536
莆田,茂名,0.00043177536
武汉,茂名,0.00043177536
琼中黎族苗族自治县,茂名,0.00043177536
铜仁,茂名,0.00043177536
曲靖,茂名,0.00043177536
福州,茂名,0.00043177536
南充,茂名,0.00032383152
成都,茂名,0.00032383152
襄阳,茂名,0.00032383152
聊城,茂名,0.00032383152
南昌,茂名,0.00032383152
宜春,茂名,0.00032383152
上饶,茂名,0.00032383152
泸州,茂名,0.00032383152
湘潭,茂名,0.00032383152
六盘水,茂名,0.00032383152
南阳,茂名,0.00032383152
周口,茂名,0.00032383152
昆明,茂名,0.00032383152
萍乡,茂名,0.00032383152
宁德,茂名,0.00021588768
龙岩,茂名,0.00021588768
贵阳,茂名,0.00021588768
云浮,肇庆,0.17813953512
佛山,肇庆,0.16060696848
贵港,肇庆,0.1367973100799999
贺州,肇庆,0.13376698992
永州,肇庆,0.12532538376
梧州,肇庆,0.11623442328
广州,肇庆,0.10800926856
清远,肇庆,0.10346378832
河池,肇庆,0.07489219824
邵阳,肇庆,0.0733770381599999
桂林,肇庆,0.06969736368
茂名,肇庆,0.05346350568
南宁,肇庆,0.0367967447999999
来宾,肇庆,0.0354980361599999
柳州,肇庆,0.0341993275199999
衡阳,肇庆,0.03398287608
湛江,肇庆,0.03073610448
梅州,肇庆,0.0281386871999999
重庆,肇庆,0.0281386871999999
江门,肇庆,0.02683997856
玉林,肇庆,0.02640707568
阳江,肇庆,0.0255412699199999
百色,肇庆,0.02142869256
怀化,肇庆,0.0205628868
深圳,肇庆,0.01991353248
韶关,肇庆,0.01969708104
中山,肇庆,0.01969708104
钦州,肇庆,0.01861482384
东莞,肇庆,0.0183983723999999
南充,肇庆,0.01666676088
莆田,肇庆,0.01536805224
惠州,肇庆,0.01428579504
郴州,肇庆,0.01341998928
娄底,肇庆,0.0123377320799999
揭阳,肇庆,0.01212128064
河源,肇庆,0.0119048292
达州,肇庆,0.01168837776
铜仁,肇庆,0.0114719263199999
黔东南苗族侗族自治州,肇庆,0.01125547488
常德,肇庆,0.01103902344
遵义,肇庆,0.0103896691199999
崇左,肇庆,0.0095238633599999
益阳,肇庆,0.00930741192
珠海,肇庆,0.00930741192
南阳,肇庆,0.00779225184
毕节,肇庆,0.00714289752
赣州,肇庆,0.00714289752
黔南布依族苗族自治州,肇庆,0.00692644608
汕头,肇庆,0.0064935431999999
泸州,肇庆,0.0062770917599999
汕尾,肇庆,0.00606064032
广安,肇庆,0.0054112859999999
文山壮族苗族自治州,肇庆,0.00497838312
岳阳,肇庆,0.00497838312
湘西土家族苗族自治州,肇庆,0.0047619316799999
荆州,肇庆,0.0047619316799999
恩施土家族苗族自治州,肇庆,0.00389612592
株洲,肇庆,0.00389612592
潮州,肇庆,0.00389612592
湘潭,肇庆,0.0036796744799999
宜宾,肇庆,0.0036796744799999
内江,肇庆,0.00346322304
长沙,肇庆,0.00346322304
自贡,肇庆,0.00346322304
驻马店,肇庆,0.00303032016
张家界,肇庆,0.00303032016
襄阳,肇庆,0.0025974172799999
昭通,肇庆,0.0023809658399999
吉安,肇庆,0.0023809658399999
巴中,肇庆,0.0021645144
北海,肇庆,0.0021645144
绵阳,肇庆,0.0021645144
宜春,肇庆,0.0021645144
遂宁,肇庆,0.0021645144
黄冈,肇庆,0.00194806296
黔西南布依族苗族自治州,肇庆,0.00194806296
成都,肇庆,0.00173161152
宜昌,肇庆,0.00173161152
泉州,肇庆,0.00151516008
资阳,肇庆,0.00151516008
荆门,肇庆,0.00151516008
曲靖,肇庆,0.00151516008
广元,肇庆,0.00151516008
周口,肇庆,0.0012987086399999
九江,肇庆,0.0012987086399999
福州,肇庆,0.0012987086399999
抚州,肇庆,0.0012987086399999
信阳,肇庆,0.0012987086399999
防城港,肇庆,0.0010822572
上饶,肇庆,0.0010822572
汉中,肇庆,0.0010822572
贵阳,肇庆,0.0010822572
平顶山,肇庆,0.0010822572
安顺,肇庆,0.0010822572
咸宁,肇庆,0.0010822572
眉山,肇庆,0.00086580576
漳州,肇庆,0.00086580576
十堰,肇庆,0.00086580576
阜阳,肇庆,0.00086580576
南昌,肇庆,0.00086580576
河源,惠州,0.5905022601600001
深圳,惠州,0.57734099136
东莞,惠州,0.37772841456
梅州,惠州,0.3772897056
广州,惠州,0.2325157488
汕尾,惠州,0.22944478608
揭阳,惠州,0.18952227072
茂名,惠州,0.11757400128
赣州,惠州,0.10002564288
汕头,惠州,0.07063214256
佛山,惠州,0.06449021712
湛江,惠州,0.06273538128
韶关,惠州,0.0614192544
清远,惠州,0.04869669456
吉安,惠州,0.04474831392
衡阳,惠州,0.043870896
玉林,惠州,0.04255476912
邵阳,惠州,0.04211606016
郴州,惠州,0.04123864224
永州,惠州,0.0394838064
重庆,惠州,0.03772897056
潮州,惠州,0.02939350032
阳江,惠州,0.02807737344
云浮,惠州,0.02676124656
肇庆,惠州,0.0263225376
驻马店,惠州,0.02544511968
中山,惠州,0.02325157488
宜春,惠州,0.02281286592
江门,惠州,0.02237415696
贵港,惠州,0.02061932112
常德,惠州,0.0197419032
南宁,惠州,0.01930319424
黄冈,惠州,0.01798706736
南阳,惠州,0.0175483584
信阳,惠州,0.0175483584
抚州,惠州,0.01710964944
九江,惠州,0.01623223152
桂林,惠州,0.01623223152
达州,惠州,0.01579352256
河池,惠州,0.01579352256
岳阳,惠州,0.0153548136
娄底,惠州,0.01491610464
益阳,惠州,0.01491610464
上饶,惠州,0.01447739568
珠海,惠州,0.01403868672
株洲,惠州,0.01359997776
怀化,惠州,0.0131612688
广安,惠州,0.0131612688
泉州,惠州,0.0131612688
周口,惠州,0.0131612688
梧州,惠州,0.01228385088
钦州,惠州,0.01228385088
贺州,惠州,0.01184514192
南充,惠州,0.01184514192
襄阳,惠州,0.01052901504
来宾,惠州,0.01052901504
龙岩,惠州,0.01009030608
漳州,惠州,0.00921288816
曲靖,惠州,0.00921288816
遵义,惠州,0.0087741792
阜阳,惠州,0.0087741792
荆州,惠州,0.0087741792
柳州,惠州,0.00833547024
南昌,惠州,0.00833547024
铜仁,惠州,0.00833547024
百色,惠州,0.00789676128
咸宁,惠州,0.00789676128
萍乡,惠州,0.00789676128
长沙,惠州,0.00701934336
文山壮族苗族自治州,惠州,0.0065806344
毕节,惠州,0.0065806344
随州,惠州,0.00614192544
湘潭,惠州,0.00614192544
黔西南布依族苗族自治州,惠州,0.00614192544
黔南布依族苗族自治州,惠州,0.00526450752
安庆,惠州,0.00482579856
黔东南苗族侗族自治州,惠州,0.00482579856
商丘,惠州,0.00482579856
福州,惠州,0.00482579856
孝感,惠州,0.0043870896
张家界,惠州,0.0043870896
恩施土家族苗族自治州,惠州,0.0043870896
黄石,惠州,0.0043870896
莆田,惠州,0.00394838064
红河哈尼族彝族自治州,惠州,0.00394838064
武汉,惠州,0.00350967168
三明,惠州,0.00350967168
崇左,惠州,0.00350967168
北海,惠州,0.00350967168
宜宾,惠州,0.00307096272
泸州,惠州,0.00307096272
厦门,惠州,0.00307096272
湘西土家族苗族自治州,惠州,0.00307096272
安顺,惠州,0.00307096272
昭通,惠州,0.00307096272
新余,惠州,0.00263225376
荆门,惠州,0.00263225376
内江,惠州,0.00263225376
宜昌,惠州,0.00263225376
成都,惠州,0.00263225376
揭阳,梅州,0.0672752628
深圳,梅州,0.0631997639999999
赣州,梅州,0.0538083971999999
广州,梅州,0.0447123564
河源,梅州,0.0444760956
汕头,梅州,0.037801728
潮州,梅州,0.0373882715999999
惠州,梅州,0.0340215552
龙岩,梅州,0.0275834484
东莞,梅州,0.0200231028
汕尾,梅州,0.0161838648
佛山,梅州,0.010927062
韶关,梅州,0.0098048232
清远,梅州,0.0067334327999999
漳州,梅州,0.0064381068
茂名,梅州,0.0049614768
肇庆,梅州,0.0047842812
中山,梅州,0.0047842812
珠海,梅州,0.004725216
湛江,梅州,0.0040754987999999
江门,梅州,0.0039573683999999
抚州,梅州,0.0035439119999999
云浮,梅州,0.0030123252
吉安,梅州,0.0028351296
泉州,梅州,0.002657934
九江,梅州,0.002657934
厦门,梅州,0.0020672819999999
宜春,梅州,0.0020082168
上饶,梅州,0.0020082168
福州,梅州,0.0018900863999999
南昌,梅州,0.0017128908
永州,梅州,0.0017128908
衡阳,梅州,0.0017128908
阳江,梅州,0.0016538256
三明,梅州,0.0016538256
玉林,梅州,0.0014766299999999
黄冈,梅州,0.0014766299999999
郴州,梅州,0.0013584996
南平,梅州,0.0012403692
邵阳,梅州,0.0012403692
岳阳,梅州,0.0012403692
咸宁,梅州,0.001181304
株洲,梅州,0.0010631736
温州,梅州,0.0010631736
长沙,梅州,0.0010041084
莆田,梅州,0.0008859779999999
娄底,梅州,0.0008859779999999
贺州,梅州,0.0008859779999999
南阳,梅州,0.0008269128
来宾,梅州,0.0008269128
南宁,梅州,0.0008269128
怀化,梅州,0.0007678476
桂林,梅州,0.0007087824
梧州,梅州,0.0007087824
益阳,梅州,0.0007087824
贵港,梅州,0.0007087824
钦州,梅州,0.0006497172
重庆,梅州,0.000590652
达州,梅州,0.000590652
常德,梅州,0.000590652
河池,梅州,0.000590652
周口,梅州,0.000590652
武汉,梅州,0.0005315868
阜阳,梅州,0.0005315868
信阳,梅州,0.0004725215999999
荆州,梅州,0.0004725215999999
宁德,梅州,0.0004725215999999
安康,梅州,0.0004725215999999
襄阳,梅州,0.0004725215999999
驻马店,梅州,0.0004725215999999
宁波,梅州,0.0004134564
上海,梅州,0.0004134564
郑州,梅州,0.0004134564
安庆,梅州,0.0004134564
杭州,梅州,0.0004134564
南充,梅州,0.0004134564
湘潭,梅州,0.0004134564
台州,梅州,0.0003543912
恩施土家族苗族自治州,梅州,0.0003543912
北海,梅州,0.0003543912
萍乡,梅州,0.0003543912
黄石,梅州,0.0003543912
广安,梅州,0.0003543912
孝感,梅州,0.0003543912
南通,梅州,0.000295326
海口,梅州,0.000295326
商丘,梅州,0.000295326
焦作,梅州,0.000295326
百色,梅州,0.000295326
亳州,梅州,0.0002362607999999
苏州,梅州,0.0002362607999999
黔南布依族苗族自治州,梅州,0.0002362607999999
铜仁,梅州,0.0002362607999999
昭通,梅州,0.0002362607999999
景德镇,梅州,0.0002362607999999
成都,梅州,0.0002362607999999
金华,梅州,0.0002362607999999
柳州,梅州,0.0002362607999999
宜昌,梅州,0.0002362607999999
平顶山,梅州,0.0002362607999999
揭阳,汕尾,0.1342231462799999
深圳,汕尾,0.07783455564
惠州,汕尾,0.0736025518799999
汕头,汕尾,0.0511271805599999
梅州,汕尾,0.03282662376
广州,汕尾,0.0261926719199999
东莞,汕尾,0.0180146105999999
潮州,汕尾,0.01618455492
河源,汕尾,0.01166660496
佛山,汕尾,0.0084068182799999
泉州,汕尾,0.0065767625999999
漳州,汕尾,0.00537578856
清远,汕尾,0.00474670692
赣州,汕尾,0.0041748145199999
中山,汕尾,0.00406043604
茂名,汕尾,0.00377448984
湛江,汕尾,0.0037173006
珠海,汕尾,0.0037173006
重庆,汕尾,0.0034313543999999
郴州,汕尾,0.0032597866799999
莆田,汕尾,0.0028594619999999
福州,汕尾,0.00274508352
阳江,汕尾,0.00274508352
达州,汕尾,0.00274508352
韶关,汕尾,0.00268789428
江门,汕尾,0.0025735157999999
肇庆,汕尾,0.00234475884
衡阳,汕尾,0.0020016234
厦门,汕尾,0.0018300556799999
龙岩,汕尾,0.0018300556799999
吉安,汕尾,0.00160129872
云浮,汕尾,0.00154410948
宁德,汕尾,0.00154410948
玉林,汕尾,0.00148692024
永州,汕尾,0.00137254176
南阳,汕尾,0.00125816328
百色,汕尾,0.00125816328
信阳,汕尾,0.00120097404
广安,汕尾,0.0011437848
温州,汕尾,0.00108659556
抚州,汕尾,0.00097221708
宜春,汕尾,0.0009150278399999
益阳,汕尾,0.0009150278399999
咸宁,汕尾,0.0008578385999999
九江,汕尾,0.0008578385999999
贵港,汕尾,0.00080064936
怀化,汕尾,0.00080064936
南宁,汕尾,0.00080064936
桂林,汕尾,0.00074346012
上海,汕尾,0.00074346012
邵阳,汕尾,0.00074346012
南平,汕尾,0.00074346012
驻马店,汕尾,0.00068627088
长沙,汕尾,0.00068627088
黄冈,汕尾,0.00068627088
遵义,汕尾,0.00062908164
娄底,汕尾,0.0005718924
安庆,汕尾,0.0005718924
台州,汕尾,0.0005718924
武汉,汕尾,0.0005718924
岳阳,汕尾,0.0005718924
河池,汕尾,0.0005718924
上饶,汕尾,0.0005147031599999
梧州,汕尾,0.0005147031599999
周口,汕尾,0.0005147031599999
常德,汕尾,0.0005147031599999
钦州,汕尾,0.0005147031599999
阜阳,汕尾,0.0005147031599999
南昌,汕尾,0.0004575139199999
襄阳,汕尾,0.0004575139199999
漯河,汕尾,0.0004575139199999
三明,汕尾,0.0004575139199999
黄石,汕尾,0.00040032468
防城港,汕尾,0.00040032468
海口,汕尾,0.00040032468
荆州,汕尾,0.00040032468
亳州,汕尾,0.00034313544
南充,汕尾,0.00034313544
贺州,汕尾,0.00034313544
南通,汕尾,0.00034313544
宜昌,汕尾,0.0002859462
毕节,汕尾,0.0002859462
株洲,汕尾,0.0002859462
曲靖,汕尾,0.0002859462
萍乡,汕尾,0.0002859462
汉中,汕尾,0.0002287569599999
恩施土家族苗族自治州,汕尾,0.0002287569599999
丽水,汕尾,0.0002287569599999
成都,汕尾,0.0002287569599999
新乡,汕尾,0.00017156772
洛阳,汕尾,0.00017156772
安康,汕尾,0.00017156772
商丘,汕尾,0.00017156772
内江,汕尾,0.00017156772
随州,汕尾,0.00017156772
北海,汕尾,0.00017156772
衢州,汕尾,0.00017156772
宿州,汕尾,0.00017156772
连云港,汕尾,0.00017156772
张家界,汕尾,0.00017156772
惠州,河源,0.15199545024
梅州,河源,0.11593409472
深圳,河源,0.0644517648
赣州,河源,0.0545665248
广州,河源,0.04238790912
东莞,河源,0.03851289504
韶关,河源,0.0264924432
揭阳,河源,0.02277559296
汕尾,河源,0.01439290944
佛山,河源,0.01415566368
汕头,河源,0.0122576976
吉安,河源,0.01194136992
清远,河源,0.01130871456
茂名,河源,0.0106760592
肇庆,河源,0.0075127824
宜春,河源,0.00735461856
湛江,河源,0.00695920896
九江,河源,0.00664288128
上饶,河源,0.00640563552
潮州,河源,0.0063265536
云浮,河源,0.00569389824
中山,河源,0.0055357344
黄冈,河源,0.00537757056
玉林,河源,0.00498216096
抚州,河源,0.00498216096
江门,河源,0.00498216096
衡阳,河源,0.00379593216
永州,河源,0.0035586864
阳江,河源,0.0035586864
邵阳,河源,0.0035586864
郴州,河源,0.00347960448
珠海,河源,0.00332144064
龙岩,河源,0.00332144064
重庆,河源,0.0031632768
南昌,河源,0.00300511296
贵港,河源,0.00268878528
驻马店,河源,0.00245153952
信阳,河源,0.0023724576
益阳,河源,0.00229337568
南宁,河源,0.00221429376
岳阳,河源,0.00221429376
泉州,河源,0.00221429376
达州,河源,0.00213521184
周口,河源,0.00213521184
漳州,河源,0.00189796608
福州,河源,0.00189796608
安庆,河源,0.00189796608
常德,河源,0.00173980224
梧州,河源,0.00173980224
娄底,河源,0.00166072032
贺州,河源,0.0015816384
铜仁,河源,0.0015816384
南阳,河源,0.0015816384
株洲,河源,0.00150255648
河池,河源,0.00150255648
黄石,河源,0.00150255648
南充,河源,0.00142347456
桂林,河源,0.00134439264
萍乡,河源,0.00134439264
阜阳,河源,0.00126531072
商丘,河源,0.0011862288
怀化,河源,0.00110714688
莆田,河源,0.00102806496
南平,河源,0.00102806496
咸宁,河源,0.00102806496
襄阳,河源,0.00102806496
景德镇,河源,0.00094898304
长沙,河源,0.00094898304
温州,河源,0.00094898304
来宾,河源,0.00094898304
孝感,河源,0.00086990112
崇左,河源,0.00086990112
新余,河源,0.00086990112
钦州,河源,0.0007908192
柳州,河源,0.0007908192
湘潭,河源,0.0007908192
荆州,河源,0.0007908192
遵义,河源,0.0007908192
宁德,河源,0.00071173728
黔东南苗族侗族自治州,河源,0.00071173728
平顶山,河源,0.00071173728
恩施土家族苗族自治州,河源,0.00063265536
三明,河源,0.00063265536
开封,河源,0.00063265536
台州,河源,0.00055357344
百色,河源,0.00055357344
武汉,河源,0.00047449152
池州,河源,0.0003954096
广安,河源,0.0003954096
鹰潭,河源,0.0003954096
郑州,河源,0.0003954096
亳州,河源,0.0003954096
随州,河源,0.0003954096
合肥,河源,0.0003954096
厦门,河源,0.00031632768
毕节,河源,0.00031632768
上海,河源,0.00031632768
张家界,河源,0.00031632768
盐城,河源,0.00031632768
荆门,河源,0.00031632768
茂名,阳江,0.13460259888
湛江,阳江,0.11629611288
江门,阳江,0.05199042024
广州,阳江,0.04167221904
佛山,阳江,0.0359472816
云浮,阳江,0.03388364136
中山,阳江,0.0203035572
深圳,阳江,0.0155771553599999
肇庆,阳江,0.01411263648
珠海,阳江,0.01391292936
东莞,阳江,0.01158301296
玉林,阳江,0.01091732256
永州,阳江,0.00918652752
钦州,阳江,0.00885368232
清远,阳江,0.00858740616
百色,阳江,0.00818799192
河池,阳江,0.00805485384
崇左,阳江,0.00725602536
北海,阳江,0.00685661112
惠州,阳江,0.00612435168
南宁,阳江,0.00452669472
重庆,阳江,0.00446012568
韶关,阳江,0.00446012568
文山壮族苗族自治州,阳江,0.00426041856
贵港,阳江,0.00406071144
梧州,阳江,0.00379443528
河源,阳江,0.00352815912
揭阳,阳江,0.00306217584
梅州,阳江,0.0029956068
赣州,阳江,0.00246305448
桂林,阳江,0.00239648544
贺州,阳江,0.0023299164
来宾,阳江,0.00226334736
防城港,阳江,0.00213020928
汕尾,阳江,0.00193050216
郴州,阳江,0.00186393312
怀化,阳江,0.00186393312
柳州,阳江,0.00173079504
衡阳,阳江,0.001664226
遵义,阳江,0.001664226
汕头,阳江,0.00146451888
邵阳,阳江,0.00139794984
铜仁,阳江,0.0013313808
益阳,阳江,0.0013313808
长沙,阳江,0.00126481176
海口,阳江,0.00119824272
曲靖,阳江,0.00106510464
漳州,阳江,0.0009985356
湘潭,阳江,0.00093196656
三亚,阳江,0.00093196656
岳阳,阳江,0.00093196656
黔南布依族苗族自治州,阳江,0.00086539752
潮州,阳江,0.0007988284799999
娄底,阳江,0.0007988284799999
常德,阳江,0.0007988284799999
株洲,阳江,0.00073225944
泸州,阳江,0.0006656904
南阳,阳江,0.0006656904
驻马店,阳江,0.00059912136
儋州,阳江,0.00053255232
宜春,阳江,0.00053255232
吉安,阳江,0.00053255232
武汉,阳江,0.0003994142399999
福州,阳江,0.0003994142399999
菏泽,阳江,0.0003994142399999
成都,阳江,0.0003994142399999
泉州,阳江,0.0003994142399999
周口,阳江,0.0003328452
内江,阳江,0.0003328452
荆州,阳江,0.0003328452
孝感,阳江,0.0003328452
贵阳,阳江,0.0003328452
阜阳,阳江,0.0003328452
黔东南苗族侗族自治州,阳江,0.0003328452
毕节,阳江,0.0003328452
文昌,阳江,0.00026627616
临高县,阳江,0.00026627616
黔西南布依族苗族自治州,阳江,0.00026627616
万宁,阳江,0.00026627616
潍坊,阳江,0.00026627616
红河哈尼族彝族自治州,阳江,0.00026627616
琼海,阳江,0.00026627616
宜昌,阳江,0.00026627616
宜宾,阳江,0.00026627616
上饶,阳江,0.00026627616
乐东黎族自治县,阳江,0.00026627616
丽水,阳江,0.0001997071199999
九江,阳江,0.0001997071199999
襄阳,阳江,0.0001997071199999
张家界,阳江,0.0001997071199999
北京,阳江,0.0001997071199999
随州,阳江,0.0001997071199999
湘西土家族苗族自治州,阳江,0.0001997071199999
抚州,阳江,0.0001997071199999
南充,阳江,0.0001997071199999
龙岩,阳江,0.00013313808
屯昌县,阳江,0.00013313808
恩施土家族苗族自治州,阳江,0.00013313808
温州,阳江,0.00013313808
商丘,阳江,0.00013313808
广州,清远,0.321764643
永州,清远,0.2622685392
韶关,清远,0.19014469092
衡阳,清远,0.17144591544
邵阳,清远,0.14473337904
佛山,清远,0.12943438092
郴州,清远,0.1097642404799999
肇庆,清远,0.07722351432
常德,清远,0.05026813668
益阳,清远,0.04104016956
娄底,清远,0.0407973283199999
东莞,清远,0.03909743964
重庆,清远,0.03181220244
梅州,清远,0.0315693612
深圳,清远,0.0279267426
茂名,清远,0.0274410601199999
岳阳,清远,0.02719821888
荆州,清远,0.02695537764
怀化,清远,0.02598401268
惠州,清远,0.02501264772
湛江,清远,0.02452696524
赣州,清远,0.02355560028
南阳,清远,0.02331275904
贺州,清远,0.02282707656
云浮,清远,0.0218557116
中山,清远,0.02015582292
江门,清远,0.01869877548
桂林,清远,0.01797025176
达州,清远,0.01675604556
湘潭,清远,0.01602752184
株洲,清远,0.0157846806
揭阳,清远,0.01554183936
河源,清远,0.0145704744
长沙,清远,0.0145704744
襄阳,清远,0.01384195068
阳江,清远,0.01311342696
吉安,清远,0.01262774448
南充,清远,0.01189922076
张家界,清远,0.0097136496
宜春,清远,0.00947080836
铜仁,清远,0.00898512588
驻马店,清远,0.00898512588
珠海,清远,0.00898512588
玉林,清远,0.00898512588
汕尾,清远,0.0084994433999999
汕头,清远,0.0084994433999999
贵港,清远,0.00801376092
梧州,清远,0.00777091968
荆门,清远,0.0072852372
九江,清远,0.0070423959599999
湘西土家族苗族自治州,清远,0.00679955472
天门,清远,0.00534250728
恩施土家族苗族自治州,清远,0.00534250728
信阳,清远,0.00534250728
汉中,清远,0.0050996660399999
宜昌,清远,0.0048568248
萍乡,清远,0.0048568248
孝感,清远,0.0048568248
随州,清远,0.0048568248
河池,清远,0.00461398356
周口,清远,0.00461398356
南宁,清远,0.00437114232
黄冈,清远,0.00412830108
十堰,清远,0.00412830108
钦州,清远,0.00412830108
平顶山,清远,0.00412830108
抚州,清远,0.00388545984
咸宁,清远,0.00388545984
潮州,清远,0.0036426186
巴中,清远,0.00339977736
黔东南苗族侗族自治州,清远,0.00315693612
许昌,清远,0.00291409488
广安,清远,0.00291409488
仙桃,清远,0.00291409488
安康,清远,0.00291409488
漯河,清远,0.00267125364
上饶,清远,0.0024284124
遵义,清远,0.0024284124
柳州,清远,0.00218557116
南昌,清远,0.00218557116
洛阳,清远,0.00218557116
潜江,清远,0.00194272992
武汉,清远,0.00169988868
来宾,清远,0.00169988868
百色,清远,0.00169988868
龙岩,清远,0.00145704744
阜阳,清远,0.00145704744
渭南,清远,0.00145704744
西安,清远,0.0012142062
遂宁,清远,0.0012142062
广元,清远,0.0012142062
安庆,清远,0.0012142062
泉州,清远,0.0012142062
商丘,清远,0.0012142062
黄石,清远,0.0012142062
咸阳,清远,0.00097136496
郑州,清远,0.00097136496
崇左,清远,0.00097136496
新余,清远,0.00097136496
新乡,清远,0.00097136496
深圳,东莞,0.96315841908
茂名,东莞,0.86477779872
惠州,东莞,0.58056711768
梅州,东莞,0.53076951972
广州,东莞,0.4566804105599999
河源,东莞,0.42145771932
玉林,东莞,0.35587063908
揭阳,东莞,0.35101233684
永州,东莞,0.34251030792
湛江,东莞,0.3400811567999999
赣州,东莞,0.3340082789999999
邵阳,东莞,0.30000016332
衡阳,东莞,0.27570865212
郴州,东莞,0.27206492544
韶关,东莞,0.2137652985599999
清远,东莞,0.2028341185199999
汕尾,东莞,0.1943320896
吉安,东莞,0.18947378736
钦州,东莞,0.1882592118
贵港,东莞,0.1773280317599999
云浮,东莞,0.1761134562
阳江,东莞,0.16153854948
肇庆,东莞,0.1372470382799999
重庆,东莞,0.1336033116
南宁,东莞,0.11781382932
佛山,东莞,0.11659925376
梧州,东莞,0.1093118003999999
常德,东莞,0.10202434704
江门,东莞,0.09838062036
宜春,东莞,0.0971660448
汕头,东莞,0.0971660448
河池,东莞,0.0971660448
黄冈,东莞,0.09230774256
南阳,东莞,0.0910931669999999
达州,东莞,0.0886640158799999
桂林,东莞,0.08744944032
岳阳,东莞,0.0862348647599999
驻马店,东莞,0.08380571364
抚州,东莞,0.07530368472
娄底,东莞,0.0740891091599999
怀化,东莞,0.0740891091599999
中山,东莞,0.07044538248
株洲,东莞,0.06923080692
来宾,东莞,0.0668016558
益阳,东莞,0.0668016558
百色,东莞,0.06315792912
信阳,东莞,0.06194335356
贺州,东莞,0.0570850513199999
潮州,东莞,0.0558704757599999
九江,东莞,0.0534413246399999
上饶,东莞,0.0522267490799999
荆州,东莞,0.05101217352
珠海,东莞,0.0497975979599999
咸宁,东莞,0.0497975979599999
襄阳,东莞,0.0497975979599999
周口,东莞,0.0485830224
南充,东莞,0.0485830224
泉州,东莞,0.04372472016
萍乡,东莞,0.04372472016
柳州,东莞,0.04129556904
崇左,东莞,0.03765184236
长沙,东莞,0.0364372667999999
文山壮族苗族自治州,东莞,0.03522269124
遵义,东莞,0.03400811568
广安,东莞,0.03279354012
黔东南苗族侗族自治州,东莞,0.03157896456
阜阳,东莞,0.02914981344
毕节,东莞,0.02914981344
龙岩,东莞,0.0279352378799999
孝感,东莞,0.0267206623199999
黔南布依族苗族自治州,东莞,0.02550608676
湘潭,东莞,0.02550608676
南昌,东莞,0.0242915112
漳州,东莞,0.02186236008
北海,东莞,0.02186236008
黔西南布依族苗族自治州,东莞,0.02064778452
随州,东莞,0.01943320896
安庆,东莞,0.01943320896
莆田,东莞,0.0182186333999999
荆门,东莞,0.0182186333999999
商丘,东莞,0.0182186333999999
张家界,东莞,0.01700405784
汉中,东莞,0.01700405784
恩施土家族苗族自治州,东莞,0.01578948228
防城港,东莞,0.01578948228
十堰,东莞,0.01578948228
曲靖,东莞,0.01457490672
宜宾,东莞,0.01457490672
武汉,东莞,0.01457490672
黄石,东莞,0.01457490672
成都,东莞,0.0133603311599999
宜昌,东莞,0.0133603311599999
漯河,东莞,0.0133603311599999
内江,东莞,0.0133603311599999
湘西土家族苗族自治州,东莞,0.0121457556
平顶山,东莞,0.0121457556
许昌,东莞,0.01093118004
安康,东莞,0.01093118004
泸州,东莞,0.01093118004
福州,东莞,0.01093118004
珠海,中山,0.32464057392
贵港,中山,0.22138339392
茂名,中山,0.2098185897599999
湛江,中山,0.1875150388799999
佛山,中山,0.16603754544
江门,中山,0.16273331568
肇庆,中山,0.15818999976
阳江,中山,0.15777697104
广州,中山,0.14992942536
梅州,中山,0.1280389032
云浮,中山,0.1156480415999999
衡阳,中山,0.1111047256799999
梧州,中山,0.1049092948799999
清远,中山,0.0991268927999999
玉林,中山,0.0945835768799999
韶关,中山,0.0867360312
深圳,中山,0.07145396856
赣州,中山,0.06856276752
贺州,中山,0.06649762392
揭阳,中山,0.0607152218399999
河源,中山,0.0586500782399999
东莞,中山,0.0569979633599999
南宁,中山,0.0528676761599999
永州,中山,0.0499764751199999
郴州,中山,0.0479113315199999
汕尾,中山,0.0470852740799999
惠州,中山,0.0470852740799999
钦州,中山,0.041302872
泸州,中山,0.03841167096
邵阳,中山,0.03593349864
河池,中山,0.03552046992
重庆,中山,0.03345532632
桂林,中山,0.03180321144
来宾,中山,0.03180321144
吉安,中山,0.0305641252799999
汕头,中山,0.0305641252799999
宜宾,中山,0.02767292424
百色,中山,0.0251947519199999
潮州,中山,0.02189052216
宜春,中山,0.020651436
常德,中山,0.01982537856
株洲,中山,0.01899932112
上饶,中山,0.01693417752
崇左,中山,0.01569509136
怀化,中山,0.01404297648
铜仁,中山,0.01404297648
岳阳,中山,0.01362994776
柳州,中山,0.01362994776
驻马店,中山,0.0132169190399999
南阳,中山,0.0123908615999999
娄底,中山,0.0123908615999999
南充,中山,0.0119778328799999
益阳,中山,0.0119778328799999
荆州,中山,0.01115177544
萍乡,中山,0.010325718
黄冈,中山,0.010325718
抚州,中山,0.00991268928
九江,中山,0.00991268928
遵义,中山,0.00949966056
信阳,中山,0.00908663184
漯河,中山,0.0082605744
长沙,中山,0.0082605744
广元,中山,0.00784754568
遂宁,中山,0.00784754568
泉州,中山,0.00784754568
襄阳,中山,0.00784754568
达州,中山,0.0074345169599999
恩施土家族苗族自治州,中山,0.0074345169599999
北海,中山,0.00702148824
随州,中山,0.00702148824
文山壮族苗族自治州,中山,0.00702148824
孝感,中山,0.00702148824
湘潭,中山,0.0066084595199999
自贡,中山,0.0066084595199999
周口,中山,0.0066084595199999
曲靖,中山,0.0061954307999999
广安,中山,0.00495634464
黔东南苗族侗族自治州,中山,0.00495634464
漳州,中山,0.00495634464
内江,中山,0.00495634464
毕节,中山,0.00495634464
咸宁,中山,0.00454331592
龙岩,中山,0.00454331592
黔南布依族苗族自治州,中山,0.00454331592
巴中,中山,0.0041302872
南昌,中山,0.0041302872
张家界,中山,0.0041302872
温州,中山,0.0041302872
许昌,中山,0.0037172584799999
黔西南布依族苗族自治州,中山,0.0037172584799999
平顶山,中山,0.0037172584799999
南平,中山,0.0033042297599999
绵阳,中山,0.0033042297599999
防城港,中山,0.0033042297599999
昭通,中山,0.0033042297599999
武汉,中山,0.0033042297599999
宜昌,中山,0.0028912010399999
红河哈尼族彝族自治州,中山,0.0028912010399999
黄石,中山,0.0028912010399999
湘西土家族苗族自治州,中山,0.0028912010399999
汕头,潮州,0.1869407748
揭阳,潮州,0.09341491536
梅州,潮州,0.04454404812
漳州,潮州,0.030509622
广州,潮州,0.0174736926
赣州,潮州,0.01686350016
汕尾,潮州,0.0158650034399999
深圳,潮州,0.01336876164
惠州,潮州,0.00937477476
佛山,潮州,0.00560267604
东莞,潮州,0.00532531584
泉州,潮州,0.00438229116
河源,潮州,0.00438229116
龙岩,潮州,0.00432681912
中山,潮州,0.00355021056
厦门,潮州,0.00321737832
阜阳,潮州,0.00282907404
上饶,潮州,0.0026071858799999
重庆,潮州,0.00255171384
九江,潮州,0.00216340956
韶关,潮州,0.00216340956
黔南布依族苗族自治州,潮州,0.00216340956
清远,潮州,0.00210793752
常德,潮州,0.00199699344
福州,潮州,0.00199699344
宁德,潮州,0.0019415214
江门,潮州,0.00188604936
宜春,潮州,0.00188604936
茂名,潮州,0.00183057732
肇庆,潮州,0.00177510528
南阳,潮州,0.00177510528
黔东南苗族侗族自治州,潮州,0.00177510528
莆田,潮州,0.0016641612
珠海,潮州,0.00160868916
抚州,潮州,0.00160868916
湛江,潮州,0.00160868916
南宁,潮州,0.00155321712
德阳,潮州,0.00144227304
河池,潮州,0.001386801
驻马店,潮州,0.00127585692
吉安,潮州,0.00127585692
恩施土家族苗族自治州,潮州,0.00127585692
南平,潮州,0.00122038488
益阳,潮州,0.00116491284
亳州,潮州,0.00116491284
郴州,潮州,0.00116491284
桂林,潮州,0.00105396876
黄冈,潮州,0.00105396876
毕节,潮州,0.00105396876
怀化,潮州,0.00099849672
咸宁,潮州,0.00088755264
阳江,潮州,0.00088755264
衡阳,潮州,0.0008320806
南充,潮州,0.0008320806
达州,潮州,0.00077660856
三明,潮州,0.00077660856
永州,潮州,0.00077660856
襄阳,潮州,0.00072113652
张家界,潮州,0.00061019244
邵阳,潮州,0.00061019244
南昌,潮州,0.00061019244
云浮,潮州,0.00061019244
昭通,潮州,0.0005547204
湘西土家族苗族自治州,潮州,0.0005547204
平顶山,潮州,0.00049924836
铜仁,潮州,0.00049924836
荆州,潮州,0.00049924836
娄底,潮州,0.00049924836
成都,潮州,0.00049924836
温州,潮州,0.00049924836
北京,潮州,0.00049924836
百色,潮州,0.00049924836
长沙,潮州,0.00049924836
遵义,潮州,0.00044377632
崇左,潮州,0.00044377632
贵港,潮州,0.00044377632
宜昌,潮州,0.00044377632
岳阳,潮州,0.00044377632
信阳,潮州,0.00044377632
杭州,潮州,0.00044377632
六安,潮州,0.00044377632
株洲,潮州,0.00038830428
武汉,潮州,0.00038830428
玉林,潮州,0.00038830428
绵阳,潮州,0.00033283224
广安,潮州,0.00033283224
广元,潮州,0.0002773602
上海,潮州,0.0002773602
泸州,潮州,0.0002773602
周口,潮州,0.0002773602
黔西南布依族苗族自治州,潮州,0.0002773602
景德镇,潮州,0.00022188816
徐州,潮州,0.00022188816
贺州,潮州,0.00022188816
蚌埠,潮州,0.00022188816
三亚,潮州,0.00022188816
贵阳,潮州,0.00022188816
宿州,潮州,0.00022188816
自贡,潮州,0.00022188816
梧州,潮州,0.00022188816
汕头,揭阳,0.2405583748799999
汕尾,揭阳,0.07352882568
梅州,揭阳,0.0663640192799999
深圳,揭阳,0.0653788583999999
潮州,揭阳,0.0605426140799999
广州,揭阳,0.040302036
赣州,揭阳,0.03815259408
惠州,揭阳,0.03322678968
东莞,揭阳,0.02427078168
河源,揭阳,0.01334445192
漳州,揭阳,0.0125384112
佛山,揭阳,0.01003072896
吉安,揭阳,0.00886644792
重庆,揭阳,0.00662744592
清远,揭阳,0.0061796455199999
珠海,揭阳,0.0058214052
泉州,揭阳,0.00564228504
抚州,揭阳,0.0053736047999999
韶关,揭阳,0.00528404472
亳州,揭阳,0.0049258044
中山,揭阳,0.004478004
江门,揭阳,0.00429888384
厦门,揭阳,0.00429888384
达州,揭阳,0.00420932376
九江,揭阳,0.0040302036
茂名,揭阳,0.00385108344
上饶,揭阳,0.0036719632799999
肇庆,揭阳,0.0035824032
莆田,揭阳,0.00322416288
龙岩,揭阳,0.0031346028
南阳,揭阳,0.00304504272
湛江,揭阳,0.00295548264
郴州,揭阳,0.00286592256
宜春,揭阳,0.0026868023999999
衡阳,揭阳,0.0026868023999999
株洲,揭阳,0.00250768224
荆州,揭阳,0.00241812216
周口,揭阳,0.00232856208
桂林,揭阳,0.00232856208
遵义,揭阳,0.002239002
永州,揭阳,0.002239002
云浮,揭阳,0.002239002
怀化,揭阳,0.002239002
贵港,揭阳,0.00214944192
阳江,揭阳,0.00214944192
铜仁,揭阳,0.00205988184
南宁,揭阳,0.00197032176
宁德,揭阳,0.00188076168
黔东南苗族侗族自治州,揭阳,0.00188076168
福州,揭阳,0.0017912016
咸宁,揭阳,0.00170164152
毕节,揭阳,0.00170164152
黄冈,揭阳,0.00170164152
邵阳,揭阳,0.00161208144
荆门,揭阳,0.00161208144
常德,揭阳,0.00152252136
南昌,揭阳,0.00152252136
玉林,揭阳,0.00152252136
阜阳,揭阳,0.00143296128
三明,揭阳,0.0013434011999999
贺州,揭阳,0.0013434011999999
新余,揭阳,0.0013434011999999
百色,揭阳,0.0013434011999999
湘西土家族苗族自治州,揭阳,0.0013434011999999
岳阳,揭阳,0.00125384112
河池,揭阳,0.00116428104
温州,揭阳,0.00116428104
来宾,揭阳,0.00116428104
长沙,揭阳,0.00116428104
萍乡,揭阳,0.00116428104
益阳,揭阳,0.00107472096
娄底,揭阳,0.00107472096
巴中,揭阳,0.00098516088
黄石,揭阳,0.00098516088
驻马店,揭阳,0.00098516088
恩施土家族苗族自治州,揭阳,0.00098516088
泸州,揭阳,0.00098516088
上海,揭阳,0.0008956008
成都,揭阳,0.00080604072
天门,揭阳,0.00080604072
梧州,揭阳,0.00080604072
文山壮族苗族自治州,揭阳,0.00080604072
洛阳,揭阳,0.00080604072
信阳,揭阳,0.00071648064
景德镇,揭阳,0.00071648064
武汉,揭阳,0.00071648064
南平,揭阳,0.00062692056
渭南,揭阳,0.00062692056
南充,揭阳,0.00062692056
安庆,揭阳,0.00062692056
襄阳,揭阳,0.00053736048
广安,揭阳,0.00053736048
淮南,揭阳,0.00053736048
杭州,揭阳,0.00053736048
吉林,揭阳,0.00053736048
崇左,揭阳,0.00053736048
宜昌,揭阳,0.00053736048
柳州,揭阳,0.00053736048
西安,揭阳,0.0004478004
商丘,揭阳,0.0004478004
肇庆,云浮,0.09980169408
茂名,云浮,0.07444825344
佛山,云浮,0.0611853264
广州,云浮,0.04674998592
贵港,云浮,0.04403877984
玉林,云浮,0.04044826368
梧州,云浮,0.03722412672
阳江,云浮,0.03158188704
江门,云浮,0.03048274944
湛江,云浮,0.02183620032
南宁,云浮,0.01817240832
清远,云浮,0.01670689152
钦州,云浮,0.01524137472
百色,云浮,0.01399568544
中山,云浮,0.01348275456
河池,云浮,0.01326292704
深圳,云浮,0.01128447936
东莞,云浮,0.0106249968
来宾,云浮,0.00915948
贺州,云浮,0.00762068736
桂林,云浮,0.00608189472
珠海,云浮,0.00578879136
韶关,云浮,0.00578879136
惠州,云浮,0.00564223968
崇左,云浮,0.005495688
梅州,云浮,0.00468965376
柳州,云浮,0.00446982624
永州,云浮,0.00446982624
河源,云浮,0.00344396448
邵阳,云浮,0.00263793024
重庆,云浮,0.0025646544
文山壮族苗族自治州,云浮,0.00249137856
南充,云浮,0.0021982752
遵义,云浮,0.00205172352
揭阳,云浮,0.00205172352
衡阳,云浮,0.00197844768
赣州,云浮,0.00190517184
北海,云浮,0.00190517184
黔西南布依族苗族自治州,云浮,0.001831896
泸州,云浮,0.00175862016
毕节,云浮,0.00161206848
铜仁,云浮,0.0015387926399999
汕头,云浮,0.0015387926399999
郴州,云浮,0.0015387926399999
汕尾,云浮,0.0015387926399999
怀化,云浮,0.00139224096
黔南布依族苗族自治州,云浮,0.00131896512
宜宾,云浮,0.00124568928
驻马店,云浮,0.0010991376
防城港,云浮,0.00102586176
黔东南苗族侗族自治州,云浮,0.00102586176
潮州,云浮,0.00102586176
广安,云浮,0.00095258592
长沙,云浮,0.00087931008
岳阳,云浮,0.00087931008
绵阳,云浮,0.00080603424
娄底,云浮,0.00080603424
常德,云浮,0.0007327584
达州,云浮,0.0007327584
曲靖,云浮,0.00065948256
宜春,云浮,0.00058620672
安顺,云浮,0.00058620672
自贡,云浮,0.00058620672
益阳,云浮,0.00051293088
遂宁,云浮,0.00051293088
吉安,云浮,0.00051293088
九江,云浮,0.00051293088
泉州,云浮,0.00051293088
周口,云浮,0.00043965504
黄冈,云浮,0.00043965504
内江,云浮,0.00043965504
福州,云浮,0.00043965504
红河哈尼族彝族自治州,云浮,0.00043965504
资阳,云浮,0.0003663792
张家界,云浮,0.0003663792
邯郸,云浮,0.0003663792
漳州,云浮,0.0003663792
荆州,云浮,0.0003663792
恩施土家族苗族自治州,云浮,0.00029310336
新乡,云浮,0.00029310336
莆田,云浮,0.00029310336
平顶山,云浮,0.00029310336
抚州,云浮,0.00021982752
上海,云浮,0.00021982752
海口,云浮,0.00021982752
昭通,云浮,0.00021982752
鄂州,云浮,0.00021982752
大理白族自治州,云浮,0.00021982752
南阳,云浮,0.00021982752
广元,云浮,0.00021982752
荆门,云浮,0.00021982752
青岛,云浮,0.00021982752
屯昌县,云浮,0.00021982752
扬州,云浮,0.00021982752
咸宁,云浮,0.00021982752
宝鸡,云浮,0.00014655168
商丘,云浮,0.00014655168
湘潭,云浮,0.00014655168
湘西土家族苗族自治州,云浮,0.00014655168
眉山,云浮,0.00014655168
湛江,广西壮族自治区,0.236485575
永州,广西壮族自治区,0.2213504982
茂名,广西壮族自治区,0.18691819848
邵阳,广西壮族自治区,0.15740479872
文山壮族苗族自治州,广西壮族自治区,0.13318867584
重庆,广西壮族自治区,0.13281029892
黔东南苗族侗族自治州,广西壮族自治区,0.11199956832
黔南布依族苗族自治州,广西壮族自治区,0.09799962228
广州,广西壮族自治区,0.09345909924
衡阳,广西壮族自治区,0.09118883772
黔西南布依族苗族自治州,广西壮族自治区,0.0870266916
佛山,广西壮族自治区,0.07794564552
肇庆,广西壮族自治区,0.06962135328
怀化,广西壮族自治区,0.06735109176
深圳,广西壮族自治区,0.06659433792
遵义,广西壮族自治区,0.0616754379599999
东莞,广西壮族自治区,0.05940517644
毕节,广西壮族自治区,0.05562140724
南充,广西壮族自治区,0.04994575344
云浮,广西壮族自治区,0.047297115
娄底,广西壮族自治区,0.0435133458
中山,广西壮族自治区,0.04086470736
铜仁,广西壮族自治区,0.03897282276
泸州,广西壮族自治区,0.03670256124
曲靖,广西壮族自治区,0.03632418432
达州,广西壮族自治区,0.03291879204
清远,广西壮族自治区,0.03140528436
江门,广西壮族自治区,0.0310269074399999
长沙,广西壮族自治区,0.0310269074399999
广安,广西壮族自治区,0.02762151516
宜春,广西壮族自治区,0.0268647613199999
贵阳,广西壮族自治区,0.02610800748
郴州,广西壮族自治区,0.02610800748
宜宾,广西壮族自治区,0.02535125364
阳江,广西壮族自治区,0.02535125364
常德,广西壮族自治区,0.02497287672
福州,广西壮族自治区,0.02421612288
岳阳,广西壮族自治区,0.02345936904
益阳,广西壮族自治区,0.02308099212
湘西土家族苗族自治州,广西壮族自治区,0.0227026152
惠州,广西壮族自治区,0.02232423828
成都,广西壮族自治区,0.02194586136
赣州,广西壮族自治区,0.02156748444
南昌,广西壮族自治区,0.02043235368
红河哈尼族彝族自治州,广西壮族自治区,0.02043235368
泉州,广西壮族自治区,0.018918846
昆明,广西壮族自治区,0.018918846
株洲,广西壮族自治区,0.018918846
昭通,广西壮族自治区,0.01854046908
荆州,广西壮族自治区,0.01664858448
安顺,广西壮族自治区,0.01664858448
珠海,广西壮族自治区,0.01664858448
内江,广西壮族自治区,0.01627020756
恩施土家族苗族自治州,广西壮族自治区,0.01589183064
六盘水,广西壮族自治区,0.0155134537199999
湘潭,广西壮族自治区,0.0151350768
韶关,广西壮族自治区,0.01475669988
自贡,广西壮族自治区,0.01475669988
吉安,广西壮族自治区,0.01475669988
遂宁,广西壮族自治区,0.01437832296
三亚,广西壮族自治区,0.01437832296
抚州,广西壮族自治区,0.01362156912
武汉,广西壮族自治区,0.01248643836
海口,广西壮族自治区,0.01210806144
漳州,广西壮族自治区,0.01172968452
揭阳,广西壮族自治区,0.01172968452
南阳,广西壮族自治区,0.01172968452
上海,广西壮族自治区,0.0113513076
九江,广西壮族自治区,0.0113513076
梅州,广西壮族自治区,0.01097293068
驻马店,广西壮族自治区,0.01059455376
大理白族自治州,广西壮族自治区,0.00983779992
襄阳,广西壮族自治区,0.009459423
绵阳,广西壮族自治区,0.009459423
北京,广西壮族自治区,0.00908104608
河源,广西壮族自治区,0.00908104608
周口,广西壮族自治区,0.00908104608
黄冈,广西壮族自治区,0.00908104608
商丘,广西壮族自治区,0.00870266916
上饶,广西壮族自治区,0.00832429224
资阳,广西壮族自治区,0.00832429224
铜陵,广西壮族自治区,0.00794591532
汕头,广西壮族自治区,0.00718916148
信阳,广西壮族自治区,0.00718916148
莆田,广西壮族自治区,0.00681078456
郑州,广西壮族自治区,0.00681078456
广元,广西壮族自治区,0.00681078456
温州,广西壮族自治区,0.00681078456
巴中,广西壮族自治区,0.00643240764
楚雄彝族自治州,广西壮族自治区,0.00643240764
张家界,广西壮族自治区,0.00643240764
杭州,广西壮族自治区,0.00643240764
孝感,广西壮族自治区,0.00605403072
金华,广西壮族自治区,0.00605403072
阜阳,广西壮族自治区,0.00605403072
咸宁,广西壮族自治区,0.00605403072
乐山,广西壮族自治区,0.00605403072
汕尾,广西壮族自治区,0.0056756538
西安,广西壮族自治区,0.0056756538
眉山,广西壮族自治区,0.0056756538
玉林,南宁,0.7469710099200001
崇左,南宁,0.59554350576
河池,南宁,0.5853769948800001
百色,南宁,0.4788961704
钦州,南宁,0.44572124016
贵港,南宁,0.428063616
桂林,南宁,0.33228438192
来宾,南宁,0.2568381696
柳州,南宁,0.23704022736
北海,南宁,0.22901403456
防城港,南宁,0.14768194752
梧州,南宁,0.13216464144
贺州,南宁,0.07705145088
湛江,南宁,0.04441160016
茂名,南宁,0.02354349888
邵阳,南宁,0.02086810128
衡阳,南宁,0.01979794224
重庆,南宁,0.01819270368
广州,南宁,0.01765762416
文山壮族苗族自治州,南宁,0.0160523856
永州,南宁,0.01498222656
娄底,南宁,0.01498222656
深圳,南宁,0.01230682896
泉州,南宁,0.00909635184
长沙,南宁,0.00909635184
东莞,南宁,0.00856127232
南昌,南宁,0.00856127232
黔南布依族苗族自治州,南宁,0.0080261928
宜春,南宁,0.0080261928
黔西南布依族苗族自治州,南宁,0.0080261928
岳阳,南宁,0.00749111328
佛山,南宁,0.00749111328
曲靖,南宁,0.00695603376
常德,南宁,0.0064209542399999
成都,南宁,0.0064209542399999
昆明,南宁,0.00588587472
赣州,南宁,0.00588587472
怀化,南宁,0.00588587472
福州,南宁,0.00588587472
益阳,南宁,0.0053507952
株洲,南宁,0.0053507952
遵义,南宁,0.0053507952
郴州,南宁,0.00481571568
红河哈尼族彝族自治州,南宁,0.00481571568
肇庆,南宁,0.00481571568
南充,南宁,0.00481571568
中山,南宁,0.00481571568
贵阳,南宁,0.00481571568
湘潭,南宁,0.00428063616
黔东南苗族侗族自治州,南宁,0.00428063616
上海,南宁,0.00428063616
毕节,南宁,0.00428063616
云浮,南宁,0.00428063616
吉安,南宁,0.00428063616
惠州,南宁,0.00428063616
抚州,南宁,0.00374555664
武汉,南宁,0.00374555664
荆州,南宁,0.00374555664
揭阳,南宁,0.00374555664
阳江,南宁,0.00374555664
漳州,南宁,0.00374555664
江门,南宁,0.0032104771199999
三亚,南宁,0.0032104771199999
清远,南宁,0.0032104771199999
北京,南宁,0.0032104771199999
商丘,南宁,0.0032104771199999
海口,南宁,0.0032104771199999
南阳,南宁,0.0032104771199999
韶关,南宁,0.0026753976
九江,南宁,0.0026753976
泸州,南宁,0.0026753976
汕头,南宁,0.0026753976
上饶,南宁,0.0026753976
温州,南宁,0.0026753976
达州,南宁,0.0026753976
周口,南宁,0.0026753976
黄冈,南宁,0.0026753976
郑州,南宁,0.00214031808
六盘水,南宁,0.00214031808
梅州,南宁,0.00214031808
西安,南宁,0.00214031808
莆田,南宁,0.00214031808
珠海,南宁,0.00214031808
信阳,南宁,0.00214031808
驻马店,南宁,0.00214031808
广安,南宁,0.00214031808
宜宾,南宁,0.00214031808
昭通,南宁,0.00214031808
菏泽,南宁,0.00214031808
宁德,南宁,0.00214031808
杭州,南宁,0.00214031808
大理白族自治州,南宁,0.00214031808
襄阳,南宁,0.00214031808
安庆,南宁,0.0016052385599999
遂宁,南宁,0.0016052385599999
孝感,南宁,0.0016052385599999
铜仁,南宁,0.0016052385599999
安顺,南宁,0.0016052385599999
徐州,南宁,0.0016052385599999
汕尾,南宁,0.0016052385599999
来宾,柳州,0.54493926768
河池,柳州,0.23879361168
桂林,柳州,0.18800944992
南宁,柳州,0.139566402
贵港,柳州,0.11597517792
玉林,柳州,0.1008479807999999
黔东南苗族侗族自治州,柳州,0.04466124864
梧州,柳州,0.03259550808
贺州,柳州,0.02845353744
百色,柳州,0.02737302336
钦州,柳州,0.02485182384
北海,柳州,0.02323105272
衡阳,柳州,0.01512719712
崇左,柳州,0.0147670257599999
邵阳,柳州,0.01458694008
永州,柳州,0.01332634032
重庆,柳州,0.01278608328
防城港,柳州,0.01188565488
怀化,柳州,0.0108051408
湛江,柳州,0.009004284
遵义,柳州,0.00792376992
黔南布依族苗族自治州,柳州,0.00666317016
茂名,柳州,0.00522248472
毕节,柳州,0.00522248472
娄底,柳州,0.00432205632
南充,柳州,0.00414197064
宜春,柳州,0.00414197064
深圳,柳州,0.00414197064
长沙,柳州,0.00396188496
广州,柳州,0.00396188496
泸州,柳州,0.00378179928
广安,柳州,0.00306145656
铜仁,柳州,0.0027012852
株洲,柳州,0.0027012852
宜宾,柳州,0.0027012852
常德,柳州,0.00234111384
岳阳,柳州,0.00234111384
南昌,柳州,0.00234111384
自贡,柳州,0.00216102816
文山壮族苗族自治州,柳州,0.00216102816
泉州,柳州,0.00216102816
郴州,柳州,0.00216102816
东莞,柳州,0.00198094248
佛山,柳州,0.00198094248
达州,柳州,0.00198094248
荆州,柳州,0.00198094248
成都,柳州,0.00198094248
铜陵,柳州,0.0018008568
吉安,柳州,0.0018008568
贵阳,柳州,0.0018008568
内江,柳州,0.00162077112
益阳,柳州,0.00162077112
昭通,柳州,0.00144068544
赣州,柳州,0.00144068544
遂宁,柳州,0.00144068544
湘潭,柳州,0.00144068544
漳州,柳州,0.00144068544
黄冈,柳州,0.00144068544
安顺,柳州,0.00126059976
曲靖,柳州,0.00126059976
肇庆,柳州,0.00126059976
抚州,柳州,0.00126059976
惠州,柳州,0.00126059976
安庆,柳州,0.00126059976
资阳,柳州,0.00108051408
湘西土家族苗族自治州,柳州,0.00108051408
黔西南布依族苗族自治州,柳州,0.00108051408
商丘,柳州,0.00108051408
江门,柳州,0.00108051408
新乡,柳州,0.00108051408
中山,柳州,0.0009004284
昆明,柳州,0.0009004284
武汉,柳州,0.0009004284
襄阳,柳州,0.0009004284
周口,柳州,0.0009004284
龙岩,柳州,0.0009004284
九江,柳州,0.0009004284
阜阳,柳州,0.0009004284
福州,柳州,0.0009004284
六盘水,柳州,0.0009004284
清远,柳州,0.0009004284
揭阳,柳州,0.0009004284
杭州,柳州,0.0009004284
驻马店,柳州,0.0009004284
上饶,柳州,0.0009004284
韶关,柳州,0.0009004284
信阳,柳州,0.0009004284
南阳,柳州,0.0009004284
阳江,柳州,0.0009004284
云浮,柳州,0.00072034272
郑州,柳州,0.00072034272
上海,柳州,0.00072034272
海口,柳州,0.00072034272
恩施土家族苗族自治州,柳州,0.00072034272
十堰,柳州,0.00072034272
温州,柳州,0.00072034272
珠海,柳州,0.00072034272
广元,柳州,0.00072034272
眉山,柳州,0.00054025704
张家界,柳州,0.00054025704
柳州,桂林,0.1237647794399999
贺州,桂林,0.10025390736
永州,桂林,0.09995817312
南宁,桂林,0.0968529636
邵阳,桂林,0.07068048336
贵港,桂林,0.0598861836
玉林,桂林,0.05811177816
重庆,桂林,0.05293642896
梧州,桂林,0.05278856184
来宾,桂林,0.04672600992
河池,桂林,0.04554307296
黔东南苗族侗族自治州,桂林,0.03652317864
怀化,桂林,0.02853835416
遵义,桂林,0.02558101176
毕节,桂林,0.0243980748
北海,桂林,0.0243980748
衡阳,桂林,0.02395447344
南充,桂林,0.02336300496
铜仁,桂林,0.0201099283199999
百色,桂林,0.01877912424
达州,桂林,0.0170047188
钦州,桂林,0.0162653832
泸州,桂林,0.0143431106399999
湘西土家族苗族自治州,桂林,0.01360377504
广安,桂林,0.011090034
黔南布依族苗族自治州,桂林,0.01094216688
广州,桂林,0.0107942997599999
崇左,桂林,0.00975922992
宜宾,桂林,0.0096113628
恩施土家族苗族自治州,桂林,0.00931562856
长沙,桂林,0.0085762929599999
深圳,桂林,0.00842842584
湛江,桂林,0.00754122312
娄底,桂林,0.007393356
防城港,桂林,0.00694975464
昭通,桂林,0.00680188752
郴州,桂林,0.00635828616
贵阳,桂林,0.00606255192
内江,桂林,0.00606255192
遂宁,桂林,0.00606255192
东莞,桂林,0.0059146848
安顺,桂林,0.00576681768
佛山,桂林,0.00547108344
自贡,桂林,0.00547108344
茂名,桂林,0.0053232163199999
益阳,桂林,0.0051753492
常德,桂林,0.0050274820799999
岳阳,桂林,0.00487961496
宜春,桂林,0.00487961496
三亚,桂林,0.00458388072
文山壮族苗族自治州,桂林,0.00458388072
肇庆,桂林,0.0044360136
成都,桂林,0.00414027936
惠州,桂林,0.00399241224
株洲,桂林,0.00384454512
南昌,桂林,0.003696678
荆州,桂林,0.003696678
绵阳,桂林,0.00340094376
六盘水,桂林,0.00325307664
中山,桂林,0.0031052095199999
武汉,桂林,0.00280947528
抚州,桂林,0.00280947528
铜陵,桂林,0.00280947528
广元,桂林,0.0026616081599999
福州,桂林,0.0026616081599999
赣州,桂林,0.0025137410399999
九江,桂林,0.0025137410399999
黔西南布依族苗族自治州,桂林,0.0025137410399999
周口,桂林,0.0025137410399999
驻马店,桂林,0.0025137410399999
吉安,桂林,0.00236587392
资阳,桂林,0.00236587392
巴中,桂林,0.00236587392
湘潭,桂林,0.00236587392
海口,桂林,0.00236587392
清远,桂林,0.00236587392
曲靖,桂林,0.0022180068
江门,桂林,0.00207013968
北京,桂林,0.00207013968
张家界,桂林,0.00207013968
襄阳,桂林,0.00207013968
黄冈,桂林,0.00192227256
孝感,桂林,0.00192227256
揭阳,桂林,0.0017744054399999
珠海,桂林,0.0017744054399999
韶关,桂林,0.0017744054399999
南阳,桂林,0.0017744054399999
上饶,桂林,0.00162653832
泉州,桂林,0.00162653832
上海,桂林,0.00162653832
阳江,桂林,0.00162653832
信阳,桂林,0.0014786712
咸宁,桂林,0.0013308040799999
德阳,桂林,0.0013308040799999
眉山,桂林,0.0013308040799999
云浮,桂林,0.00118293696
台州,桂林,0.00118293696
荆门,桂林,0.00118293696
安庆,桂林,0.00118293696
金华,桂林,0.00118293696
玉林,梧州,0.1487833596
贵港,梧州,0.1438966944
贺州,梧州,0.0967975596
南宁,梧州,0.0893116044
钦州,梧州,0.0689331708
桂林,梧州,0.0570804084
百色,梧州,0.056664522
河池,梧州,0.038469492
崇左,梧州,0.0298398492
柳州,梧州,0.0243293544
来宾,梧州,0.0243293544
肇庆,梧州,0.021834036
云浮,梧州,0.0199625472
佛山,梧州,0.0175712004
茂名,梧州,0.0167394276
广州,梧州,0.0137242512
湛江,梧州,0.0110209896
北海,梧州,0.008837586
中山,梧州,0.0073819836
文山壮族苗族自治州,梧州,0.0071740404
江门,梧州,0.0069660972
深圳,梧州,0.0065502108
东莞,梧州,0.0063422676
永州,梧州,0.0061343244
衡阳,梧州,0.0048866652
防城港,梧州,0.004678722
清远,梧州,0.0042628356
阳江,梧州,0.0040548924
邵阳,梧州,0.0040548924
重庆,梧州,0.0037429776
黔南布依族苗族自治州,梧州,0.003119148
珠海,梧州,0.0030151764
遵义,梧州,0.0029112048
黔西南布依族苗族自治州,梧州,0.0028072332
南充,梧州,0.0022873752
梅州,梧州,0.0019754604
黔东南苗族侗族自治州,梧州,0.0018714888
怀化,梧州,0.0017675172
广安,梧州,0.0017675172
惠州,梧州,0.0017675172
唐山,梧州,0.0016635456
郴州,梧州,0.0016635456
泸州,梧州,0.001559574
毕节,梧州,0.001559574
韶关,梧州,0.001559574
赣州,梧州,0.0014556024
河源,梧州,0.0014556024
曲靖,梧州,0.0014556024
铜仁,梧州,0.0013516308
宜宾,梧州,0.0012476592
达州,梧州,0.001039716
宜春,梧州,0.001039716
益阳,梧州,0.001039716
株洲,梧州,0.001039716
长沙,梧州,0.001039716
自贡,梧州,0.001039716
娄底,梧州,0.0009357444
福州,梧州,0.0009357444
内江,梧州,0.0009357444
常德,梧州,0.0008317728
昭通,梧州,0.0008317728
九江,梧州,0.0007278012
六盘水,梧州,0.0007278012
三亚,梧州,0.0007278012
红河哈尼族彝族自治州,梧州,0.0006238296
揭阳,梧州,0.0006238296
莆田,梧州,0.0006238296
岳阳,梧州,0.0006238296
绵阳,梧州,0.000519858
海口,梧州,0.000519858
遂宁,梧州,0.000519858
襄阳,梧州,0.000519858
凉山彝族自治州,梧州,0.000519858
焦作,梧州,0.0004158864
汕尾,梧州,0.0004158864
咸宁,梧州,0.0004158864
荆州,梧州,0.0004158864
湘西土家族苗族自治州,梧州,0.0004158864
吉安,梧州,0.0004158864
湘潭,梧州,0.0004158864
安顺,梧州,0.0004158864
漳州,梧州,0.0004158864
驻马店,梧州,0.0004158864
大理白族自治州,梧州,0.0004158864
贵阳,梧州,0.0004158864
儋州,梧州,0.0004158864
南昌,梧州,0.0004158864
周口,梧州,0.0004158864
乐东黎族自治县,梧州,0.0003119148
南阳,梧州,0.0003119148
武汉,梧州,0.0003119148
乐山,梧州,0.0003119148
铜陵,梧州,0.0003119148
汕头,梧州,0.0003119148
上海,梧州,0.0003119148
黄冈,梧州,0.0003119148
资阳,梧州,0.0003119148
北京,梧州,0.0003119148
昆明,梧州,0.0003119148
恩施土家族苗族自治州,梧州,0.0003119148
钦州,北海,0.16160560128
玉林,北海,0.1145135232
南宁,北海,0.08060980032
湛江,北海,0.03396805632
贵港,北海,0.02528304192
河池,北海,0.01981469952
防城港,北海,0.01942869888
桂林,北海,0.0186566975999999
柳州,北海,0.01589035968
百色,北海,0.01280235456
来宾,北海,0.01003601664
崇左,北海,0.00984301632
茂名,北海,0.00913534848
梧州,北海,0.00829901376
贺州,北海,0.00431034048
重庆,北海,0.00405300672
文山壮族苗族自治州,北海,0.00302367168
广州,北海,0.00295933824
深圳,北海,0.0025733376
成都,北海,0.00238033728
邵阳,北海,0.00238033728
贵阳,北海,0.00231600384
衡阳,北海,0.00231600384
阳江,北海,0.00180133632
黔东南苗族侗族自治州,北海,0.00167266944
三亚,北海,0.001608336
黔南布依族苗族自治州,北海,0.001608336
佛山,北海,0.00154400256
上海,北海,0.00147966912
海口,北海,0.00135100224
东莞,北海,0.0012866688
云浮,北海,0.00115800192
黔西南布依族苗族自治州,北海,0.00109366848
永州,北海,0.00109366848
遵义,北海,0.00102933504
福州,北海,0.0009650015999999
岳阳,北海,0.0009650015999999
肇庆,北海,0.0009650015999999
北京,北海,0.00090066816
昆明,北海,0.00090066816
长沙,北海,0.00090066816
清远,北海,0.00090066816
东方,北海,0.00090066816
郴州,北海,0.00083633472
武汉,北海,0.00083633472
泸州,北海,0.00083633472
抚州,北海,0.00077200128
江门,北海,0.00077200128
曲靖,北海,0.00077200128
襄阳,北海,0.00070766784
毕节,北海,0.00070766784
郑州,北海,0.00070766784
驻马店,北海,0.00070766784
娄底,北海,0.00070766784
吉安,北海,0.00070766784
中山,北海,0.0006433344
安顺,北海,0.0006433344
怀化,北海,0.0006433344
西安,北海,0.0006433344
常德,北海,0.00057900096
保定,北海,0.00057900096
合肥,北海,0.00057900096
惠州,北海,0.00057900096
广安,北海,0.00057900096
南充,北海,0.00057900096
阜阳,北海,0.00057900096
廊坊,北海,0.00057900096
珠海,北海,0.00057900096
宜春,北海,0.00051466752
荆州,北海,0.00051466752
万宁,北海,0.00051466752
陵水黎族自治县,北海,0.00051466752
济宁,北海,0.00045033408
汕尾,北海,0.00045033408
商丘,北海,0.00045033408
太原,北海,0.00045033408
昭通,北海,0.00045033408
红河哈尼族彝族自治州,北海,0.00045033408
杭州,北海,0.00045033408
濮阳,北海,0.00045033408
宜宾,北海,0.00038600064
烟台,北海,0.00038600064
哈尔滨,北海,0.00038600064
莆田,北海,0.00038600064
天津,北海,0.00038600064
内江,北海,0.00038600064
绵阳,北海,0.00038600064
楚雄彝族自治州,北海,0.00038600064
兰州,北海,0.00038600064
六盘水,北海,0.00038600064
沈阳,北海,0.00038600064
盐城,北海,0.00038600064
湘潭,北海,0.0003216672
梅州,北海,0.0003216672
遂宁,北海,0.0003216672
河源,北海,0.0003216672
达州,北海,0.0003216672
乐山,北海,0.0003216672
南阳,北海,0.0003216672
南昌,北海,0.0003216672
南宁,防城港,0.10973386872
钦州,防城港,0.1066787496
玉林,防城港,0.04136931792
北海,防城港,0.03586008672
崇左,防城港,0.0290486736
柳州,防城港,0.02058449112
百色,防城港,0.01793004336
桂林,防城港,0.01787995944
河池,防城港,0.01557609912
贵港,防城港,0.01372299408
湛江,防城港,0.00971628048
来宾,防城港,0.00916535736
梧州,防城港,0.00666116136
茂名,防城港,0.00390654576
福州,防城港,0.00245411208
重庆,防城港,0.00235394424
深圳,防城港,0.0022537764
贺州,防城港,0.00205344072
衡阳,防城港,0.00170285328
广州,防城港,0.00160268544
娄底,防城港,0.001252098
永州,防城港,0.00115193016
邵阳,防城港,0.00105176232
中山,防城港,0.00105176232
佛山,防城港,0.0010016784
阳江,防城港,0.0010016784
文山壮族苗族自治州,防城港,0.00095159448
益阳,防城港,0.00090151056
东莞,防城港,0.00090151056
江门,防城港,0.00080134272
曲靖,防城港,0.00080134272
黔南布依族苗族自治州,防城港,0.0007512588
珠海,防城港,0.0007512588
郴州,防城港,0.00070117488
昆明,防城港,0.00065109096
岳阳,防城港,0.00060100704
红河哈尼族彝族自治州,防城港,0.00060100704
贵阳,防城港,0.00055092312
惠州,防城港,0.00055092312
长沙,防城港,0.00055092312
怀化,防城港,0.00055092312
株洲,防城港,0.0005008392
成都,防城港,0.0005008392
临高县,防城港,0.0005008392
常德,防城港,0.00045075528
南充,防城港,0.00045075528
宜春,防城港,0.00045075528
张家口,防城港,0.00045075528
海口,防城港,0.00045075528
遵义,防城港,0.00040067136
武汉,防城港,0.00040067136
漳州,防城港,0.00040067136
内江,防城港,0.00040067136
毕节,防城港,0.00040067136
玉溪,防城港,0.00040067136
清远,防城港,0.00035058744
肇庆,防城港,0.00035058744
六盘水,防城港,0.00035058744
邯郸,防城港,0.00035058744
咸宁,防城港,0.00035058744
北京,防城港,0.00035058744
西双版纳傣族自治州,防城港,0.00035058744
黔西南布依族苗族自治州,防城港,0.00035058744
大理白族自治州,防城港,0.00030050352
韶关,防城港,0.00030050352
菏泽,防城港,0.00030050352
湘潭,防城港,0.00030050352
南阳,防城港,0.00030050352
十堰,防城港,0.0002504196
天津,防城港,0.0002504196
澄迈县,防城港,0.0002504196
黔东南苗族侗族自治州,防城港,0.0002504196
南昌,防城港,0.0002504196
云浮,防城港,0.0002504196
上海,防城港,0.0002504196
安阳,防城港,0.0002504196
三亚,防城港,0.0002504196
济宁,防城港,0.0002504196
东方,防城港,0.0002504196
绵阳,防城港,0.0002504196
德阳,防城港,0.0002504196
儋州,防城港,0.0002504196
泉州,防城港,0.0002504196
焦作,防城港,0.0002504196
上饶,防城港,0.00020033568
信阳,防城港,0.00020033568
淮南,防城港,0.00020033568
运城,防城港,0.00020033568
莆田,防城港,0.00020033568
黄石,防城港,0.00020033568
绍兴,防城港,0.00015025176
荆州,防城港,0.00015025176
金昌,防城港,0.00015025176
凉山彝族自治州,防城港,0.00015025176
自贡,防城港,0.00015025176
保定,防城港,0.00015025176
铜仁,防城港,0.00015025176
潍坊,防城港,0.00015025176
泸州,防城港,0.00015025176
揭阳,防城港,0.00015025176
南宁,钦州,0.176707818
北海,钦州,0.10811633436
玉林,钦州,0.0872720244
防城港,钦州,0.07594829892
贵港,钦州,0.0364234482
百色,钦州,0.02466696888
河池,钦州,0.02300807916
桂林,钦州,0.01868054076
崇左,钦州,0.01723802796
柳州,钦州,0.01608401772
湛江,钦州,0.01341536904
梧州,钦州,0.01139585112
来宾,钦州,0.01089097164
茂名,钦州,0.00836657424
东莞,钦州,0.00605855376
广州,钦州,0.00591430248
贺州,钦州,0.00497666916
佛山,钦州,0.00382265892
文山壮族苗族自治州,钦州,0.00382265892
深圳,钦州,0.00310140252
中山,钦州,0.00266864868
邵阳,钦州,0.00223589484
阳江,钦州,0.00223589484
肇庆,钦州,0.00187526664
重庆,钦州,0.00173101536
永州,钦州,0.00165888972
云浮,钦州,0.00158676408
江门,钦州,0.00158676408
惠州,钦州,0.00151463844
衡阳,钦州,0.00137038716
湘潭,钦州,0.00122613588
娄底,钦州,0.00115401024
黔南布依族苗族自治州,钦州,0.0010818846
怀化,钦州,0.00093763332
赣州,钦州,0.00093763332
福州,钦州,0.00086550768
益阳,钦州,0.00086550768
清远,钦州,0.00079338204
黔西南布依族苗族自治州,钦州,0.00079338204
贵阳,钦州,0.00079338204
黔东南苗族侗族自治州,钦州,0.00079338204
漳州,钦州,0.0007212564
岳阳,钦州,0.0007212564
遵义,钦州,0.00064913076
梅州,钦州,0.00064913076
毕节,钦州,0.00064913076
郴州,钦州,0.00064913076
上海,钦州,0.00064913076
抚顺,钦州,0.00057700512
红河哈尼族彝族自治州,钦州,0.00057700512
海口,钦州,0.00057700512
长沙,钦州,0.00057700512
韶关,钦州,0.00057700512
南充,钦州,0.00050487948
达州,钦州,0.00050487948
吉安,钦州,0.00050487948
河源,钦州,0.00050487948
株洲,钦州,0.00050487948
阜阳,钦州,0.00050487948
南阳,钦州,0.00043275384
上饶,钦州,0.0003606282
成都,钦州,0.0003606282
昆明,钦州,0.0003606282
驻马店,钦州,0.0003606282
泉州,钦州,0.0003606282
三亚,钦州,0.0003606282
昭通,钦州,0.0003606282
铜仁,钦州,0.00028850256
曲靖,钦州,0.00028850256
宜宾,钦州,0.00028850256
鹰潭,钦州,0.00028850256
揭阳,钦州,0.00028850256
广安,钦州,0.00028850256
六盘水,钦州,0.00028850256
巴中,钦州,0.00028850256
莆田,钦州,0.00028850256
琼海,钦州,0.00028850256
南昌,钦州,0.00028850256
龙岩,钦州,0.00028850256
武汉,钦州,0.00028850256
珠海,钦州,0.00028850256
儋州,钦州,0.00028850256
凉山彝族自治州,钦州,0.00028850256
宜春,钦州,0.00021637692
襄阳,钦州,0.00021637692
九江,钦州,0.00021637692
北京,钦州,0.00021637692
泸州,钦州,0.00021637692
大理白族自治州,钦州,0.00021637692
滁州,钦州,0.00021637692
澄迈县,钦州,0.00021637692
抚州,钦州,0.00021637692
咸宁,钦州,0.00021637692
荆州,钦州,0.00021637692
汕尾,钦州,0.00021637692
泰州,钦州,0.00021637692
杭州,钦州,0.00021637692
天津,钦州,0.00021637692
玉溪,钦州,0.00021637692
常德,钦州,0.00014425128
玉林,贵港,0.19617774588
南宁,贵港,0.1606248143999999
梧州,贵港,0.0921633843599999
来宾,贵港,0.07463177352
柳州,贵港,0.05181129684
河池,贵港,0.04622860512
桂林,贵港,0.04524918552
钦州,贵港,0.03878501616
百色,贵港,0.0318311369999999
贺州,贵港,0.01851103044
佛山,贵港,0.0161604234
崇左,贵港,0.01488717792
北海,贵港,0.01449541008
广州,贵港,0.0104797897199999
湛江,贵港,0.00940242816
茂名,贵港,0.00861889248
肇庆,贵港,0.0083250666
中山,贵港,0.00793329876
防城港,贵港,0.00666005328
东莞,贵港,0.00646416936
深圳,贵港,0.00509298192
云浮,贵港,0.00499503996
文山壮族苗族自治州,贵港,0.00470121408
永州,贵港,0.00470121408
江门,贵港,0.00450533016
清远,贵港,0.00450533016
重庆,贵港,0.00381973644
遵义,贵港,0.00333002664
衡阳,贵港,0.00313414272
黔东南苗族侗族自治州,贵港,0.00313414272
邵阳,贵港,0.0029382588
黔南布依族苗族自治州,贵港,0.0029382588
黔西南布依族苗族自治州,贵港,0.00274237488
阳江,贵港,0.00274237488
惠州,贵港,0.0019588392
毕节,贵港,0.0017629552799999
珠海,贵港,0.0017629552799999
韶关,贵港,0.0017629552799999
泸州,贵港,0.0014691294
南充,贵港,0.0014691294
宜宾,贵港,0.00137118744
怀化,贵港,0.00137118744
赣州,贵港,0.00127324548
郴州,贵港,0.00127324548
曲靖,贵港,0.00127324548
娄底,贵港,0.00127324548
铜仁,贵港,0.00127324548
益阳,贵港,0.00127324548
宜春,贵港,0.00107736156
安顺,贵港,0.00107736156
常德,贵港,0.00107736156
红河哈尼族彝族自治州,贵港,0.00107736156
广安,贵港,0.0009794196
岳阳,贵港,0.0009794196
达州,贵港,0.0008814776399999
福州,贵港,0.00078353568
漳州,贵港,0.00078353568
贵阳,贵港,0.00078353568
六盘水,贵港,0.00078353568
泉州,贵港,0.00078353568
内江,贵港,0.00068559372
自贡,贵港,0.00068559372
长沙,贵港,0.00068559372
昆明,贵港,0.00068559372
揭阳,贵港,0.00068559372
昭通,贵港,0.00058765176
河源,贵港,0.00058765176
梅州,贵港,0.00058765176
驻马店,贵港,0.00058765176
成都,贵港,0.00058765176
九江,贵港,0.0004897098
抚州,贵港,0.0004897098
三亚,贵港,0.00039176784
汕尾,贵港,0.00039176784
黄冈,贵港,0.00039176784
荆州,贵港,0.00039176784
南昌,贵港,0.00039176784
绵阳,贵港,0.00039176784
周口,贵港,0.00039176784
大理白族自治州,贵港,0.00039176784
南阳,贵港,0.00039176784
吉安,贵港,0.00029382588
上饶,贵港,0.00029382588
广元,贵港,0.00029382588
湘潭,贵港,0.00029382588
莆田,贵港,0.00029382588
株洲,贵港,0.00029382588
遂宁,贵港,0.00029382588
恩施土家族苗族自治州,贵港,0.00029382588
凉山彝族自治州,贵港,0.00029382588
萍乡,贵港,0.00029382588
汕头,贵港,0.00029382588
保山,贵港,0.00029382588
临沂,贵港,0.00029382588
乐山,贵港,0.00029382588
南平,贵港,0.00029382588
新乡,贵港,0.00019588392
孝感,贵港,0.00019588392
湘西土家族苗族自治州,贵港,0.00019588392
巴中,贵港,0.00019588392
贵港,玉林,0.17656626564
南宁,玉林,0.14368769172
茂名,玉林,0.0887513403599999
湛江,玉林,0.07657794432
钦州,玉林,0.07033517712
梧州,玉林,0.05493635136
北海,玉林,0.05004618372
桂林,玉林,0.04203463248
柳州,玉林,0.03880920276
河池,玉林,0.03818492604
百色,玉林,0.03506354244
来宾,玉林,0.0223699157999999
崇左,玉林,0.01633524084
贺州,玉林,0.01269362664
广州,玉林,0.01082079648
东莞,玉林,0.01030056588
深圳,玉林,0.0097803352799999
佛山,玉林,0.0089479663199999
防城港,玉林,0.00873987408
云浮,玉林,0.00686704392
中山,玉林,0.005202306
肇庆,玉林,0.00457802928
永州,玉林,0.00395375256
阳江,玉林,0.00395375256
文山壮族苗族自治州,玉林,0.00395375256
邵阳,玉林,0.00374566032
重庆,玉林,0.00332947584
衡阳,玉林,0.00332947584
江门,玉林,0.0031213836
赣州,玉林,0.0031213836
清远,玉林,0.00291329136
惠州,玉林,0.002601153
黔西南布依族苗族自治州,玉林,0.00239306076
黔东南苗族侗族自治州,玉林,0.00228901464
黔南布依族苗族自治州,玉林,0.00218496852
珠海,玉林,0.00187283016
郴州,玉林,0.00166473792
河源,玉林,0.0015606918
韶关,玉林,0.00145664568
怀化,玉林,0.00135259956
海口,玉林,0.00135259956
三亚,玉林,0.0012485534399999
毕节,玉林,0.0012485534399999
福州,玉林,0.00114450732
娄底,玉林,0.00114450732
长沙,玉林,0.00114450732
驻马店,玉林,0.0010404612
梅州,玉林,0.0010404612
吉安,玉林,0.0010404612
岳阳,玉林,0.0010404612
益阳,玉林,0.0010404612
泸州,玉林,0.00093641508
常德,玉林,0.00093641508
南充,玉林,0.00093641508
揭阳,玉林,0.00093641508
曲靖,玉林,0.00093641508
荆州,玉林,0.00083236896
南昌,玉林,0.00083236896
遵义,玉林,0.00083236896
红河哈尼族彝族自治州,玉林,0.00083236896
抚州,玉林,0.00083236896
宜春,玉林,0.00083236896
黄冈,玉林,0.00072832284
铜仁,玉林,0.00072832284
武汉,玉林,0.00072832284
商丘,玉林,0.00072832284
株洲,玉林,0.0006242767199999
达州,玉林,0.0006242767199999
广安,玉林,0.0006242767199999
亳州,玉林,0.0006242767199999
成都,玉林,0.0006242767199999
贵阳,玉林,0.0006242767199999
陵水黎族自治县,玉林,0.0005202306
汕头,玉林,0.0005202306
南阳,玉林,0.0005202306
儋州,玉林,0.0005202306
泉州,玉林,0.0005202306
淮安,玉林,0.00041618448
安顺,玉林,0.00041618448
九江,玉林,0.00041618448
咸宁,玉林,0.00041618448
汕尾,玉林,0.00041618448
潮州,玉林,0.00041618448
湘潭,玉林,0.00041618448
漳州,玉林,0.00041618448
昭通,玉林,0.00041618448
六盘水,玉林,0.00041618448
襄阳,玉林,0.0003121383599999
内江,玉林,0.0003121383599999
莆田,玉林,0.0003121383599999
眉山,玉林,0.0003121383599999
仙桃,玉林,0.0003121383599999
自贡,玉林,0.0003121383599999
上海,玉林,0.0003121383599999
北京,玉林,0.0003121383599999
湘西土家族苗族自治州,玉林,0.0003121383599999
潜江,玉林,0.0003121383599999
天津,玉林,0.0003121383599999
遂宁,玉林,0.00020809224
宜宾,玉林,0.00020809224
南宁,百色,0.1788891350399999
河池,百色,0.09844009056
文山壮族苗族自治州,百色,0.0750281616
黔西南布依族苗族自治州,百色,0.06080816448
崇左,百色,0.05035921632
玉林,百色,0.0408530304
贵港,百色,0.0234119289599999
钦州,百色,0.0184624272
曲靖,百色,0.01736253792
桂林,百色,0.01712684736
柳州,百色,0.01225590912
北海,百色,0.0119416550399999
来宾,百色,0.0109988928
防城港,百色,0.00817060608
梧州,百色,0.0073849708799999
黔南布依族苗族自治州,百色,0.00714928032
红河哈尼族彝族自治州,百色,0.0066778991999999
毕节,百色,0.00612795456
昆明,百色,0.0060493910399999
茂名,百色,0.00557800992
重庆,百色,0.00502806528
湛江,百色,0.00487093824
大理白族自治州,百色,0.00416386656
邵阳,百色,0.003928176
贺州,百色,0.003928176
衡阳,百色,0.003928176
六盘水,百色,0.0032211043199999
贵阳,百色,0.0031425408
广州,百色,0.0029854137599999
遵义,百色,0.00282828672
楚雄彝族自治州,百色,0.0027497232
东莞,百色,0.0023569056
昭通,百色,0.0023569056
泸州,百色,0.00219977856
安顺,百色,0.00212121504
宜春,百色,0.00204265152
娄底,百色,0.001964088
深圳,百色,0.00180696096
永州,百色,0.00180696096
黔东南苗族侗族自治州,百色,0.00172839744
宜宾,百色,0.0016498339199999
福州,百色,0.0016498339199999
凉山彝族自治州,百色,0.0014927068799999
江门,百色,0.0014927068799999
玉溪,百色,0.00133557984
南昌,百色,0.00133557984
佛山,百色,0.00125701632
广安,百色,0.00125701632
南充,百色,0.00125701632
成都,百色,0.0011784528
泉州,百色,0.00102132576
中山,百色,0.0009427622399999
赣州,百色,0.00086419872
湘潭,百色,0.00086419872
云浮,百色,0.00086419872
肇庆,百色,0.00086419872
荆州,百色,0.00086419872
怀化,百色,0.0007856352
临沧,百色,0.0007856352
清远,百色,0.0007856352
自贡,百色,0.0007856352
铜仁,百色,0.0007856352
长沙,百色,0.00070707168
宁德,百色,0.00070707168
达州,百色,0.00070707168
岳阳,百色,0.00070707168
眉山,百色,0.00070707168
惠州,百色,0.00070707168
梅州,百色,0.00070707168
丽江,百色,0.00070707168
恩施土家族苗族自治州,百色,0.00070707168
宜昌,百色,0.00062850816
常德,百色,0.00062850816
阳江,百色,0.00062850816
南阳,百色,0.00062850816
内江,百色,0.00062850816
株洲,百色,0.00062850816
郴州,百色,0.00062850816
遂宁,百色,0.00054994464
湘西土家族苗族自治州,百色,0.00054994464
临沂,百色,0.00054994464
乐山,百色,0.00054994464
西双版纳傣族自治州,百色,0.00054994464
吉安,百色,0.00054994464
保山,百色,0.00054994464
珠海,百色,0.00054994464
益阳,百色,0.0004713811199999
攀枝花,百色,0.0004713811199999
漳州,百色,0.0004713811199999
揭阳,百色,0.0004713811199999
九江,百色,0.0004713811199999
广元,百色,0.0004713811199999
资阳,百色,0.0003928176
普洱,百色,0.0003928176
驻马店,百色,0.00031425408
信阳,百色,0.00031425408
聊城,百色,0.00031425408
抚州,百色,0.00031425408
十堰,百色,0.00031425408
盐城,百色,0.00031425408
桂林,贺州,0.1095954786
梧州,贺州,0.0774923598
永州,贺州,0.0645068286
南宁,贺州,0.02404728
贵港,贺州,0.0208610154
邵阳,贺州,0.0208610154
河池,贺州,0.0182158145999999
柳州,贺州,0.0177949871999999
玉林,贺州,0.0175545144
肇庆,贺州,0.0169533324
重庆,贺州,0.0131057676
怀化,贺州,0.0113022216
佛山,贺州,0.0085367843999999
清远,贺州,0.008115957
来宾,贺州,0.008115957
广州,贺州,0.0070338293999999
黔东南苗族侗族自治州,贺州,0.0069737111999999
百色,贺州,0.0061921746
钦州,贺州,0.0060719382
铜仁,贺州,0.00601182
常德,贺州,0.0046892196
达州,贺州,0.0046892196
南充,贺州,0.0043886286
遵义,贺州,0.0042683921999999
深圳,贺州,0.004208274
衡阳,贺州,0.0038475648
毕节,贺州,0.0038475648
娄底,贺州,0.0037874466
中山,贺州,0.0036672102
湘西土家族苗族自治州,贺州,0.003607092
北海,贺州,0.003607092
崇左,贺州,0.0035469737999999
泸州,贺州,0.0035469737999999
茂名,贺州,0.0034267373999999
湛江,贺州,0.00300591
东莞,贺州,0.0028856736
黔南布依族苗族自治州,贺州,0.0027654372
云浮,贺州,0.0024648461999999
宜宾,贺州,0.002404728
益阳,贺州,0.0022844916
文山壮族苗族自治州,贺州,0.0022844916
广安,贺州,0.0022844916
恩施土家族苗族自治州,贺州,0.0022243733999999
郴州,贺州,0.0019237824
荆州,贺州,0.0019237824
江门,贺州,0.0019237824
防城港,贺州,0.0018636642
韶关,贺州,0.001803546
珠海,贺州,0.0014428368
赣州,贺州,0.0014428368
张家界,贺州,0.0012624822
惠州,贺州,0.0012624822
南阳,贺州,0.0011422458
内江,贺州,0.0010821276
遂宁,贺州,0.0010821276
长沙,贺州,0.0010220094
梅州,贺州,0.0010220094
阳江,贺州,0.0010220094
自贡,贺州,0.0009618912
岳阳,贺州,0.000901773
巴中,贺州,0.000901773
宜春,贺州,0.000901773
绵阳,贺州,0.0008416548
河源,贺州,0.0008416548
福州,贺州,0.0007815366
成都,贺州,0.0007815366
昭通,贺州,0.0007214184
株洲,贺州,0.0006613002
贵阳,贺州,0.0006613002
襄阳,贺州,0.0005410638
九江,贺州,0.0005410638
揭阳,贺州,0.0005410638
湘潭,贺州,0.0005410638
抚州,贺州,0.0005410638
南昌,贺州,0.0004809456
资阳,贺州,0.0004809456
武汉,贺州,0.0004809456
潮州,贺州,0.0004208274
安顺,贺州,0.0004208274
汕尾,贺州,0.0004208274
萍乡,贺州,0.0004208274
吉安,贺州,0.0004208274
六盘水,贺州,0.0004208274
眉山,贺州,0.0004208274
广元,贺州,0.0004208274
临沂,贺州,0.0003607092
黔西南布依族苗族自治州,贺州,0.0003607092
海口,贺州,0.000300591
宜昌,贺州,0.000300591
乐山,贺州,0.000300591
漯河,贺州,0.000300591
泉州,贺州,0.0002404728
曲靖,贺州,0.0002404728
上饶,贺州,0.0002404728
济宁,贺州,0.0002404728
阜阳,贺州,0.0002404728
汕头,贺州,0.0002404728
莆田,贺州,0.0002404728
衡水,贺州,0.0002404728
咸宁,贺州,0.0002404728
南宁,河池,0.1759317084
柳州,河池,0.091839825
百色,河池,0.0696646818
黔南布依族苗族自治州,河池,0.0470219904
来宾,河池,0.0358008336
玉林,河池,0.0293219513999999
桂林,河池,0.025047225
贵港,河池,0.020705706
钦州,河池,0.0102192678
北海,河池,0.0095513418
崇左,河池,0.0084158676
重庆,河池,0.0076811489999999
梧州,河池,0.0070800156
防城港,河池,0.006011334
邵阳,河池,0.005009445
黔东南苗族侗族自治州,河池,0.0049426524
贺州,河池,0.0049426524
遵义,河池,0.0044083116
湛江,河池,0.0042079338
南充,河池,0.0038739708
毕节,河池,0.0037403856
泸州,河池,0.00333963
贵阳,河池,0.0028052892
衡阳,河池,0.0027384966
永州,河池,0.002671704
茂名,河池,0.0025381188
东莞,河池,0.0024045336
福州,河池,0.0021373632
黔西南布依族苗族自治州,河池,0.0021373632
广安,河池,0.002003778
内江,河池,0.0019369854
文山壮族苗族自治州,河池,0.0019369854
宜宾,河池,0.0019369854
深圳,河池,0.0018701928
广州,河池,0.0018034002
铜仁,河池,0.001669815
成都,河池,0.0014026446
达州,河池,0.0014026446
娄底,河池,0.001335852
佛山,河池,0.0012690594
安顺,河池,0.0012022668
怀化,河池,0.0012022668
郴州,河池,0.0012022668
自贡,河池,0.0012022668
金华,河池,0.0011354742
昭通,河池,0.0011354742
江门,河池,0.0011354742
遂宁,河池,0.0010686816
宜春,河池,0.0010686816
资阳,河池,0.001001889
长沙,河池,0.0009350964
泉州,河池,0.0009350964
荆州,河池,0.0008015112
南昌,河池,0.0008015112
惠州,河池,0.0008015112
常德,河池,0.0008015112
曲靖,河池,0.0008015112
吉安,河池,0.0007347186
绵阳,河池,0.0007347186
益阳,河池,0.0007347186
六盘水,河池,0.0007347186
抚州,河池,0.0007347186
商丘,河池,0.0007347186
湘潭,河池,0.000667926
清远,河池,0.000667926
肇庆,河池,0.0006011334
云浮,河池,0.0006011334
中山,河池,0.0006011334
襄阳,河池,0.0006011334
温州,河池,0.0006011334
恩施土家族苗族自治州,河池,0.0006011334
巴中,河池,0.0006011334
九江,河池,0.0006011334
阳江,河池,0.0005343408
岳阳,河池,0.0005343408
南阳,河池,0.0005343408
昆明,河池,0.0005343408
株洲,河池,0.0004675482
河源,河池,0.0004675482
红河哈尼族彝族自治州,河池,0.0004675482
赣州,河池,0.0004007556
上饶,河池,0.0004007556
广元,河池,0.0004007556
宜昌,河池,0.000333963
揭阳,河池,0.000333963
湘西土家族苗族自治州,河池,0.000333963
铜陵,河池,0.0002671704
德阳,河池,0.0002671704
韶关,河池,0.0002671704
阜阳,河池,0.0002671704
武汉,河池,0.0002671704
咸宁,河池,0.0002671704
漳州,河池,0.0002671704
三明,河池,0.0002671704
珠海,河池,0.0002671704
周口,河池,0.0002003778
上海,河池,0.0002003778
大理白族自治州,河池,0.0002003778
北京,河池,0.0002003778
安康,河池,0.0002003778
柳州,来宾,0.21129936696
南宁,来宾,0.10028304792
贵港,来宾,0.06211324944
河池,来宾,0.04960168488
桂林,来宾,0.04617211896
玉林,来宾,0.02661089112
百色,来宾,0.01467092088
梧州,来宾,0.01289262744
钦州,来宾,0.00851040432
北海,来宾,0.00736721568
贺州,来宾,0.0069861528
崇左,来宾,0.00660508992
湛江,来宾,0.0038106288
防城港,来宾,0.00374711832
永州,来宾,0.00311201352
邵阳,来宾,0.00266744016
衡阳,来宾,0.00260392968
茂名,来宾,0.00247690872
黔南布依族苗族自治州,来宾,0.00247690872
重庆,来宾,0.00209584584
东莞,来宾,0.0019053144
黔东南苗族侗族自治州,来宾,0.00177829344
文山壮族苗族自治州,来宾,0.00177829344
深圳,来宾,0.00165127248
广州,来宾,0.00165127248
漳州,来宾,0.00152425152
娄底,来宾,0.00152425152
肇庆,来宾,0.00133372008
遵义,来宾,0.00133372008
佛山,来宾,0.00114318864
福州,来宾,0.00107967816
中山,来宾,0.0009526572
云浮,来宾,0.0009526572
黔西南布依族苗族自治州,来宾,0.0009526572
益阳,来宾,0.00088914672
南充,来宾,0.00088914672
宜宾,来宾,0.00082563624
怀化,来宾,0.00082563624
株洲,来宾,0.00082563624
郴州,来宾,0.00082563624
抚州,来宾,0.00082563624
清远,来宾,0.00076212576
毕节,来宾,0.00076212576
江门,来宾,0.00069861528
宜春,来宾,0.00069861528
赣州,来宾,0.00069861528
铜仁,来宾,0.00069861528
金华,来宾,0.00069861528
韶关,来宾,0.0006351048
南阳,来宾,0.0006351048
岳阳,来宾,0.00057159432
泸州,来宾,0.00057159432
贵阳,来宾,0.00057159432
湘潭,来宾,0.00050808384
吉安,来宾,0.00050808384
湘西土家族苗族自治州,来宾,0.00050808384
安顺,来宾,0.00044457336
广安,来宾,0.00044457336
阳江,来宾,0.00044457336
昭通,来宾,0.00044457336
武汉,来宾,0.00044457336
六盘水,来宾,0.00044457336
曲靖,来宾,0.00038106288
梅州,来宾,0.00038106288
成都,来宾,0.00038106288
孝感,来宾,0.00038106288
绵阳,来宾,0.00038106288
长沙,来宾,0.00038106288
达州,来宾,0.00038106288
信阳,来宾,0.0003175524
铜陵,来宾,0.0003175524
珠海,来宾,0.0003175524
商丘,来宾,0.0003175524
荆门,来宾,0.0003175524
南昌,来宾,0.0003175524
乐山,来宾,0.0003175524
邢台,来宾,0.0003175524
西安,来宾,0.0003175524
红河哈尼族彝族自治州,来宾,0.0003175524
惠州,来宾,0.0003175524
九江,来宾,0.00025404192
襄阳,来宾,0.00025404192
嘉兴,来宾,0.00025404192
常德,来宾,0.00025404192
驻马店,来宾,0.00025404192
萍乡,来宾,0.00025404192
泰安,来宾,0.00025404192
泉州,来宾,0.00025404192
阜阳,来宾,0.00025404192
三门峡,来宾,0.00025404192
许昌,来宾,0.00019053144
遂宁,来宾,0.00019053144
黄石,来宾,0.00019053144
儋州,来宾,0.00019053144
周口,来宾,0.00019053144
龙岩,来宾,0.00019053144
昆明,来宾,0.00019053144
海口,来宾,0.00019053144
上海,来宾,0.00019053144
荆州,来宾,0.00019053144
南宁,崇左,0.27477396072
百色,崇左,0.04927797
玉林,崇左,0.02990468808
防城港,崇左,0.02584981512
钦州,崇左,0.02078122392
河池,崇左,0.01897905816
贵港,崇左,0.0157689504
桂林,崇左,0.01441732608
北海,崇左,0.01402310232
来宾,崇左,0.008447652
柳州,崇左,0.00839133432
梧州,崇左,0.00670180392
文山壮族苗族自治州,崇左,0.00518122656
湛江,崇左,0.0050685912
贺州,崇左,0.00304115472
茂名,崇左,0.00292851936
深圳,崇左,0.00236534256
广州,崇左,0.00185848344
邵阳,崇左,0.00180216576
红河哈尼族彝族自治州,崇左,0.00174584808
衡阳,崇左,0.00163321272
福州,崇左,0.00157689504
东莞,崇左,0.00157689504
重庆,崇左,0.001407942
永州,崇左,0.00135162432
娄底,崇左,0.00129530664
佛山,崇左,0.00101371824
淮安,崇左,0.00090108288
黔南布依族苗族自治州,崇左,0.0008447652
泉州,崇左,0.00078844752
南充,崇左,0.00073212984
长沙,崇左,0.00073212984
肇庆,崇左,0.00067581216
大理白族自治州,崇左,0.00067581216
六盘水,崇左,0.00067581216
江门,崇左,0.00067581216
怀化,崇左,0.00067581216
昆明,崇左,0.00061949448
枣庄,崇左,0.0005631768
宜春,崇左,0.0005631768
潍坊,崇左,0.0005631768
岳阳,崇左,0.0005631768
黔东南苗族侗族自治州,崇左,0.0005631768
云浮,崇左,0.0005631768
湘潭,崇左,0.00050685912
曲靖,崇左,0.00050685912
盐城,崇左,0.00045054144
郴州,崇左,0.00045054144
贵阳,崇左,0.00045054144
广安,崇左,0.00045054144
成都,崇左,0.00045054144
铜仁,崇左,0.00039422376
中山,崇左,0.00039422376
珠海,崇左,0.00039422376
惠州,崇左,0.00039422376
黔西南布依族苗族自治州,崇左,0.00039422376
楚雄彝族自治州,崇左,0.00033790608
毕节,崇左,0.00033790608
益阳,崇左,0.00033790608
临沂,崇左,0.00033790608
杭州,崇左,0.00033790608
遵义,崇左,0.00033790608
漳州,崇左,0.00033790608
九江,崇左,0.0002815884
阳江,崇左,0.0002815884
上海,崇左,0.0002815884
昭通,崇左,0.0002815884
渭南,崇左,0.0002815884
吉安,崇左,0.0002815884
菏泽,崇左,0.0002815884
黄冈,崇左,0.0002815884
淄博,崇左,0.0002815884
清远,崇左,0.0002815884
上饶,崇左,0.0002815884
西双版纳傣族自治州,崇左,0.0002815884
荆州,崇左,0.0002815884
泸州,崇左,0.0002815884
德阳,崇左,0.0002815884
安康,崇左,0.0002815884
郑州,崇左,0.0002815884
驻马店,崇左,0.00022527072
达州,崇左,0.00022527072
张家界,崇左,0.00022527072
赣州,崇左,0.00022527072
汕尾,崇左,0.00022527072
南阳,崇左,0.00022527072
周口,崇左,0.00022527072
襄阳,崇左,0.00022527072
株洲,崇左,0.00022527072
安阳,崇左,0.00022527072
宁德,崇左,0.00022527072
台州,崇左,0.00022527072
随州,崇左,0.00022527072
南昌,崇左,0.00022527072
西安,崇左,0.00022527072
临沧,崇左,0.00022527072
北京,崇左,0.00022527072
眉山,崇左,0.00022527072
三亚,崇左,0.00022527072
安顺,崇左,0.00022527072
澄迈县,海口,0.31366421208
文昌,海口,0.31281951492
万宁,海口,0.2674874339999999
儋州,海口,0.2590404623999999
临高县,海口,0.20441671272
定安县,海口,0.17569700928
三亚,海口,0.1717550892
琼海,海口,0.14416164864
屯昌县,海口,0.1295202311999999
乐东黎族自治县,海口,0.12698613972
东方,海口,0.10924749936
昌江黎族自治县,海口,0.06982829856
陵水黎族自治县,海口,0.06278915556
湛江,海口,0.05096339532
琼中黎族苗族自治县,海口,0.0489924352799999
白沙黎族自治县,海口,0.0380113722
保亭黎族苗族自治县,海口,0.02421465192
五指山,海口,0.01802020608
茂名,海口,0.00901010304
广州,海口,0.0084469716
深圳,海口,0.00816540588
重庆,海口,0.00788384016
北京,海口,0.00760227444
南宁,海口,0.0059128801199999
玉林,海口,0.00506818296
巴中,海口,0.00450505152
成都,海口,0.0042234858
长沙,海口,0.00394192008
上海,海口,0.00394192008
武汉,海口,0.00394192008
郑州,海口,0.00394192008
衡阳,海口,0.00309722292
西安,海口,0.0028156572
邵阳,海口,0.0028156572
天津,海口,0.0028156572
黄冈,海口,0.0028156572
揭阳,海口,0.0028156572
泉州,海口,0.00253409148
宜春,海口,0.00253409148
佛山,海口,0.00253409148
永州,海口,0.00253409148
荆州,海口,0.00253409148
桂林,海口,0.00225252576
惠州,海口,0.00225252576
北海,海口,0.00225252576
沈阳,海口,0.00225252576
益阳,海口,0.00197096004
呼和浩特,海口,0.00197096004
汕头,海口,0.00197096004
杭州,海口,0.00197096004
常德,海口,0.00197096004
岳阳,海口,0.00197096004
上饶,海口,0.00168939432
南昌,海口,0.00168939432
哈尔滨,海口,0.00168939432
贵阳,海口,0.00168939432
南阳,海口,0.00168939432
九江,海口,0.00168939432
梅州,海口,0.00168939432
东莞,海口,0.00168939432
珠海,海口,0.00168939432
周口,海口,0.00168939432
太原,海口,0.00168939432
商丘,海口,0.0014078286
长春,海口,0.0014078286
吉安,海口,0.0014078286
昆明,海口,0.0014078286
福州,海口,0.0014078286
邯郸,海口,0.0014078286
娄底,海口,0.0014078286
保定,海口,0.0014078286
广安,海口,0.0014078286
韶关,海口,0.0014078286
莆田,海口,0.0014078286
三沙,海口,0.0014078286
乌鲁木齐,海口,0.0014078286
贵港,海口,0.00112626288
龙岩,海口,0.00112626288
信阳,海口,0.00112626288
南充,海口,0.00112626288
阳江,海口,0.00112626288
郴州,海口,0.00112626288
安庆,海口,0.00112626288
达州,海口,0.00112626288
大连,海口,0.00112626288
宁波,海口,0.00112626288
赣州,海口,0.00112626288
汕尾,海口,0.00112626288
合肥,海口,0.00112626288
包头,海口,0.00112626288
中山,海口,0.00112626288
阜阳,海口,0.00112626288
抚州,海口,0.00112626288
江门,海口,0.00112626288
驻马店,海口,0.00084469716
青岛,海口,0.00084469716
柳州,海口,0.00084469716
温州,海口,0.00084469716
厦门,海口,0.00084469716
安阳,海口,0.00084469716
乐东黎族自治县,三亚,0.18815417748
乐东黎族自治县,三亚,0.00080607312
海口,三亚,0.13358078388
海口,三亚,0.0005722747199999
陵水黎族自治县,三亚,0.12192192252
陵水黎族自治县,三亚,0.00052232688
万宁,三亚,0.09327089088
万宁,三亚,0.00039958272
儋州,三亚,0.05879042856
儋州,三亚,0.00025186464
东方,三亚,0.05692997196
东方,三亚,0.00024389424
琼海,三亚,0.04564320192
琼海,三亚,0.00019554048
保亭黎族苗族自治县,三亚,0.03956571036
保亭黎族苗族自治县,三亚,0.00016950384
文昌,三亚,0.03262000572
文昌,三亚,0.0001397476799999
临高县,三亚,0.02840297076
临高县,三亚,0.00012168144
澄迈县,三亚,0.0260463924
澄迈县,三亚,0.0001115856
北京,三亚,0.02021696172
北京,三亚,8.661167999999998e-05
昌江黎族自治县,三亚,0.01810844424
昌江黎族自治县,三亚,7.757856e-05
五指山,三亚,0.01711620072
五指山,三亚,7.332767999999999e-05
成都,三亚,0.01662007896
成都,三亚,7.120224e-05
屯昌县,三亚,0.01525574412
屯昌县,三亚,6.535728e-05
定安县,三亚,0.0136433484
定安县,三亚,5.844960000000001e-05
哈尔滨,三亚,0.01215498312
哈尔滨,三亚,5.207328e-05
上海,三亚,0.01165886136
上海,三亚,4.994784e-05
琼中黎族苗族自治县,三亚,0.01017049608
琼中黎族苗族自治县,三亚,4.357152e-05
湛江,三亚,0.0086821308
湛江,三亚,3.71952e-05
重庆,三亚,0.00855810036
重庆,三亚,3.666384e-05
白沙黎族自治县,三亚,0.00793794816
白沙黎族自治县,三亚,3.4007040000000004e-05
西安,三亚,0.00768988728
西安,三亚,3.294432e-05
廊坊,三亚,0.00756585684
廊坊,三亚,3.241296e-05
沈阳,三亚,0.0068216742
沈阳,三亚,2.9224800000000005e-05
深圳,三亚,0.00669764376
深圳,三亚,2.869344e-05
广州,三亚,0.00508524804
广州,三亚,2.178576e-05
杭州,三亚,0.0049612176
杭州,三亚,2.12544e-05
长春,三亚,0.00483718716
长春,三亚,2.072304e-05
武汉,三亚,0.00458912628
武汉,三亚,1.966032e-05
保定,三亚,0.0043410654
保定,三亚,1.85976e-05
沧州,三亚,0.00421703496
沧州,三亚,1.8066240000000003e-05
唐山,三亚,0.00396897408
唐山,三亚,1.7003520000000002e-05
茂名,三亚,0.0037209132
茂名,三亚,1.5940799999999998e-05
郑州,三亚,0.00347285232
郑州,三亚,1.4878080000000004e-05
太原,三亚,0.00347285232
太原,三亚,1.4878080000000004e-05
天津,三亚,0.00334882188
天津,三亚,1.434672e-05
三沙,三亚,0.00272866968
三沙,三亚,1.168992e-05
济南,三亚,0.0024806088
济南,三亚,1.06272e-05
大连,三亚,0.0024806088
大连,三亚,1.06272e-05
呼和浩特,三亚,0.0024806088
呼和浩特,三亚,1.06272e-05
南昌,三亚,0.0024806088
南昌,三亚,1.06272e-05
长沙,三亚,0.00235657836
长沙,三亚,1.009584e-05
合肥,三亚,0.00235657836
合肥,三亚,1.009584e-05
邯郸,三亚,0.00235657836
邯郸,三亚,1.009584e-05
贵阳,三亚,0.00223254792
贵阳,三亚,9.56448e-06
乌鲁木齐,三亚,0.00210851748
乌鲁木齐,三亚,9.03312e-06
南宁,三亚,0.00210851748
南宁,三亚,9.03312e-06
昆明,三亚,0.00198448704
昆明,三亚,8.501760000000001e-06
玉林,三亚,0.00198448704
玉林,三亚,8.501760000000001e-06
青岛,三亚,0.00173642616
青岛,三亚,7.439040000000001e-06
南京,三亚,0.00173642616
南京,三亚,7.439040000000001e-06
珠海,三亚,0.00173642616
珠海,三亚,7.439040000000001e-06
驻马店,三亚,0.00161239572
驻马店,三亚,6.90768e-06
东莞,三亚,0.00161239572
东莞,三亚,6.90768e-06
九江,三亚,0.00161239572
九江,三亚,6.90768e-06
宁波,三亚,0.00161239572
宁波,三亚,6.90768e-06
达州,三亚,0.00148836528
达州,三亚,6.37632e-06
洛阳,三亚,0.00148836528
洛阳,三亚,6.37632e-06
揭阳,三亚,0.00148836528
揭阳,三亚,6.37632e-06
周口,三亚,0.00136433484
周口,三亚,5.84496e-06
晋中,三亚,0.00136433484
晋中,三亚,5.84496e-06
福州,三亚,0.00136433484
福州,三亚,5.84496e-06
宜春,三亚,0.00136433484
宜春,三亚,5.84496e-06
张家口,三亚,0.00136433484
张家口,三亚,5.84496e-06
咸阳,三亚,0.00136433484
咸阳,三亚,5.84496e-06
温州,三亚,0.00136433484
温州,三亚,5.84496e-06
苏州,三亚,0.0012403044
苏州,三亚,5.3136e-06
嘉兴,三亚,0.0012403044
嘉兴,三亚,5.3136e-06
石家庄,三亚,0.0012403044
石家庄,三亚,5.3136e-06
潍坊,三亚,0.0012403044
潍坊,三亚,5.3136e-06
北海,三亚,0.0012403044
北海,三亚,5.3136e-06
荆州,三亚,0.0012403044
荆州,三亚,5.3136e-06
金华,三亚,0.0012403044
金华,三亚,5.3136e-06
运城,三亚,0.0012403044
运城,三亚,5.3136e-06
绥化,三亚,0.0012403044
绥化,三亚,5.3136e-06
新乡,三亚,0.0012403044
新乡,三亚,5.3136e-06
南阳,三亚,0.0012403044
南阳,三亚,5.3136e-06
河池,三亚,0.0012403044
河池,三亚,5.3136e-06
衡水,三亚,0.0012403044
衡水,三亚,5.3136e-06
吉林,三亚,0.0012403044
吉林,三亚,5.3136e-06
汕头,三亚,0.00111627396
汕头,三亚,4.78224e-06
南充,三亚,0.00111627396
南充,三亚,4.78224e-06
衡阳,三亚,0.00111627396
衡阳,三亚,4.78224e-06
桂林,三亚,0.00111627396
桂林,三亚,4.78224e-06
岳阳,三亚,0.00111627396
岳阳,三亚,4.78224e-06
泉州,三亚,0.00099224352
泉州,三亚,4.2508800000000005e-06
德州,三亚,0.00099224352
德州,三亚,4.2508800000000005e-06
兰州,三亚,0.00099224352
兰州,三亚,4.2508800000000005e-06
佛山,三亚,0.00099224352
佛山,三亚,4.2508800000000005e-06
包头,三亚,0.00099224352
包头,三亚,4.2508800000000005e-06
西宁,三亚,0.00099224352
西宁,三亚,4.2508800000000005e-06
台州,三亚,0.00086821308
台州,三亚,3.7195200000000007e-06
邢台,三亚,0.00086821308
邢台,三亚,3.7195200000000007e-06
菏泽,三亚,0.00086821308
菏泽,三亚,3.7195200000000007e-06
开封,三亚,0.00086821308
开封,三亚,3.7195200000000007e-06
德阳,三亚,0.00086821308
德阳,三亚,3.7195200000000007e-06
大同,三亚,0.00086821308
大同,三亚,3.7195200000000007e-06
盐城,三亚,0.00086821308
盐城,三亚,3.7195200000000007e-06
三亚,三亚,0.4385716358400001
三亚,三亚,0.00187888896
海口,三亚,0.40830820848
海口,三亚,0.00174923712
文昌,三亚,0.06040282428
文昌,三亚,0.00025877232
陵水黎族自治县,三亚,0.03770525376
陵水黎族自治县,三亚,0.00016153344
万宁,三亚,0.03770525376
万宁,三亚,0.00016153344
澄迈县,三亚,0.03013939692
澄迈县,三亚,0.00012912048
乐东黎族自治县,三亚,0.03013939692
乐东黎族自治县,三亚,0.00012912048
儋州,三亚,0.03013939692
儋州,三亚,0.00012912048
琼海,三亚,0.03013939692
琼海,三亚,0.00012912048
北海,三亚,0.02257354008
北海,三亚,9.670752e-05
东方,三亚,0.01500768324
东方,三亚,6.429456e-05
昆明,三亚,0.01500768324
昆明,三亚,6.429456e-05
惠州,三亚,0.01500768324
惠州,三亚,6.429456e-05
泰安,三亚,0.0074418264
泰安,三亚,3.18816e-05
上海,三亚,0.0074418264
上海,三亚,3.18816e-05
宁波,三亚,0.0074418264
宁波,三亚,3.18816e-05
北京,三亚,0.0074418264
北京,三亚,3.18816e-05
杭州,三亚,0.0074418264
杭州,三亚,3.18816e-05
五指山,三亚,0.0074418264
五指山,三亚,3.18816e-05
白沙黎族自治县,三亚,0.0074418264
白沙黎族自治县,三亚,3.18816e-05
阳江,三亚,0.0074418264
阳江,三亚,3.18816e-05
苏州,三亚,0.0074418264
苏州,三亚,3.18816e-05
海口,儋州,0.10709375472
临高县,儋州,0.06792396912
三亚,儋州,0.0360094960799999
澄迈县,儋州,0.0340510068
白沙黎族自治县,儋州,0.0245701382399999
万宁,儋州,0.01985195952
琼海,儋州,0.01922880384
昌江黎族自治县,儋州,0.0191397816
东方,儋州,0.01896173712
文昌,儋州,0.01321980264
乐东黎族自治县,儋州,0.01130582448
琼中黎族苗族自治县,儋州,0.00974793528
屯昌县,儋州,0.00925831296
定安县,儋州,0.00810102384
陵水黎族自治县,儋州,0.00787846824
五指山,儋州,0.00298224504
湛江,儋州,0.0025816449599999
保亭黎族苗族自治县,儋州,0.0020030003999999
茂名,儋州,0.00115728912
北京,儋州,0.00106826688
玉林,儋州,0.0010237557599999
广州,儋州,0.00075668904
宜春,儋州,0.0006676668
深圳,儋州,0.0006676668
河池,儋州,0.00053413344
重庆,儋州,0.00053413344
成都,儋州,0.00053413344
新乡,儋州,0.00053413344
武汉,儋州,0.0004451112
长沙,儋州,0.0004006000799999
昆明,儋州,0.00035608896
佛山,儋州,0.00035608896
邯郸,儋州,0.00035608896
岳阳,儋州,0.00035608896
惠州,儋州,0.00031157784
哈尔滨,儋州,0.00031157784
上海,儋州,0.00031157784
泉州,儋州,0.00031157784
钦州,儋州,0.00026706672
济南,儋州,0.00026706672
揭阳,儋州,0.00026706672
商丘,儋州,0.00026706672
达州,儋州,0.00026706672
东莞,儋州,0.00026706672
南阳,儋州,0.0002225556
贵港,儋州,0.0002225556
荆州,儋州,0.0002225556
徐州,儋州,0.0002225556
北海,儋州,0.0002225556
永州,儋州,0.0002225556
咸阳,儋州,0.0002225556
衡阳,儋州,0.0002225556
南昌,儋州,0.0002225556
太原,儋州,0.0002225556
石家庄,儋州,0.0002225556
郑州,儋州,0.0002225556
柳州,儋州,0.0002225556
长春,儋州,0.0002225556
廊坊,儋州,0.0002225556
邵阳,儋州,0.0002225556
沧州,儋州,0.0002225556
黄石,儋州,0.00017804448
云浮,儋州,0.00017804448
青岛,儋州,0.00017804448
驻马店,儋州,0.00017804448
贵阳,儋州,0.00017804448
杭州,儋州,0.00017804448
百色,儋州,0.00013353336
清远,儋州,0.00013353336
阳江,儋州,0.00013353336
南充,儋州,0.00013353336
福州,儋州,0.00013353336
洛阳,儋州,0.00013353336
泰州,儋州,0.00013353336
亳州,儋州,0.00013353336
淄博,儋州,0.00013353336
扬州,儋州,0.00013353336
益阳,儋州,0.00013353336
宜昌,儋州,0.00013353336
连云港,儋州,0.00013353336
吉林,儋州,0.00013353336
安阳,儋州,8.902224e-05
桂林,儋州,8.902224e-05
新余,儋州,8.902224e-05
抚州,儋州,8.902224e-05
保定,儋州,8.902224e-05
漳州,儋州,8.902224e-05
三明,儋州,8.902224e-05
株洲,儋州,8.902224e-05
江门,儋州,8.902224e-05
怀化,儋州,8.902224e-05
鞍山,儋州,8.902224e-05
资阳,儋州,8.902224e-05
呼和浩特,儋州,8.902224e-05
南宁,儋州,8.902224e-05
常德,儋州,8.902224e-05
台州,儋州,8.902224e-05
天津,儋州,8.902224e-05
随州,儋州,8.902224e-05
梧州,儋州,8.902224e-05
三亚,五指山,0.01431797472
乐东黎族自治县,五指山,0.0118534752
海口,五指山,0.01175967072
万宁,五指山,0.00702680832
保亭黎族苗族自治县,五指山,0.00647250912
陵水黎族自治县,五指山,0.0045623088
琼中黎族苗族自治县,五指山,0.00378628992
东方,五指山,0.0034281273599999
文昌,五指山,0.0030699648
儋州,五指山,0.00272032992
琼海,五指山,0.00258388704
澄迈县,五指山,0.00220014144
昌江黎族自治县,五指山,0.00122798592
屯昌县,五指山,0.00122798592
白沙黎族自治县,五指山,0.00115976448
临高县,五指山,0.00112565376
定安县,五指山,0.0007419081599999
北京,五指山,0.00047755008
湛江,五指山,0.0004178563199999
廊坊,五指山,0.00034963488
郑州,五指山,0.00022171968
茂名,五指山,0.0001876089599999
佛山,五指山,0.0001876089599999
武汉,五指山,0.00015349824
南阳,五指山,0.00015349824
泰安,五指山,0.0001279152
太原,五指山,0.0001279152
珠海,五指山,0.0001279152
临沂,五指山,0.0001279152
上海,五指山,0.0001279152
石家庄,五指山,9.380448e-05
龙岩,五指山,9.380448e-05
滨州,五指山,9.380448e-05
玉林,五指山,9.380448e-05
深圳,五指山,9.380448e-05
河池,五指山,9.380448e-05
宜春,五指山,9.380448e-05
广州,五指山,9.380448e-05
漯河,五指山,5.9693760000000005e-05
西安,五指山,5.9693760000000005e-05
崇左,五指山,5.9693760000000005e-05
天津,五指山,5.9693760000000005e-05
安阳,五指山,5.9693760000000005e-05
新乡,五指山,5.9693760000000005e-05
九江,五指山,5.9693760000000005e-05
毕节,五指山,5.9693760000000005e-05
贵阳,五指山,5.9693760000000005e-05
沧州,五指山,5.9693760000000005e-05
桂林,五指山,5.9693760000000005e-05
重庆,五指山,5.9693760000000005e-05
邯郸,五指山,5.9693760000000005e-05
潍坊,五指山,5.9693760000000005e-05
成都,五指山,5.9693760000000005e-05
黔东南苗族侗族自治州,五指山,5.9693760000000005e-05
宁德,五指山,5.9693760000000005e-05
乌鲁木齐,五指山,5.9693760000000005e-05
克拉玛依,五指山,2.558304e-05
常州,五指山,2.558304e-05
无锡,五指山,2.558304e-05
三门峡,五指山,2.558304e-05
淄博,五指山,2.558304e-05
泉州,五指山,2.558304e-05
厦门,五指山,2.558304e-05
清远,五指山,2.558304e-05
威海,五指山,2.558304e-05
广安,五指山,2.558304e-05
邢台,五指山,2.558304e-05
大连,五指山,2.558304e-05
许昌,五指山,2.558304e-05
哈尔滨,五指山,2.558304e-05
四平,五指山,2.558304e-05
铜川,五指山,2.558304e-05
孝感,五指山,2.558304e-05
青岛,五指山,2.558304e-05
揭阳,五指山,2.558304e-05
衡水,五指山,2.558304e-05
台州,五指山,2.558304e-05
南昌,五指山,2.558304e-05
濮阳,五指山,2.558304e-05
江门,五指山,2.558304e-05
西双版纳傣族自治州,五指山,2.558304e-05
济南,五指山,2.558304e-05
德州,五指山,2.558304e-05
巴中,五指山,2.558304e-05
上饶,五指山,2.558304e-05
吉安,五指山,2.558304e-05
文山壮族苗族自治州,五指山,2.558304e-05
宿州,五指山,2.558304e-05
呼和浩特,五指山,2.558304e-05
宁波,五指山,2.558304e-05
贺州,五指山,2.558304e-05
海口,琼海,0.0533578751999999
三亚,琼海,0.0286322169599999
万宁,琼海,0.02860839648
文昌,琼海,0.0215575344
定安县,琼海,0.01710310464
陵水黎族自治县,琼海,0.00883739808
儋州,琼海,0.00867065472
澄迈县,琼海,0.00814660416
屯昌县,琼海,0.00707468256
乐东黎族自治县,琼海,0.0055978128
临高县,琼海,0.0042400454399999
琼中黎族苗族自治县,琼海,0.00400184064
东方,琼海,0.0038112768
保亭黎族苗族自治县,琼海,0.0026202528
湛江,琼海,0.002382048
昌江黎族自治县,琼海,0.00207238176
白沙黎族自治县,琼海,0.00207238176
北京,琼海,0.00195327936
五指山,琼海,0.00150069024
广州,琼海,0.0008337167999999
茂名,琼海,0.0006907939199999
深圳,琼海,0.00066697344
邯郸,琼海,0.000595512
太原,琼海,0.000595512
廊坊,琼海,0.0005716915199999
武汉,琼海,0.0005716915199999
呼和浩特,琼海,0.0005716915199999
成都,琼海,0.00054787104
上海,琼海,0.00054787104
重庆,琼海,0.00050023008
玉林,琼海,0.0004764096
郑州,琼海,0.00045258912
杭州,琼海,0.00045258912
沈阳,琼海,0.00040494816
哈尔滨,琼海,0.00040494816
沧州,琼海,0.00033348672
乐山,琼海,0.00033348672
桂林,琼海,0.00033348672
九江,琼海,0.00033348672
佛山,琼海,0.00030966624
西安,琼海,0.0002858457599999
河池,琼海,0.0002858457599999
南京,琼海,0.0002382048
无锡,琼海,0.0002382048
昆明,琼海,0.0002382048
北海,琼海,0.0002382048
贵阳,琼海,0.0002382048
运城,琼海,0.00021438432
唐山,琼海,0.00021438432
南宁,琼海,0.00021438432
绵阳,琼海,0.00021438432
大连,琼海,0.00021438432
长沙,琼海,0.00019056384
永州,琼海,0.00019056384
保定,琼海,0.00019056384
赤峰,琼海,0.00019056384
咸阳,琼海,0.00019056384
达州,琼海,0.00019056384
宁波,琼海,0.00019056384
惠州,琼海,0.0001429228799999
防城港,琼海,0.0001429228799999
商丘,琼海,0.0001429228799999
荆州,琼海,0.0001429228799999
百色,琼海,0.0001429228799999
江门,琼海,0.0001429228799999
莆田,琼海,0.0001429228799999
盐城,琼海,0.0001191024
绥化,琼海,0.0001191024
邵阳,琼海,0.0001191024
苏州,琼海,0.0001191024
乌兰察布,琼海,0.0001191024
益阳,琼海,0.0001191024
巴中,琼海,0.0001191024
南阳,琼海,0.0001191024
吉安,琼海,0.0001191024
石家庄,琼海,0.0001191024
株洲,琼海,0.0001191024
温州,琼海,0.0001191024
晋中,琼海,0.0001191024
青岛,琼海,0.0001191024
张家口,琼海,0.0001191024
遵义,琼海,0.0001191024
清远,琼海,0.0001191024
连云港,琼海,9.528192e-05
柳州,琼海,9.528192e-05
银川,琼海,9.528192e-05
阜新,琼海,9.528192e-05
黔东南苗族侗族自治州,琼海,9.528192e-05
阜阳,琼海,9.528192e-05
齐齐哈尔,琼海,9.528192e-05
德阳,琼海,9.528192e-05
肇庆,琼海,9.528192e-05
淄博,琼海,9.528192e-05
韶关,琼海,9.528192e-05
吕梁,琼海,9.528192e-05
合肥,琼海,9.528192e-05
承德,琼海,9.528192e-05
潮州,琼海,9.528192e-05
昌吉回族自治州,琼海,9.528192e-05
安阳,琼海,9.528192e-05
海口,文昌,0.10075148712
琼海,文昌,0.0162892944
三亚,文昌,0.01527671664
万宁,文昌,0.0096855264
儋州,文昌,0.0092012500799999
澄迈县,文昌,0.00722011968
定安县,文昌,0.00640565496
陵水黎族自治县,文昌,0.00611949168
乐东黎族自治县,文昌,0.00387421056
临高县,文昌,0.00380817288
屯昌县,文昌,0.0033899342399999
北京,文昌,0.00325785888
琼中黎族苗族自治县,文昌,0.0024874192799999
东方,文昌,0.00228930624
昌江黎族自治县,文昌,0.002201256
湛江,文昌,0.00200314296
保亭黎族苗族自治县,文昌,0.00173899224
白沙黎族自治县,文昌,0.0015408791999999
成都,文昌,0.00125471592
上海,文昌,0.0012106908
重庆,文昌,0.001100628
五指山,文昌,0.00090251496
阳江,文昌,0.0007924521599999
永州,文昌,0.00063836424
深圳,文昌,0.00050628888
广州,文昌,0.00048427632
茂名,文昌,0.00048427632
天津,文昌,0.0004402512
西安,文昌,0.00041823864
杭州,文昌,0.00041823864
南宁,文昌,0.00037421352
长沙,文昌,0.00030817584
北海,文昌,0.00028616328
贵阳,文昌,0.00028616328
金华,文昌,0.00024213816
中山,文昌,0.00024213816
衡阳,文昌,0.0002201256
玉林,文昌,0.0002201256
黄石,文昌,0.0002201256
廊坊,文昌,0.0002201256
台州,文昌,0.0002201256
张家口,文昌,0.0002201256
达州,文昌,0.0002201256
郑州,文昌,0.0002201256
保定,文昌,0.00017610048
东莞,文昌,0.00017610048
洛阳,文昌,0.00017610048
贵港,文昌,0.00017610048
济南,文昌,0.00017610048
武汉,文昌,0.00017610048
桂林,文昌,0.00017610048
菏泽,文昌,0.00015408792
钦州,文昌,0.00015408792
韶关,文昌,0.00015408792
邯郸,文昌,0.00015408792
宜宾,文昌,0.00015408792
遵义,文昌,0.00015408792
泸州,文昌,0.00015408792
包头,文昌,0.00015408792
邵阳,文昌,0.00015408792
福州,文昌,0.00015408792
无锡,文昌,0.0001100628
珠海,文昌,0.0001100628
湖州,文昌,0.0001100628
巴中,文昌,0.0001100628
绵阳,文昌,0.0001100628
上饶,文昌,0.0001100628
九江,文昌,0.0001100628
沧州,文昌,0.0001100628
聊城,文昌,0.0001100628
佛山,文昌,0.0001100628
昭通,文昌,0.0001100628
江门,文昌,8.805024e-05
鹤壁,文昌,8.805024e-05
广安,文昌,8.805024e-05
南阳,文昌,8.805024e-05
吉安,文昌,8.805024e-05
三门峡,文昌,8.805024e-05
宁波,文昌,8.805024e-05
孝感,文昌,8.805024e-05
安阳,文昌,8.805024e-05
崇左,文昌,8.805024e-05
沈阳,文昌,8.805024e-05
驻马店,文昌,8.805024e-05
赣州,文昌,8.805024e-05
哈尔滨,文昌,8.805024e-05
株洲,文昌,8.805024e-05
信阳,文昌,8.805024e-05
南京,文昌,8.805024e-05
汉中,文昌,8.805024e-05
嘉兴,文昌,8.805024e-05
咸阳,文昌,8.805024e-05
南昌,文昌,8.805024e-05
济宁,文昌,8.805024e-05
岳阳,文昌,4.402512e-05
揭阳,文昌,4.402512e-05
周口,文昌,4.402512e-05
丽水,文昌,4.402512e-05
酒泉,文昌,4.402512e-05
莆田,文昌,4.402512e-05
三亚,万宁,0.039812796
海口,万宁,0.0385372404
琼海,万宁,0.0206601353999999
陵水黎族自治县,万宁,0.0190753542
儋州,万宁,0.0098952192
文昌,万宁,0.007537374
乐东黎族自治县,万宁,0.0057206736
琼中黎族苗族自治县,万宁,0.0043871382
澄迈县,万宁,0.0041358924
定安县,万宁,0.0029376432
保亭黎族苗族自治县,万宁,0.0028410102
屯昌县,万宁,0.002705724
五指山,万宁,0.0025897644
北京,万宁,0.002512458
临高县,万宁,0.0021839057999999
东方,万宁,0.0019906398
白沙黎族自治县,万宁,0.0017973738
昌江黎族自治县,万宁,0.0013142088
湛江,万宁,0.001062963
成都,万宁,0.000869697
长春,万宁,0.000869697
广州,万宁,0.0006377778
重庆,万宁,0.0005991246
上海,万宁,0.000579798
廊坊,万宁,0.0004831649999999
沈阳,万宁,0.0004831649999999
深圳,万宁,0.0004831649999999
郑州,万宁,0.0004445118
阳江,万宁,0.0004445118
烟台,万宁,0.0003478788
西安,万宁,0.0003092256
天津,万宁,0.0003092256
天水,万宁,0.0003092256
保定,万宁,0.0003092256
洛阳,万宁,0.0003092256
东莞,万宁,0.000289899
杭州,万宁,0.000289899
太原,万宁,0.000289899
邢台,万宁,0.0002512458
包头,万宁,0.0002125926
邯郸,万宁,0.0002125926
佛山,万宁,0.0002125926
哈尔滨,万宁,0.0002125926
北海,万宁,0.0002125926
茂名,万宁,0.000193266
武汉,万宁,0.000193266
唐山,万宁,0.000193266
合肥,万宁,0.000193266
株洲,万宁,0.000193266
贵港,万宁,0.000193266
安庆,万宁,0.000193266
河池,万宁,0.0001546128
宁波,万宁,0.0001546128
吉林,万宁,0.0001546128
岳阳,万宁,0.0001546128
沧州,万宁,0.0001546128
青岛,万宁,0.0001546128
金华,万宁,0.0001546128
南充,万宁,0.0001546128
菏泽,万宁,0.0001159596
南京,万宁,0.0001159596
阜新,万宁,0.0001159596
江门,万宁,0.0001159596
新乡,万宁,0.0001159596
莆田,万宁,0.0001159596
贵阳,万宁,0.0001159596
衡阳,万宁,0.0001159596
周口,万宁,0.0001159596
衡水,万宁,0.0001159596
济南,万宁,0.0001159596
玉林,万宁,0.0001159596
厦门,万宁,9.6633e-05
贺州,万宁,9.6633e-05
南昌,万宁,9.6633e-05
自贡,万宁,9.6633e-05
遵义,万宁,9.6633e-05
六盘水,万宁,9.6633e-05
西双版纳傣族自治州,万宁,9.6633e-05
焦作,万宁,9.6633e-05
福州,万宁,9.6633e-05
三明,万宁,9.6633e-05
呼和浩特,万宁,9.6633e-05
漳州,万宁,9.6633e-05
钦州,万宁,9.6633e-05
枣庄,万宁,9.6633e-05
锦州,万宁,9.6633e-05
惠州,万宁,9.6633e-05
安阳,万宁,9.6633e-05
石家庄,万宁,9.6633e-05
抚州,万宁,9.6633e-05
肇庆,万宁,9.6633e-05
盐城,万宁,9.6633e-05
汕尾,万宁,9.6633e-05
百色,万宁,9.6633e-05
晋城,万宁,9.6633e-05
珠海,万宁,9.6633e-05
温州,万宁,9.6633e-05
抚顺,万宁,5.79798e-05
许昌,万宁,5.79798e-05
黔南布依族苗族自治州,万宁,5.79798e-05
海口,东方,0.02562027408
乐东黎族自治县,东方,0.02525900112
三亚,东方,0.0246117204
昌江黎族自治县,东方,0.0147369261599999
儋州,东方,0.01214780328
临高县,东方,0.00371810088
澄迈县,东方,0.0036879948
万宁,东方,0.00349230528
文昌,东方,0.00320629752
陵水黎族自治县,东方,0.0029805019199999
琼海,东方,0.00287513064
白沙黎族自治县,东方,0.00281491848
湛江,东方,0.00281491848
屯昌县,东方,0.00152035704
保亭黎族苗族自治县,东方,0.00141498576
定安县,东方,0.00138487968
琼中黎族苗族自治县,东方,0.00121929624
河池,东方,0.00109887192
五指山,东方,0.00102360672
茂名,东方,0.00051180336
玉林,东方,0.00048169728
南昌,东方,0.00048169728
北京,东方,0.0004515912
深圳,东方,0.00040643208
哈尔滨,东方,0.000376326
昭通,东方,0.00031611384
惠州,东方,0.00031611384
广州,东方,0.00028600776
成都,东方,0.00028600776
上海,东方,0.00028600776
长春,东方,0.00025590168
南宁,东方,0.00025590168
福州,东方,0.0002257956
黔西南布依族苗族自治州,东方,0.0002257956
桂林,东方,0.0002257956
重庆,东方,0.0002257956
钦州,东方,0.00018063648
沈阳,东方,0.00018063648
萍乡,东方,0.00018063648
贵阳,东方,0.0001505304
牡丹江,东方,0.0001505304
怀化,东方,0.0001505304
贵港,东方,0.0001505304
株洲,东方,0.0001505304
石家庄,东方,0.0001505304
岳阳,东方,0.0001505304
北海,东方,0.0001505304
新乡,东方,0.00012042432
柳州,东方,0.00012042432
安阳,东方,0.00012042432
广元,东方,0.00012042432
商丘,东方,0.00012042432
遵义,东方,0.00012042432
天津,东方,0.00012042432
阜阳,东方,9.031824000000002e-05
佛山,东方,9.031824000000002e-05
徐州,东方,9.031824000000002e-05
廊坊,东方,9.031824000000002e-05
红河哈尼族彝族自治州,东方,9.031824000000002e-05
吕梁,东方,9.031824000000002e-05
阳江,东方,9.031824000000002e-05
咸阳,东方,9.031824000000002e-05
安顺,东方,9.031824000000002e-05
揭阳,东方,9.031824000000002e-05
台州,东方,9.031824000000002e-05
周口,东方,9.031824000000002e-05
长沙,东方,9.031824000000002e-05
潍坊,东方,9.031824000000002e-05
厦门,东方,9.031824000000002e-05
毕节,东方,9.031824000000002e-05
肇庆,东方,9.031824000000002e-05
大庆,东方,9.031824000000002e-05
南阳,东方,9.031824000000002e-05
西安,东方,9.031824000000002e-05
百色,东方,9.031824000000002e-05
潜江,东方,6.021216e-05
梧州,东方,6.021216e-05
眉山,东方,6.021216e-05
铁岭,东方,6.021216e-05
衡水,东方,6.021216e-05
益阳,东方,6.021216e-05
济宁,东方,6.021216e-05
东莞,东方,6.021216e-05
洛阳,东方,6.021216e-05
黔南布依族苗族自治州,东方,6.021216e-05
太原,东方,6.021216e-05
昆明,东方,6.021216e-05
盐城,东方,6.021216e-05
杭州,东方,6.021216e-05
德州,东方,6.021216e-05
襄阳,东方,6.021216e-05
江门,东方,6.021216e-05
濮阳,东方,6.021216e-05
合肥,东方,6.021216e-05
常德,东方,6.021216e-05
许昌,东方,6.021216e-05
邯郸,东方,6.021216e-05
宁波,东方,6.021216e-05
秦皇岛,东方,6.021216e-05
来宾,东方,6.021216e-05
海口,定安,0.05802349464
琼海,定安,0.01062245988
屯昌县,定安,0.00939158388
澄迈县,定安,0.00907155612
三亚,定安,0.00611745372
文昌,定安,0.00462809376
儋州,定安,0.00433268352
万宁,定安,0.0032618214
乐东黎族自治县,定安,0.00248636952
临高县,定安,0.001846314
陵水黎族自治县,定安,0.00171091764
琼中黎族苗族自治县,定安,0.00139088988
昌江黎族自治县,定安,0.00115702344
东方,定安,0.00105855336
白沙黎族自治县,定安,0.00083699568
五指山,定安,0.00054158544
保亭黎族苗族自治县,定安,0.00041849784
湛江,定安,0.00041849784
茂名,定安,0.00028310148
济宁,定安,0.00025848396
北京,定安,0.00022155768
邯郸,定安,0.0001846314
中山,定安,0.0001846314
汕尾,定安,0.0001846314
玉林,定安,0.00016001388
北海,定安,0.00016001388
太原,定安,0.0001230876
广州,定安,0.0001230876
洛阳,定安,8.616132000000003e-05
防城港,定安,8.616132000000003e-05
渭南,定安,8.616132000000003e-05
邢台,定安,8.616132000000003e-05
乌鲁木齐,定安,8.616132000000003e-05
成都,定安,8.616132000000003e-05
南宁,定安,8.616132000000003e-05
岳阳,定安,8.616132000000003e-05
上海,定安,8.616132000000003e-05
福州,定安,8.616132000000003e-05
泰州,定安,6.15438e-05
长春,定安,6.15438e-05
包头,定安,6.15438e-05
郴州,定安,6.15438e-05
沧州,定安,6.15438e-05
南阳,定安,6.15438e-05
荆门,定安,6.15438e-05
惠州,定安,6.15438e-05
龙岩,定安,6.15438e-05
濮阳,定安,6.15438e-05
廊坊,定安,6.15438e-05
六盘水,定安,6.15438e-05
锡林郭勒盟,定安,6.15438e-05
运城,定安,6.15438e-05
长沙,定安,6.15438e-05
德阳,定安,6.15438e-05
武汉,定安,6.15438e-05
钦州,定安,6.15438e-05
郑州,定安,2.4617520000000004e-05
上饶,定安,2.4617520000000004e-05
深圳,定安,2.4617520000000004e-05
重庆,定安,2.4617520000000004e-05
抚顺,定安,2.4617520000000004e-05
衡阳,定安,2.4617520000000004e-05
咸宁,定安,2.4617520000000004e-05
佛山,定安,2.4617520000000004e-05
鸡西,定安,2.4617520000000004e-05
怀化,定安,2.4617520000000004e-05
常德,定安,2.4617520000000004e-05
眉山,定安,2.4617520000000004e-05
大同,定安,2.4617520000000004e-05
邵阳,定安,2.4617520000000004e-05
毕节,定安,2.4617520000000004e-05
苏州,定安,2.4617520000000004e-05
九江,定安,2.4617520000000004e-05
东莞,定安,2.4617520000000004e-05
新余,定安,2.4617520000000004e-05
保定,定安,2.4617520000000004e-05
贵港,定安,2.4617520000000004e-05
河池,定安,2.4617520000000004e-05
崇左,定安,2.4617520000000004e-05
张家口,定安,2.4617520000000004e-05
呼和浩特,定安,2.4617520000000004e-05
长治,定安,2.4617520000000004e-05
鄂州,定安,2.4617520000000004e-05
天津,定安,2.4617520000000004e-05
抚州,定安,2.4617520000000004e-05
黄冈,定安,2.4617520000000004e-05
呼伦贝尔,定安,2.4617520000000004e-05
襄阳,定安,2.4617520000000004e-05
南昌,定安,2.4617520000000004e-05
昭通,定安,2.4617520000000004e-05
荆州,定安,2.4617520000000004e-05
益阳,定安,2.4617520000000004e-05
大连,定安,2.4617520000000004e-05
咸阳,定安,2.4617520000000004e-05
日照,定安,2.4617520000000004e-05
安顺,定安,2.4617520000000004e-05
哈尔滨,定安,2.4617520000000004e-05
威海,定安,2.4617520000000004e-05
平顶山,定安,2.4617520000000004e-05
合肥,定安,2.4617520000000004e-05
海口,屯昌,0.02400721092
琼中黎族苗族自治县,屯昌,0.00932552676
定安县,屯昌,0.00881067132
澄迈县,屯昌,0.0079304346
儋州,屯昌,0.00501568848
三亚,屯昌,0.00460048248
琼海,屯昌,0.00433475064
万宁,屯昌,0.00303930792
文昌,屯昌,0.00242480304
东方,屯昌,0.0019763805599999
乐东黎族自治县,屯昌,0.00171064872
临高县,屯昌,0.00155287044
陵水黎族自治县,屯昌,0.0011957932799999
昌江黎族自治县,屯昌,0.0008719326
五指山,屯昌,0.0008719326
白沙黎族自治县,屯昌,0.00083871612
保亭黎族苗族自治县,屯昌,0.0007058502
湛江,屯昌,0.000415206
茂名,屯昌,0.0002574277199999
沧州,屯昌,0.00019099476
珠海,屯昌,0.00015777828
深圳,屯昌,0.0001245618
北京,屯昌,0.0001245618
达州,屯昌,9.134532e-05
娄底,屯昌,9.134532e-05
驻马店,屯昌,9.134532e-05
吉安,屯昌,9.134532e-05
桂林,屯昌,9.134532e-05
株洲,屯昌,9.134532e-05
周口,屯昌,9.134532e-05
玉林,屯昌,9.134532e-05
宜春,屯昌,5.812884e-05
南阳,屯昌,5.812884e-05
北海,屯昌,5.812884e-05
南昌,屯昌,5.812884e-05
广州,屯昌,5.812884e-05
福州,屯昌,5.812884e-05
武汉,屯昌,5.812884e-05
哈尔滨,屯昌,5.812884e-05
合肥,屯昌,5.812884e-05
永州,屯昌,5.812884e-05
温州,屯昌,2.491236e-05
台州,屯昌,2.491236e-05
长春,屯昌,2.491236e-05
威海,屯昌,2.491236e-05
成都,屯昌,2.491236e-05
惠州,屯昌,2.491236e-05
西安,屯昌,2.491236e-05
岳阳,屯昌,2.491236e-05
苏州,屯昌,2.491236e-05
天津,屯昌,2.491236e-05
郑州,屯昌,2.491236e-05
贵阳,屯昌,2.491236e-05
亳州,屯昌,2.491236e-05
乐山,屯昌,2.491236e-05
江门,屯昌,2.491236e-05
黔南布依族苗族自治州,屯昌,2.491236e-05
黄冈,屯昌,2.491236e-05
南充,屯昌,2.491236e-05
日照,屯昌,2.491236e-05
吴忠,屯昌,2.491236e-05
乌鲁木齐,屯昌,2.491236e-05
厦门,屯昌,2.491236e-05
郴州,屯昌,2.491236e-05
焦作,屯昌,2.491236e-05
张家界,屯昌,2.491236e-05
曲靖,屯昌,2.491236e-05
广安,屯昌,2.491236e-05
河源,屯昌,2.491236e-05
重庆,屯昌,2.491236e-05
铜陵,屯昌,2.491236e-05
莆田,屯昌,2.491236e-05
新乡,屯昌,2.491236e-05
海口,澄迈,0.13213456452
临高县,澄迈,0.0188449253999999
儋州,澄迈,0.01851479532
三亚,澄迈,0.0144982126799999
定安县,澄迈,0.0099039024
屯昌县,澄迈,0.0080331652799999
琼海,澄迈,0.0062999823599999
万宁,澄迈,0.0062174498399999
文昌,澄迈,0.0062174498399999
东方,澄迈,0.0046218211199999
乐东黎族自治县,澄迈,0.00423666936
昌江黎族自治县,澄迈,0.0039065392799999
陵水黎族自治县,澄迈,0.00349387668
湛江,澄迈,0.0031087249199999
琼中黎族苗族自治县,澄迈,0.0026685514799999
白沙黎族自治县,澄迈,0.00264104064
五指山,澄迈,0.0012930094799999
北京,澄迈,0.00104541192
保亭黎族苗族自治县,澄迈,0.00093536856
重庆,澄迈,0.0008253251999999
郑州,澄迈,0.0007978143599999
广州,澄迈,0.000687771
茂名,澄迈,0.00063274932
张家口,澄迈,0.0005777276399999
深圳,澄迈,0.0005777276399999
呼和浩特,澄迈,0.00044017344
天津,澄迈,0.00044017344
廊坊,澄迈,0.00044017344
玉林,澄迈,0.00044017344
上海,澄迈,0.0004126625999999
成都,澄迈,0.0004126625999999
太原,澄迈,0.00033013008
北海,澄迈,0.00033013008
保定,澄迈,0.00030261924
包头,澄迈,0.00030261924
防城港,澄迈,0.00030261924
长春,澄迈,0.00030261924
福州,澄迈,0.0002751084
东莞,澄迈,0.0002751084
宜春,澄迈,0.00024759756
西安,澄迈,0.00024759756
驻马店,澄迈,0.00024759756
邯郸,澄迈,0.00022008672
珠海,澄迈,0.00022008672
宁波,澄迈,0.00022008672
汕头,澄迈,0.00022008672
南宁,澄迈,0.00022008672
南昌,澄迈,0.00022008672
桂林,澄迈,0.00022008672
焦作,澄迈,0.00022008672
佛山,澄迈,0.00022008672
南阳,澄迈,0.00022008672
商丘,澄迈,0.00022008672
乌鲁木齐,澄迈,0.00022008672
揭阳,澄迈,0.00022008672
阜阳,澄迈,0.0001925758799999
长沙,澄迈,0.0001925758799999
苏州,澄迈,0.0001925758799999
达州,澄迈,0.0001925758799999
邵阳,澄迈,0.0001925758799999
怀化,澄迈,0.0001925758799999
南充,澄迈,0.0001925758799999
永州,澄迈,0.0001925758799999
长治,澄迈,0.0001925758799999
洛阳,澄迈,0.0001925758799999
石家庄,澄迈,0.0001375542
文山壮族苗族自治州,澄迈,0.0001375542
宜昌,澄迈,0.0001375542
许昌,澄迈,0.0001375542
抚州,澄迈,0.0001375542
南京,澄迈,0.0001375542
汕尾,澄迈,0.0001375542
荆州,澄迈,0.0001375542
惠州,澄迈,0.0001375542
莆田,澄迈,0.0001375542
杭州,澄迈,0.0001375542
赣州,澄迈,0.0001375542
武汉,澄迈,0.0001375542
温州,澄迈,0.0001375542
晋中,澄迈,0.0001375542
丽江,澄迈,0.0001375542
常德,澄迈,0.00011004336
毕节,澄迈,0.00011004336
漳州,澄迈,0.00011004336
肇庆,澄迈,0.00011004336
周口,澄迈,0.00011004336
徐州,澄迈,0.00011004336
遵义,澄迈,0.00011004336
乌海,澄迈,0.00011004336
黄石,澄迈,0.00011004336
大连,澄迈,0.00011004336
南通,澄迈,0.00011004336
兰州,澄迈,0.00011004336
沧州,澄迈,0.00011004336
岳阳,澄迈,0.00011004336
大庆,澄迈,0.00011004336
咸宁,澄迈,0.00011004336
亳州,澄迈,8.253252e-05
营口,澄迈,8.253252e-05
济宁,澄迈,8.253252e-05
海口,临高,0.0333626202
儋州,临高,0.0269542728
澄迈县,临高,0.012538071
三亚,临高,0.0081626454
东方,临高,0.0020638799999999
文昌,临高,0.0020638799999999
万宁,临高,0.0016098263999999
乐东黎族自治县,临高,0.0015169518
陵水黎族自治县,临高,0.001289925
昌江黎族自治县,临高,0.0012280085999999
琼中黎族苗族自治县,临高,0.0011970503999999
白沙黎族自治县,临高,0.0011970503999999
琼海,临高,0.0011970503999999
定安县,临高,0.0010628982
屯昌县,临高,0.0006398028
重庆,临高,0.0005778864
五指山,临高,0.0005159699999999
湛江,临高,0.0005159699999999
茂名,临高,0.0003199014
保亭黎族苗族自治县,临高,0.0002889432
上海,临高,0.0002167073999999
北京,临高,0.0001857492
北海,临高,0.000154791
济南,临高,0.000154791
深圳,临高,0.000154791
惠州,临高,0.000154791
长春,临高,0.000154791
玉林,临高,0.0001238328
佛山,临高,0.0001238328
南宁,临高,0.0001238328
宜春,临高,0.0001238328
邯郸,临高,0.0001238328
郑州,临高,9.28746e-05
西安,临高,9.28746e-05
中山,临高,9.28746e-05
武汉,临高,9.28746e-05
周口,临高,9.28746e-05
怀化,临高,6.19164e-05
河源,临高,6.19164e-05
宁德,临高,6.19164e-05
驻马店,临高,6.19164e-05
成都,临高,6.19164e-05
宁波,临高,6.19164e-05
鸡西,临高,6.19164e-05
廊坊,临高,6.19164e-05
杭州,临高,6.19164e-05
贵阳,临高,6.19164e-05
承德,临高,6.19164e-05
遵义,临高,6.19164e-05
广州,临高,3.09582e-05
商丘,临高,3.09582e-05
黔东南苗族侗族自治州,临高,3.09582e-05
石家庄,临高,3.09582e-05
柳州,临高,3.09582e-05
南平,临高,3.09582e-05
宜宾,临高,3.09582e-05
乌鲁木齐,临高,3.09582e-05
东莞,临高,3.09582e-05
宝鸡,临高,3.09582e-05
马鞍山,临高,3.09582e-05
衡水,临高,3.09582e-05
锦州,临高,3.09582e-05
河池,临高,3.09582e-05
防城港,临高,3.09582e-05
白银,临高,3.09582e-05
邵阳,临高,3.09582e-05
济宁,临高,3.09582e-05
肇庆,临高,3.09582e-05
沈阳,临高,3.09582e-05
安顺,临高,3.09582e-05
南充,临高,3.09582e-05
景德镇,临高,3.09582e-05
凉山彝族自治州,临高,3.09582e-05
大理白族自治州,临高,3.09582e-05
嘉兴,临高,3.09582e-05
潮州,临高,3.09582e-05
塔城地区,临高,3.09582e-05
黔南布依族苗族自治州,临高,3.09582e-05
大连,临高,3.09582e-05
濮阳,临高,3.09582e-05
黔西南布依族苗族自治州,临高,3.09582e-05
揭阳,临高,3.09582e-05
荆州,临高,3.09582e-05
文山壮族苗族自治州,临高,3.09582e-05
邢台,临高,3.09582e-05
滨州,临高,3.09582e-05
曲靖,临高,3.09582e-05
亳州,临高,3.09582e-05
昭通,临高,3.09582e-05
保定,临高,3.09582e-05
绵阳,临高,3.09582e-05
焦作,临高,3.09582e-05
常德,临高,3.09582e-05
新乡,临高,3.09582e-05
抚州,临高,3.09582e-05
枣庄,临高,3.09582e-05
龙岩,临高,3.09582e-05
达州,临高,3.09582e-05
淮安,临高,3.09582e-05
台州,临高,3.09582e-05
儋州,白沙黎族自治县,0.0187220322
海口,白沙黎族自治县,0.00965345364
昌江黎族自治县,白沙黎族自治县,0.0069943824
三亚,白沙黎族自治县,0.0026831897999999
万宁,白沙黎族自治县,0.00258671556
乐东黎族自治县,白沙黎族自治县,0.00246009312
东方,白沙黎族自治县,0.00213449256
澄迈县,白沙黎族自治县,0.00210434436
文昌,白沙黎族自治县,0.00200787012
琼海,白沙黎族自治县,0.00151946928
临高县,白沙黎族自治县,0.00148932108
琼中黎族苗族自治县,白沙黎族自治县,0.00129034296
五指山,白沙黎族自治县,0.000904446
陵水黎族自治县,白沙黎族自治县,0.00083811996
定安县,白沙黎族自治县,0.00064517148
保亭黎族苗族自治县,白沙黎族自治县,0.00057884544
屯昌县,白沙黎族自治县,0.0004160451599999
玉林,白沙黎族自治县,0.00038589696
茂名,白沙黎族自治县,0.0003557487599999
湛江,白沙黎族自治县,0.0002532448799999
北京,白沙黎族自治县,0.00019294848
深圳,白沙黎族自治县,0.00019294848
南宁,白沙黎族自治县,0.00015677064
佛山,白沙黎族自治县,0.0001266224399999
泉州,白沙黎族自治县,0.0001266224399999
广州,白沙黎族自治县,9.647424e-05
天津,白沙黎族自治县,9.647424e-05
眉山,白沙黎族自治县,9.647424e-05
成都,白沙黎族自治县,6.02964e-05
汕尾,白沙黎族自治县,6.02964e-05
北海,白沙黎族自治县,6.02964e-05
郴州,白沙黎族自治县,6.02964e-05
中山,白沙黎族自治县,6.02964e-05
上海,白沙黎族自治县,3.01482e-05
广安,白沙黎族自治县,3.01482e-05
达州,白沙黎族自治县,3.01482e-05
株洲,白沙黎族自治县,3.01482e-05
鞍山,白沙黎族自治县,3.01482e-05
许昌,白沙黎族自治县,3.01482e-05
无锡,白沙黎族自治县,3.01482e-05
金华,白沙黎族自治县,3.01482e-05
绵阳,白沙黎族自治县,3.01482e-05
咸宁,白沙黎族自治县,3.01482e-05
恩施土家族苗族自治州,白沙黎族自治县,3.01482e-05
宁德,白沙黎族自治县,3.01482e-05
沈阳,白沙黎族自治县,3.01482e-05
梅州,白沙黎族自治县,3.01482e-05
梧州,白沙黎族自治县,3.01482e-05
长春,白沙黎族自治县,3.01482e-05
廊坊,白沙黎族自治县,3.01482e-05
贵港,白沙黎族自治县,3.01482e-05
莆田,白沙黎族自治县,3.01482e-05
百色,白沙黎族自治县,3.01482e-05
永州,白沙黎族自治县,3.01482e-05
龙岩,白沙黎族自治县,3.01482e-05
黄冈,白沙黎族自治县,3.01482e-05
孝感,白沙黎族自治县,3.01482e-05
海口,昌江黎族自治县,0.0281787012
东方,昌江黎族自治县,0.0229697208
儋州,昌江黎族自治县,0.0190159164
白沙黎族自治县,昌江黎族自治县,0.00948913056
三亚,昌江黎族自治县,0.00893685312
乐东黎族自治县,昌江黎族自治县,0.0052089804
澄迈县,昌江黎族自治县,0.00459394416
万宁,昌江黎族自治县,0.00340152696
临高县,昌江黎族自治县,0.00277393896
文昌,昌江黎族自治县,0.00271118016
琼海,昌江黎族自治县,0.00258566256
陵水黎族自治县,昌江黎族自治县,0.00203338512
屯昌县,昌江黎族自治县,0.00154386648
定安县,昌江黎族自治县,0.00115476192
湛江,昌江黎族自治县,0.00076565736
琼中黎族苗族自治县,昌江黎族自治县,0.00067779504
保亭黎族苗族自治县,昌江黎族自治县,0.00064013976
五指山,昌江黎族自治县,0.00051462216
邯郸,昌江黎族自治县,0.00047696688
成都,昌江黎族自治县,0.0003765528
宜昌,昌江黎族自治县,0.00035144928
玉林,昌江黎族自治县,0.00028869048
深圳,昌江黎族自治县,0.0001882764
茂名,昌江黎族自治县,0.0001882764
毕节,昌江黎族自治县,0.00015062112
武汉,昌江黎族自治县,0.00015062112
温州,昌江黎族自治县,0.00015062112
德阳,昌江黎族自治县,0.00015062112
北京,昌江黎族自治县,0.0001255176
南平,昌江黎族自治县,0.0001255176
河池,昌江黎族自治县,0.0001255176
咸阳,昌江黎族自治县,0.0001255176
遂宁,昌江黎族自治县,0.0001255176
广州,昌江黎族自治县,0.0001255176
保定,昌江黎族自治县,0.0001255176
重庆,昌江黎族自治县,0.0001255176
北海,昌江黎族自治县,0.0001255176
汉中,昌江黎族自治县,8.786232000000002e-05
常德,昌江黎族自治县,8.786232000000002e-05
永州,昌江黎族自治县,8.786232000000002e-05
新乡,昌江黎族自治县,8.786232000000002e-05
乌鲁木齐,昌江黎族自治县,8.786232000000002e-05
包头,昌江黎族自治县,8.786232000000002e-05
郑州,昌江黎族自治县,8.786232000000002e-05
邵阳,昌江黎族自治县,8.786232000000002e-05
郴州,昌江黎族自治县,8.786232000000002e-05
宜春,昌江黎族自治县,8.786232000000002e-05
黔西南布依族苗族自治州,昌江黎族自治县,8.786232000000002e-05
防城港,昌江黎族自治县,8.786232000000002e-05
西安,昌江黎族自治县,6.275880000000001e-05
安庆,昌江黎族自治县,6.275880000000001e-05
延边朝鲜族自治州,昌江黎族自治县,6.275880000000001e-05
东莞,昌江黎族自治县,6.275880000000001e-05
南宁,昌江黎族自治县,6.275880000000001e-05
黔南布依族苗族自治州,昌江黎族自治县,6.275880000000001e-05
宁德,昌江黎族自治县,6.275880000000001e-05
阳江,昌江黎族自治县,6.275880000000001e-05
红河哈尼族彝族自治州,昌江黎族自治县,6.275880000000001e-05
株洲,昌江黎族自治县,6.275880000000001e-05
南京,昌江黎族自治县,6.275880000000001e-05
广安,昌江黎族自治县,6.275880000000001e-05
上海,昌江黎族自治县,6.275880000000001e-05
福州,昌江黎族自治县,6.275880000000001e-05
昭通,昌江黎族自治县,6.275880000000001e-05
衡阳,昌江黎族自治县,6.275880000000001e-05
嘉兴,昌江黎族自治县,6.275880000000001e-05
南阳,昌江黎族自治县,6.275880000000001e-05
惠州,昌江黎族自治县,6.275880000000001e-05
大庆,昌江黎族自治县,6.275880000000001e-05
绵阳,昌江黎族自治县,6.275880000000001e-05
鞍山,昌江黎族自治县,6.275880000000001e-05
天津,昌江黎族自治县,6.275880000000001e-05
牡丹江,昌江黎族自治县,6.275880000000001e-05
济宁,昌江黎族自治县,2.510352e-05
衢州,昌江黎族自治县,2.510352e-05
内江,昌江黎族自治县,2.510352e-05
衡水,昌江黎族自治县,2.510352e-05
泉州,昌江黎族自治县,2.510352e-05
许昌,昌江黎族自治县,2.510352e-05
曲靖,昌江黎族自治县,2.510352e-05
黄冈,昌江黎族自治县,2.510352e-05
临沂,昌江黎族自治县,2.510352e-05
桂林,昌江黎族自治县,2.510352e-05
台州,昌江黎族自治县,2.510352e-05
陇南,昌江黎族自治县,2.510352e-05
聊城,昌江黎族自治县,2.510352e-05
漳州,昌江黎族自治县,2.510352e-05
潮州,昌江黎族自治县,2.510352e-05
哈尔滨,昌江黎族自治县,2.510352e-05
楚雄彝族自治州,昌江黎族自治县,2.510352e-05
石家庄,昌江黎族自治县,2.510352e-05
南昌,昌江黎族自治县,2.510352e-05
洛阳,昌江黎族自治县,2.510352e-05
清远,昌江黎族自治县,2.510352e-05
张家口,昌江黎族自治县,2.510352e-05
上饶,昌江黎族自治县,2.510352e-05
崇左,昌江黎族自治县,2.510352e-05
昆明,昌江黎族自治县,2.510352e-05
贵阳,昌江黎族自治县,2.510352e-05
湘潭,昌江黎族自治县,2.510352e-05
三亚,乐东黎族自治县,0.06125443884
海口,乐东黎族自治县,0.02245238352
东方,乐东黎族自治县,0.01839556656
儋州,乐东黎族自治县,0.00860324976
万宁,乐东黎族自治县,0.00543823308
五指山,乐东黎族自治县,0.00514096632
陵水黎族自治县,乐东黎族自治县,0.00468632304
文昌,乐东黎族自治县,0.00433659744
昌江黎族自治县,乐东黎族自治县,0.00316501668
澄迈县,乐东黎族自治县,0.00313004412
临高县,乐东黎族自治县,0.00255299688
琼海,乐东黎族自治县,0.00251802432
湛江,乐东黎族自治县,0.00241310664
白沙黎族自治县,乐东黎族自治县,0.002185785
屯昌县,乐东黎族自治县,0.0020983536
河池,乐东黎族自治县,0.00187103196
保亭黎族苗族自治县,乐东黎族自治县,0.0018360594
琼中黎族苗族自治县,乐东黎族自治县,0.00152130636
定安县,乐东黎族自治县,0.00138141612
茂名,乐东黎族自治县,0.00092677284
玉林,乐东黎族自治县,0.00080436888
成都,乐东黎族自治县,0.0006994512
文山壮族苗族自治州,乐东黎族自治县,0.00066447864
哈尔滨,乐东黎族自治县,0.0006120198
南宁,乐东黎族自治县,0.00054207468
北京,乐东黎族自治县,0.00041967072
郑州,乐东黎族自治县,0.00038469816
广州,乐东黎族自治县,0.00038469816
深圳,乐东黎族自治县,0.00038469816
上海,乐东黎族自治县,0.0003497256
福州,乐东黎族自治县,0.00031475304
重庆,乐东黎族自治县,0.00031475304
宜春,乐东黎族自治县,0.00031475304
贵阳,乐东黎族自治县,0.00027978048
珠海,乐东黎族自治县,0.00024480792
沈阳,乐东黎族自治县,0.00024480792
宁德,乐东黎族自治县,0.00024480792
杭州,乐东黎族自治县,0.00020983536
惠州,乐东黎族自治县,0.00020983536
永州,乐东黎族自治县,0.00019234908
长沙,乐东黎族自治县,0.00019234908
遵义,乐东黎族自治县,0.00019234908
萍乡,乐东黎族自治县,0.00019234908
佛山,乐东黎族自治县,0.00019234908
昆明,乐东黎族自治县,0.00015737652
长春,乐东黎族自治县,0.00015737652
临沂,乐东黎族自治县,0.00015737652
潍坊,乐东黎族自治县,0.00015737652
廊坊,乐东黎族自治县,0.00015737652
昭通,乐东黎族自治县,0.00015737652
呼和浩特,乐东黎族自治县,0.00015737652
上饶,乐东黎族自治县,0.00015737652
保定,乐东黎族自治县,0.00015737652
泉州,乐东黎族自治县,0.00015737652
烟台,乐东黎族自治县,0.00015737652
娄底,乐东黎族自治县,0.00015737652
漳州,乐东黎族自治县,0.00015737652
周口,乐东黎族自治县,0.00012240396
百色,乐东黎族自治县,0.00012240396
赣州,乐东黎族自治县,0.00012240396
阳江,乐东黎族自治县,0.00012240396
南阳,乐东黎族自治县,0.00012240396
商丘,乐东黎族自治县,0.00012240396
厦门,乐东黎族自治县,0.00012240396
沧州,乐东黎族自治县,0.00012240396
阜阳,乐东黎族自治县,0.00012240396
肇庆,乐东黎族自治县,0.00012240396
武汉,乐东黎族自治县,0.00012240396
东莞,乐东黎族自治县,0.00012240396
益阳,乐东黎族自治县,0.00012240396
衡水,乐东黎族自治县,0.00012240396
石家庄,乐东黎族自治县,0.00012240396
荆州,乐东黎族自治县,8.743140000000002e-05
威海,乐东黎族自治县,8.743140000000002e-05
钦州,乐东黎族自治县,8.743140000000002e-05
北海,乐东黎族自治县,8.743140000000002e-05
清远,乐东黎族自治县,8.743140000000002e-05
德州,乐东黎族自治县,8.743140000000002e-05
包头,乐东黎族自治县,8.743140000000002e-05
崇左,乐东黎族自治县,8.743140000000002e-05
铁岭,乐东黎族自治县,8.743140000000002e-05
宜宾,乐东黎族自治县,8.743140000000002e-05
东营,乐东黎族自治县,8.743140000000002e-05
郴州,乐东黎族自治县,8.743140000000002e-05
黔西南布依族苗族自治州,乐东黎族自治县,8.743140000000002e-05
青岛,乐东黎族自治县,8.743140000000002e-05
本溪,乐东黎族自治县,8.743140000000002e-05
桂林,乐东黎族自治县,8.743140000000002e-05
揭阳,乐东黎族自治县,8.743140000000002e-05
西安,乐东黎族自治县,8.743140000000002e-05
衡阳,乐东黎族自治县,8.743140000000002e-05
葫芦岛,乐东黎族自治县,5.245884e-05
达州,乐东黎族自治县,5.245884e-05
绥化,乐东黎族自治县,5.245884e-05
信阳,乐东黎族自治县,5.245884e-05
邵阳,乐东黎族自治县,5.245884e-05
芜湖,乐东黎族自治县,5.245884e-05
兴安盟,乐东黎族自治县,5.245884e-05
南昌,乐东黎族自治县,5.245884e-05
南京,乐东黎族自治县,5.245884e-05
三亚,陵水黎族自治县,0.0885397521599999
海口,陵水黎族自治县,0.0268727673599999
万宁,陵水黎族自治县,0.02351367144
琼海,陵水黎族自治县,0.00980154108
保亭黎族苗族自治县,陵水黎族自治县,0.0089743010399999
儋州,陵水黎族自治县,0.0077710428
乐东黎族自治县,陵水黎族自治县,0.0073699567199999
文昌,陵水黎族自治县,0.0048882365999999
澄迈县,陵水黎族自治县,0.0048882365999999
临高县,陵水黎族自治县,0.00456235416
东方,陵水黎族自治县,0.0036097747199999
五指山,陵水黎族自治县,0.0036097747199999
北京,陵水黎族自治县,0.0033841638
琼中黎族苗族自治县,陵水黎族自治县,0.0030081455999999
成都,陵水黎族自治县,0.0029078740799999
屯昌县,陵水黎族自治县,0.00228117708
定安县,陵水黎族自治县,0.00223104132
昌江黎族自治县,陵水黎族自治县,0.0019302267599999
湛江,陵水黎族自治县,0.0018048873599999
上海,陵水黎族自治县,0.0015792764399999
保定,陵水黎族自治县,0.0013787334
廊坊,陵水黎族自治县,0.0013787334
长春,陵水黎族自治县,0.00135366552
重庆,陵水黎族自治县,0.00127846188
郑州,陵水黎族自治县,0.0009024436799999
天津,陵水黎族自治县,0.0009024436799999
西安,陵水黎族自治县,0.00085230792
茂名,陵水黎族自治县,0.00082724004
白沙黎族自治县,陵水黎族自治县,0.00082724004
广州,陵水黎族自治县,0.0007269685199999
深圳,陵水黎族自治县,0.00070190064
石家庄,陵水黎族自治县,0.00057656124
太原,陵水黎族自治县,0.00057656124
沈阳,陵水黎族自治县,0.0005264254799999
哈尔滨,陵水黎族自治县,0.0005013576
贵阳,陵水黎族自治县,0.0005013576
杭州,陵水黎族自治县,0.00047628972
运城,陵水黎族自治县,0.0003760181999999
武汉,陵水黎族自治县,0.0003760181999999
邯郸,陵水黎族自治县,0.0003760181999999
呼和浩特,陵水黎族自治县,0.0003760181999999
唐山,陵水黎族自治县,0.00035095032
东莞,陵水黎族自治县,0.00035095032
河池,陵水黎族自治县,0.00030081456
玉林,陵水黎族自治县,0.00030081456
吉林,陵水黎族自治县,0.00027574668
惠州,陵水黎族自治县,0.00027574668
中山,陵水黎族自治县,0.00027574668
邢台,陵水黎族自治县,0.00027574668
沧州,陵水黎族自治县,0.00027574668
绵阳,陵水黎族自治县,0.00027574668
大连,陵水黎族自治县,0.00027574668
德阳,陵水黎族自治县,0.00027574668
上饶,陵水黎族自治县,0.00027574668
长沙,陵水黎族自治县,0.0002506788
鞍山,陵水黎族自治县,0.0002506788
南宁,陵水黎族自治县,0.0002506788
青岛,陵水黎族自治县,0.0002506788
自贡,陵水黎族自治县,0.0002506788
洛阳,陵水黎族自治县,0.0002506788
南充,陵水黎族自治县,0.0002256109199999
秦皇岛,陵水黎族自治县,0.0002256109199999
佛山,陵水黎族自治县,0.0002256109199999
南平,陵水黎族自治县,0.0002256109199999
长治,陵水黎族自治县,0.0002256109199999
鄂尔多斯,陵水黎族自治县,0.0002256109199999
阳江,陵水黎族自治县,0.0002256109199999
乌海,陵水黎族自治县,0.00017547516
银川,陵水黎族自治县,0.00017547516
荆州,陵水黎族自治县,0.00017547516
嘉兴,陵水黎族自治县,0.00017547516
合肥,陵水黎族自治县,0.00017547516
亳州,陵水黎族自治县,0.00017547516
晋中,陵水黎族自治县,0.00017547516
北海,陵水黎族自治县,0.00017547516
开封,陵水黎族自治县,0.00017547516
呼伦贝尔,陵水黎族自治县,0.00017547516
大同,陵水黎族自治县,0.00017547516
株洲,陵水黎族自治县,0.00015040728
福州,陵水黎族自治县,0.00015040728
邵阳,陵水黎族自治县,0.00015040728
锦州,陵水黎族自治县,0.00015040728
宜春,陵水黎族自治县,0.00015040728
兴安盟,陵水黎族自治县,0.00015040728
临汾,陵水黎族自治县,0.00015040728
温州,陵水黎族自治县,0.00015040728
眉山,陵水黎族自治县,0.00015040728
九江,陵水黎族自治县,0.00015040728
周口,陵水黎族自治县,0.00015040728
南京,陵水黎族自治县,0.00015040728
荆门,陵水黎族自治县,0.00015040728
宜宾,陵水黎族自治县,0.00015040728
烟台,陵水黎族自治县,0.0001253394
汕尾,陵水黎族自治县,0.0001253394
聊城,陵水黎族自治县,0.0001253394
遵义,陵水黎族自治县,0.0001253394
江门,陵水黎族自治县,0.0001253394
泉州,陵水黎族自治县,0.0001253394
临沂,陵水黎族自治县,0.0001253394
常德,陵水黎族自治县,0.0001253394
三亚,保亭黎族苗族自治县,0.0422409168
陵水黎族自治县,保亭黎族苗族自治县,0.01324578096
海口,保亭黎族苗族自治县,0.01026796176
万宁,保亭黎族苗族自治县,0.01006944048
五指山,保亭黎族苗族自治县,0.00508435056
乐东黎族自治县,保亭黎族苗族自治县,0.00436746816
儋州,保亭黎族苗族自治县,0.0033638328
琼海,保亭黎族苗族自治县,0.00291164544
文昌,保亭黎族苗族自治县,0.00222784992
东方,保亭黎族苗族自治县,0.0016433150399999
琼中黎族苗族自治县,保亭黎族苗族自治县,0.00145582272
澄迈县,保亭黎族苗族自治县,0.00142273584
临高县,保亭黎族苗族自治县,0.00109186704
屯昌县,保亭黎族苗族自治县,0.0010587801599999
白沙黎族自治县,保亭黎族苗族自治县,0.0007720272
昌江黎族自治县,保亭黎族苗族自治县,0.00070585344
定安县,保亭黎族苗族自治县,0.0006065928
湛江,保亭黎族苗族自治县,0.00054041904
哈尔滨,保亭黎族苗族自治县,0.0004521873599999
呼和浩特,保亭黎族苗族自治县,0.00041910048
北京,保亭黎族苗族自治县,0.00041910048
茂名,保亭黎族苗族自治县,0.0003860136
上海,保亭黎族苗族自治县,0.00025366608
西安,保亭黎族苗族自治县,0.0002205792
天津,保亭黎族苗族自治县,0.00018749232
玉林,保亭黎族苗族自治县,0.00018749232
廊坊,保亭黎族苗族自治县,0.00018749232
无锡,保亭黎族苗族自治县,0.00018749232
崇左,保亭黎族苗族自治县,0.00015440544
秦皇岛,保亭黎族苗族自治县,0.00015440544
深圳,保亭黎族苗族自治县,0.00015440544
泉州,保亭黎族苗族自治县,0.00012131856
青岛,保亭黎族苗族自治县,0.00012131856
佛山,保亭黎族苗族自治县,0.00012131856
黄山,保亭黎族苗族自治县,0.00012131856
贵港,保亭黎族苗族自治县,0.00012131856
吉林,保亭黎族苗族自治县,8.823168000000001e-05
云浮,保亭黎族苗族自治县,8.823168000000001e-05
鄂尔多斯,保亭黎族苗族自治县,8.823168000000001e-05
南宁,保亭黎族苗族自治县,8.823168000000001e-05
渭南,保亭黎族苗族自治县,8.823168000000001e-05
梅州,保亭黎族苗族自治县,8.823168000000001e-05
长春,保亭黎族苗族自治县,8.823168000000001e-05
潍坊,保亭黎族苗族自治县,8.823168000000001e-05
钦州,保亭黎族苗族自治县,8.823168000000001e-05
德州,保亭黎族苗族自治县,8.823168000000001e-05
沧州,保亭黎族苗族自治县,8.823168000000001e-05
驻马店,保亭黎族苗族自治县,5.514480000000001e-05
淄博,保亭黎族苗族自治县,5.514480000000001e-05
郑州,保亭黎族苗族自治县,5.514480000000001e-05
潮州,保亭黎族苗族自治县,5.514480000000001e-05
荆州,保亭黎族苗族自治县,5.514480000000001e-05
成都,保亭黎族苗族自治县,5.514480000000001e-05
宜春,保亭黎族苗族自治县,5.514480000000001e-05
广州,保亭黎族苗族自治县,5.514480000000001e-05
石家庄,保亭黎族苗族自治县,5.514480000000001e-05
日照,保亭黎族苗族自治县,5.514480000000001e-05
朔州,保亭黎族苗族自治县,2.205792e-05
三沙,保亭黎族苗族自治县,2.205792e-05
赤峰,保亭黎族苗族自治县,2.205792e-05
沈阳,保亭黎族苗族自治县,2.205792e-05
黄冈,保亭黎族苗族自治县,2.205792e-05
恩施土家族苗族自治州,保亭黎族苗族自治县,2.205792e-05
白城,保亭黎族苗族自治县,2.205792e-05
合肥,保亭黎族苗族自治县,2.205792e-05
揭阳,保亭黎族苗族自治县,2.205792e-05
包头,保亭黎族苗族自治县,2.205792e-05
乌鲁木齐,保亭黎族苗族自治县,2.205792e-05
宁波,保亭黎族苗族自治县,2.205792e-05
徐州,保亭黎族苗族自治县,2.205792e-05
河池,保亭黎族苗族自治县,2.205792e-05
唐山,保亭黎族苗族自治县,2.205792e-05
南通,保亭黎族苗族自治县,2.205792e-05
咸阳,保亭黎族苗族自治县,2.205792e-05
盘锦,保亭黎族苗族自治县,2.205792e-05
鹤壁,保亭黎族苗族自治县,2.205792e-05
平顶山,保亭黎族苗族自治县,2.205792e-05
福州,保亭黎族苗族自治县,2.205792e-05
延边朝鲜族自治州,保亭黎族苗族自治县,2.205792e-05
大同,保亭黎族苗族自治县,2.205792e-05
襄阳,保亭黎族苗族自治县,2.205792e-05
东莞,保亭黎族苗族自治县,2.205792e-05
佳木斯,保亭黎族苗族自治县,2.205792e-05
南京,保亭黎族苗族自治县,2.205792e-05
南昌,保亭黎族苗族自治县,2.205792e-05
清远,保亭黎族苗族自治县,2.205792e-05
南阳,保亭黎族苗族自治县,2.205792e-05
辽阳,保亭黎族苗族自治县,2.205792e-05
梧州,保亭黎族苗族自治县,2.205792e-05
北海,保亭黎族苗族自治县,2.205792e-05
重庆,保亭黎族苗族自治县,2.205792e-05
葫芦岛,保亭黎族苗族自治县,2.205792e-05
上饶,保亭黎族苗族自治县,2.205792e-05
常德,保亭黎族苗族自治县,2.205792e-05
乌兰察布,保亭黎族苗族自治县,2.205792e-05
大庆,保亭黎族苗族自治县,2.205792e-05
晋中,保亭黎族苗族自治县,2.205792e-05
海口,琼中黎族苗族自治县,0.017976816
屯昌县,琼中黎族苗族自治县,0.0109512
儋州,琼中黎族苗族自治县,0.0103952159999999
万宁,琼中黎族苗族自治县,0.0080028
三亚,琼中黎族苗族自治县,0.005408208
澄迈县,琼中黎族苗族自治县,0.004178304
琼海,琼中黎族苗族自治县,0.004077216
乐东黎族自治县,琼中黎族苗族自治县,0.0036897119999999
定安县,琼中黎族苗族自治县,0.002847312
陵水黎族自治县,琼中黎族苗族自治县,0.0025524719999999
文昌,琼中黎族苗族自治县,0.0024935039999999
东方,琼中黎族苗族自治县,0.0021649679999999
五指山,琼中黎族苗族自治县,0.0019375199999999
临高县,琼中黎族苗族自治县,0.0011625119999999
白沙黎族自治县,琼中黎族苗族自治县,0.00109512
保亭黎族苗族自治县,琼中黎族苗族自治县,0.0010024559999999
昌江黎族自治县,琼中黎族苗族自治县,0.000867672
茂名,琼中黎族苗族自治县,0.0004212
湛江,琼中黎族苗族自治县,0.0004212
玉林,琼中黎族苗族自治县,0.000353808
桂林,琼中黎族苗族自治县,0.00012636
河池,琼中黎族苗族自治县,0.00012636
永州,琼中黎族苗族自治县,9.2664e-05
济宁,琼中黎族苗族自治县,9.2664e-05
三沙,琼中黎族苗族自治县,9.2664e-05
潮州,琼中黎族苗族自治县,9.2664e-05
达州,琼中黎族苗族自治县,5.896800000000001e-05
临沧,琼中黎族苗族自治县,5.896800000000001e-05
梅州,琼中黎族苗族自治县,5.896800000000001e-05
上海,琼中黎族苗族自治县,5.896800000000001e-05
重庆,琼中黎族苗族自治县,5.896800000000001e-05
贵港,琼中黎族苗族自治县,5.896800000000001e-05
郑州,琼中黎族苗族自治县,5.896800000000001e-05
怀化,琼中黎族苗族自治县,5.896800000000001e-05
百色,琼中黎族苗族自治县,5.896800000000001e-05
呼和浩特,琼中黎族苗族自治县,5.896800000000001e-05
保定,琼中黎族苗族自治县,5.896800000000001e-05
太原,琼中黎族苗族自治县,2.5272e-05
汕头,琼中黎族苗族自治县,2.5272e-05
安庆,琼中黎族苗族自治县,2.5272e-05
萍乡,琼中黎族苗族自治县,2.5272e-05
赣州,琼中黎族苗族自治县,2.5272e-05
亳州,琼中黎族苗族自治县,2.5272e-05
抚顺,琼中黎族苗族自治县,2.5272e-05
惠州,琼中黎族苗族自治县,2.5272e-05
白城,琼中黎族苗族自治县,2.5272e-05
北海,琼中黎族苗族自治县,2.5272e-05
松原,琼中黎族苗族自治县,2.5272e-05
云浮,琼中黎族苗族自治县,2.5272e-05
信阳,琼中黎族苗族自治县,2.5272e-05
荆州,琼中黎族苗族自治县,2.5272e-05
阳江,琼中黎族苗族自治县,2.5272e-05
佛山,琼中黎族苗族自治县,2.5272e-05
南宁,琼中黎族苗族自治县,2.5272e-05
湘潭,琼中黎族苗族自治县,2.5272e-05
长春,琼中黎族苗族自治县,2.5272e-05
宿州,琼中黎族苗族自治县,2.5272e-05
吉林,琼中黎族苗族自治县,2.5272e-05
杭州,琼中黎族苗族自治县,2.5272e-05
梧州,琼中黎族苗族自治县,2.5272e-05
深圳,琼中黎族苗族自治县,2.5272e-05
六安,琼中黎族苗族自治县,2.5272e-05
广安,重庆,0.6806104380000001
达州,重庆,0.46377034056
成都,重庆,0.26412461208
南充,重庆,0.2579155344
遵义,重庆,0.24931834992
泸州,重庆,0.2411987868
恩施土家族苗族自治州,重庆,0.17146606824
内江,重庆,0.17098844688
资阳,重庆,0.16334650512
遂宁,重庆,0.1528388352
巴中,重庆,0.10937529144
铜仁,重庆,0.10316621376
宜宾,重庆,0.09409140792
自贡,重庆,0.0811956312
绵阳,重庆,0.06973271856
广元,重庆,0.0453740292
湘西土家族苗族自治州,重庆,0.04012019424
昭通,重庆,0.03725446608
德阳,重庆,0.035821602
毕节,重庆,0.03486635928
乐山,重庆,0.03486635928
贵阳,重庆,0.03438873792
宜昌,重庆,0.03391111656
眉山,重庆,0.03056776704
西安,重庆,0.02435868936
深圳,重庆,0.0214929612
昆明,重庆,0.02006009712
荆州,重庆,0.01958247576
上海,重庆,0.01862723304
凉山彝族自治州,重庆,0.01814961168
武汉,重庆,0.01623912624
邵阳,重庆,0.01576150488
广州,重庆,0.01528388352
南阳,重庆,0.01528388352
曲靖,重庆,0.0143286408
黔南布依族苗族自治州,重庆,0.0138510194399999
安康,重庆,0.01337339808
北京,重庆,0.01289577672
六盘水,重庆,0.01241815536
怀化,重庆,0.011940534
黔东南苗族侗族自治州,重庆,0.011940534
常德,重庆,0.011940534
长沙,重庆,0.011940534
泉州,重庆,0.011940534
娄底,重庆,0.011940534
衡阳,重庆,0.01146291264
十堰,重庆,0.01146291264
雅安,重庆,0.01098529128
南昌,重庆,0.01098529128
东莞,重庆,0.01050766992
汉中,重庆,0.01050766992
三亚,重庆,0.01050766992
杭州,重庆,0.01003004856
福州,重庆,0.01003004856
温州,重庆,0.01003004856
黔西南布依族苗族自治州,重庆,0.01003004856
襄阳,重庆,0.0095524272
安顺,重庆,0.0095524272
黄冈,重庆,0.00907480584
岳阳,重庆,0.00907480584
郑州,重庆,0.00907480584
抚州,重庆,0.00907480584
攀枝花,重庆,0.00907480584
陇南,重庆,0.00859718448
咸阳,重庆,0.00859718448
孝感,重庆,0.00859718448
信阳,重庆,0.00811956312
桂林,重庆,0.00811956312
九江,重庆,0.0071643204
洛阳,重庆,0.0071643204
周口,重庆,0.0071643204
荆门,重庆,0.0071643204
益阳,重庆,0.00668669904
邯郸,重庆,0.00668669904
驻马店,重庆,0.00668669904
上饶,重庆,0.00668669904
安庆,重庆,0.00620907768
张家界,重庆,0.00620907768
新乡,重庆,0.00620907768
宜春,重庆,0.00620907768
惠州,重庆,0.00620907768
天水,重庆,0.00573145632
渭南,重庆,0.00573145632
合肥,重庆,0.00573145632
大理白族自治州,重庆,0.00573145632
苏州,重庆,0.00573145632
南京,重庆,0.00573145632
商丘,重庆,0.00573145632
红河哈尼族彝族自治州,重庆,0.00525383496
佛山,重庆,0.00525383496
宁波,重庆,0.00525383496
乌鲁木齐,重庆,0.00525383496
宝鸡,重庆,0.00525383496
运城,重庆,0.00525383496
南宁,重庆,0.00525383496
天津,重庆,0.00525383496
定西,重庆,0.00525383496
永州,重庆,0.00525383496
平顶山,重庆,0.0047762136
兰州,重庆,0.0047762136
南充,成都,1.50915180456
眉山,成都,1.20862103616
德阳,成都,1.1452659012000002
资阳,成都,1.07378831304
绵阳,成都,1.02667808448
内江,成都,0.92920864608
达州,成都,0.8544820766400001
遂宁,成都,0.8301147170400002
巴中,成都,0.8236167544800002
重庆,成都,0.7212738441600002
乐山,成都,0.71964935352
广元,成都,0.62217991512
宜宾,成都,0.61405746192
自贡,成都,0.53933089248
凉山彝族自治州,成都,0.4516083979199999
广安,成都,0.43373900088
泸州,成都,0.3947512255200001
雅安,成都,0.3801308097599999
阿坝藏族羌族自治州,成都,0.27128993688
攀枝花,成都,0.15595110144
甘孜藏族自治州,成都,0.11858781672
西安,成都,0.04223675664
昭通,成都,0.03736328472
遵义,成都,0.03411430344
汉中,成都,0.03086532216
陇南,成都,0.02761634088
昆明,成都,0.02599185024
三亚,成都,0.02274286896
贵阳,成都,0.02111837832
北京,成都,0.01949388768
深圳,成都,0.01949388768
上海,成都,0.01949388768
兰州,成都,0.01786939704
毕节,成都,0.01786939704
荆州,成都,0.01462041576
南阳,成都,0.01462041576
广州,成都,0.01299592512
大理白族自治州,成都,0.01299592512
西宁,成都,0.01299592512
咸阳,成都,0.01299592512
武汉,成都,0.01299592512
驻马店,成都,0.01299592512
曲靖,成都,0.01137143448
宝鸡,成都,0.01137143448
丽江,成都,0.01137143448
运城,成都,0.01137143448
周口,成都,0.00974694384
郑州,成都,0.00974694384
天水,成都,0.00974694384
恩施土家族苗族自治州,成都,0.00974694384
安康,成都,0.00974694384
拉萨,成都,0.00974694384
宜昌,成都,0.00974694384
定西,成都,0.00974694384
邵阳,成都,0.0081224532
西双版纳傣族自治州,成都,0.0081224532
黔南布依族苗族自治州,成都,0.0081224532
长沙,成都,0.0081224532
孝感,成都,0.0081224532
娄底,成都,0.0081224532
襄阳,成都,0.0081224532
信阳,成都,0.0081224532
渭南,成都,0.0081224532
南昌,成都,0.0081224532
洛阳,成都,0.0081224532
乌鲁木齐,成都,0.0081224532
天津,成都,0.0081224532
岳阳,成都,0.0081224532
六盘水,成都,0.0081224532
温州,成都,0.00649796256
铜仁,成都,0.00649796256
南宁,成都,0.00649796256
白银,成都,0.00649796256
福州,成都,0.00649796256
十堰,成都,0.00649796256
楚雄彝族自治州,成都,0.00649796256
黄冈,成都,0.00649796256
陵水黎族自治县,成都,0.00649796256
新乡,成都,0.00649796256
商丘,成都,0.00649796256
北海,成都,0.00649796256
九江,成都,0.00649796256
合肥,成都,0.00649796256
太原,成都,0.00649796256
杭州,成都,0.00649796256
庆阳,成都,0.00487347192
衡阳,成都,0.00487347192
青岛,成都,0.00487347192
安庆,成都,0.00487347192
常德,成都,0.00487347192
黔西南布依族苗族自治州,成都,0.00487347192
东莞,成都,0.00487347192
菏泽,成都,0.00487347192
桂林,成都,0.00487347192
邯郸,成都,0.00487347192
苏州,成都,0.00487347192
泉州,成都,0.00487347192
赣州,成都,0.00487347192
黔东南苗族侗族自治州,成都,0.00487347192
南京,成都,0.00487347192
内江,自贡,0.15940472436
宜宾,自贡,0.1294341444
成都,自贡,0.0962104068
泸州,自贡,0.06880082328
乐山,自贡,0.04720539384
重庆,自贡,0.03128568624
眉山,自贡,0.01688873328
南充,自贡,0.01335871116
资阳,自贡,0.01065928248
绵阳,自贡,0.00955182456
昭通,自贡,0.008652015
遂宁,自贡,0.00754455708
凉山彝族自治州,自贡,0.00712926036
达州,自贡,0.00685239588
广安,自贡,0.00636788304
巴中,自贡,0.0062294508
德阳,自贡,0.00602180244
广元,自贡,0.00532964124
遵义,自贡,0.00269942868
雅安,自贡,0.00263021256
攀枝花,自贡,0.00152275464
甘孜藏族自治州,自贡,0.00152275464
阿坝藏族羌族自治州,自贡,0.00145353852
昆明,自贡,0.00131510628
毕节,自贡,0.00131510628
深圳,自贡,0.00124589016
广州,自贡,0.00117667404
贵阳,自贡,0.00096902568
信阳,自贡,0.00089980956
安顺,自贡,0.00083059344
曲靖,自贡,0.00076137732
恩施土家族苗族自治州,自贡,0.00076137732
南阳,自贡,0.00076137732
大理白族自治州,自贡,0.0006921612
安康,自贡,0.0006921612
黔东南苗族侗族自治州,自贡,0.00062294508
六盘水,自贡,0.00062294508
岳阳,自贡,0.00062294508
红河哈尼族彝族自治州,自贡,0.00055372896
桂林,自贡,0.00055372896
北京,自贡,0.00055372896
黔南布依族苗族自治州,自贡,0.00055372896
上海,自贡,0.00055372896
邵阳,自贡,0.00048451284
开封,自贡,0.00048451284
黔西南布依族苗族自治州,自贡,0.00048451284
杭州,自贡,0.00048451284
文山壮族苗族自治州,自贡,0.00048451284
怀化,自贡,0.00048451284
西双版纳傣族自治州,自贡,0.00041529672
娄底,自贡,0.00041529672
商丘,自贡,0.00041529672
楚雄彝族自治州,自贡,0.00041529672
铜仁,自贡,0.00041529672
佛山,自贡,0.00041529672
洛阳,自贡,0.0003460806
九江,自贡,0.0003460806
温州,自贡,0.0003460806
西安,自贡,0.0003460806
荆州,自贡,0.0003460806
周口,自贡,0.0003460806
天水,自贡,0.0003460806
南昌,自贡,0.00027686448
玉溪,自贡,0.00027686448
宜昌,自贡,0.00027686448
东莞,自贡,0.00027686448
常德,自贡,0.00027686448
武汉,自贡,0.00027686448
河池,自贡,0.00027686448
汉中,自贡,0.00027686448
渭南,自贡,0.00027686448
益阳,自贡,0.00027686448
安庆,自贡,0.00027686448
北海,自贡,0.00020764836
永州,自贡,0.00020764836
宝鸡,自贡,0.00020764836
襄阳,自贡,0.00020764836
运城,自贡,0.00020764836
濮阳,自贡,0.00020764836
常州,自贡,0.00020764836
郑州,自贡,0.00020764836
中山,自贡,0.00020764836
金华,自贡,0.00020764836
陇南,自贡,0.00020764836
湘西土家族苗族自治州,自贡,0.00013843224
上饶,自贡,0.00013843224
长沙,自贡,0.00013843224
百色,自贡,0.00013843224
湛江,自贡,0.00013843224
南宁,自贡,0.00013843224
三亚,自贡,0.00013843224
苏州,自贡,0.00013843224
台州,自贡,0.00013843224
菏泽,自贡,0.00013843224
德州,自贡,0.00013843224
拉萨,自贡,0.00013843224
黄冈,自贡,0.00013843224
张家口,自贡,0.00013843224
莆田,自贡,0.00013843224
晋中,自贡,0.00013843224
凉山彝族自治州,攀枝花,0.13918193388
成都,攀枝花,0.0410974138799999
丽江,攀枝花,0.02331142092
南充,攀枝花,0.0137318328
楚雄彝族自治州,攀枝花,0.0120643959599999
内江,攀枝花,0.0088603016399999
泸州,攀枝花,0.0070293905999999
重庆,攀枝花,0.0066043576799999
乐山,攀枝花,0.0065062731599999
昆明,攀枝花,0.0055254279599999
德阳,攀枝花,0.0050677002
资阳,攀枝花,0.0047407517999999
遂宁,攀枝花,0.0046099724399999
眉山,攀枝花,0.00454458276
广安,攀枝花,0.00428302404
宜宾,攀枝花,0.00428302404
雅安,攀枝花,0.00405416016
自贡,攀枝花,0.0036945169199999
绵阳,攀枝花,0.00353104272
大理白族自治州,攀枝花,0.00346565304
广元,攀枝花,0.00222324912
巴中,攀枝花,0.00176552136
达州,攀枝花,0.00176552136
昭通,攀枝花,0.00140587812
曲靖,攀枝花,0.00088276068
红河哈尼族彝族自治州,攀枝花,0.00068659164
甘孜藏族自治州,攀枝花,0.0005231174399999
阿坝藏族羌族自治州,攀枝花,0.0004904226
娄底,攀枝花,0.00042503292
西双版纳傣族自治州,攀枝花,0.00042503292
玉溪,攀枝花,0.0002942535599999
文山壮族苗族自治州,攀枝花,0.0002942535599999
毕节,攀枝花,0.0002615587199999
六盘水,攀枝花,0.0002615587199999
贵阳,攀枝花,0.0002615587199999
遵义,攀枝花,0.00022886388
武汉,攀枝花,0.00022886388
保山,攀枝花,0.0001961690399999
宝鸡,攀枝花,0.0001961690399999
温州,攀枝花,0.0001961690399999
上海,攀枝花,0.0001961690399999
新乡,攀枝花,0.0001634741999999
玉林,攀枝花,0.0001634741999999
鞍山,攀枝花,0.0001634741999999
百色,攀枝花,0.0001307793599999
福州,攀枝花,0.0001307793599999
宁波,攀枝花,0.0001307793599999
无锡,攀枝花,0.0001307793599999
安顺,攀枝花,0.0001307793599999
深圳,攀枝花,0.0001307793599999
西安,攀枝花,9.808452e-05
宜昌,攀枝花,9.808452e-05
邵阳,攀枝花,9.808452e-05
汉中,攀枝花,9.808452e-05
德宏傣族景颇族自治州,攀枝花,9.808452e-05
临沧,攀枝花,9.808452e-05
南阳,攀枝花,9.808452e-05
贵港,攀枝花,6.538967999999999e-05
庆阳,攀枝花,6.538967999999999e-05
南宁,攀枝花,6.538967999999999e-05
北京,攀枝花,6.538967999999999e-05
普洱,攀枝花,6.538967999999999e-05
荆州,攀枝花,6.538967999999999e-05
辽阳,攀枝花,6.538967999999999e-05
苏州,攀枝花,6.538967999999999e-05
赤峰,攀枝花,6.538967999999999e-05
惠州,攀枝花,6.538967999999999e-05
肇庆,攀枝花,6.538967999999999e-05
三明,攀枝花,3.2694839999999993e-05
佛山,攀枝花,3.2694839999999993e-05
郑州,攀枝花,3.2694839999999993e-05
株洲,攀枝花,3.2694839999999993e-05
安阳,攀枝花,3.2694839999999993e-05
许昌,攀枝花,3.2694839999999993e-05
周口,攀枝花,3.2694839999999993e-05
营口,攀枝花,3.2694839999999993e-05
洛阳,攀枝花,3.2694839999999993e-05
平顶山,攀枝花,3.2694839999999993e-05
黔西南布依族苗族自治州,攀枝花,3.2694839999999993e-05
常州,攀枝花,3.2694839999999993e-05
郴州,攀枝花,3.2694839999999993e-05
泉州,攀枝花,3.2694839999999993e-05
杭州,攀枝花,3.2694839999999993e-05
宿州,攀枝花,3.2694839999999993e-05
怒江傈僳族自治州,攀枝花,3.2694839999999993e-05
广州,攀枝花,3.2694839999999993e-05
宁德,攀枝花,3.2694839999999993e-05
东莞,攀枝花,3.2694839999999993e-05
怀化,攀枝花,3.2694839999999993e-05
镇江,攀枝花,0.0
芜湖,攀枝花,0.0
黄山,攀枝花,0.0
青岛,攀枝花,0.0
铁岭,攀枝花,0.0
商洛,攀枝花,0.0
汕头,攀枝花,0.0
吕梁,攀枝花,0.0
张家界,攀枝花,0.0
马鞍山,攀枝花,0.0
德州,攀枝花,0.0
宜宾,泸州,0.18420558624
重庆,泸州,0.1792045296
遵义,泸州,0.1749327937199999
成都,泸州,0.0828300006
自贡,泸州,0.0826216232399999
内江,泸州,0.0590749815599999
毕节,泸州,0.03521577384
昭通,泸州,0.0308398492799999
南充,泸州,0.01854558504
乐山,泸州,0.0152115472799999
绵阳,泸州,0.0117733208399999
达州,泸州,0.01166913216
眉山,泸州,0.0105230566799999
广安,泸州,0.0102104906399999
巴中,泸州,0.00916860384
资阳,泸州,0.0090644151599999
遂宁,泸州,0.00864766044
德阳,泸州,0.0072932075999999
凉山彝族自治州,泸州,0.00656388684
贵阳,泸州,0.00583456608
广元,泸州,0.0038549811599999
雅安,泸州,0.0038549811599999
攀枝花,泸州,0.0031256603999999
昆明,泸州,0.00218796228
黔南布依族苗族自治州,泸州,0.0018753962399999
铜仁,泸州,0.0017712075599999
中山,泸州,0.0017712075599999
六盘水,泸州,0.0016670188799999
曲靖,泸州,0.0015628301999999
黔西南布依族苗族自治州,泸州,0.0015628301999999
甘孜藏族自治州,泸州,0.00145864152
佛山,泸州,0.00135445284
安顺,泸州,0.0012502641599999
厦门,泸州,0.00114607548
深圳,泸州,0.00114607548
汕头,泸州,0.0010418868
阿坝藏族羌族自治州,泸州,0.0010418868
上海,泸州,0.0009376981199999
黔东南苗族侗族自治州,泸州,0.0009376981199999
泉州,泸州,0.0009376981199999
宁波,泸州,0.0009376981199999
北京,泸州,0.0008335094399999
恩施土家族苗族自治州,泸州,0.0008335094399999
咸阳,泸州,0.0008335094399999
广州,泸州,0.0008335094399999
东莞,泸州,0.0008335094399999
大理白族自治州,泸州,0.00072932076
三亚,泸州,0.00072932076
西安,泸州,0.00072932076
红河哈尼族彝族自治州,泸州,0.0006251320799999
安康,泸州,0.0006251320799999
惠州,泸州,0.0006251320799999
邯郸,泸州,0.0006251320799999
荆州,泸州,0.0006251320799999
怀化,泸州,0.0005209434
南阳,泸州,0.0005209434
常德,泸州,0.0005209434
西双版纳傣族自治州,泸州,0.0005209434
玉林,泸州,0.0005209434
福州,泸州,0.0005209434
河池,泸州,0.0005209434
邵阳,泸州,0.0005209434
岳阳,泸州,0.0005209434
文山壮族苗族自治州,泸州,0.0005209434
平顶山,泸州,0.0004167547199999
濮阳,泸州,0.0004167547199999
衡阳,泸州,0.0004167547199999
渭南,泸州,0.0004167547199999
襄阳,泸州,0.0004167547199999
汉中,泸州,0.0004167547199999
娄底,泸州,0.0004167547199999
宜春,泸州,0.0004167547199999
莆田,泸州,0.0004167547199999
百色,泸州,0.0004167547199999
周口,泸州,0.0004167547199999
北海,泸州,0.0004167547199999
桂林,泸州,0.0004167547199999
聊城,泸州,0.0004167547199999
十堰,泸州,0.0004167547199999
玉溪,泸州,0.0004167547199999
宜昌,泸州,0.0003125660399999
九江,泸州,0.0003125660399999
驻马店,泸州,0.0003125660399999
菏泽,泸州,0.0003125660399999
杭州,泸州,0.0003125660399999
信阳,泸州,0.0003125660399999
苏州,泸州,0.0003125660399999
保山,泸州,0.0003125660399999
嘉兴,泸州,0.0003125660399999
济宁,泸州,0.0003125660399999
天津,泸州,0.0003125660399999
贵港,泸州,0.0003125660399999
陇南,泸州,0.0003125660399999
楚雄彝族自治州,泸州,0.0003125660399999
济南,泸州,0.0003125660399999
宝鸡,泸州,0.0003125660399999
武汉,泸州,0.0003125660399999
徐州,泸州,0.0003125660399999
益阳,泸州,0.0003125660399999
防城港,泸州,0.0003125660399999
成都,德阳,0.5063463738
绵阳,德阳,0.2442152397599999
遂宁,德阳,0.0560348182799999
南充,德阳,0.0509522950799999
资阳,德阳,0.0393895548
重庆,德阳,0.03659416704
广元,德阳,0.0299868868799999
内江,德阳,0.02820800376
眉山,德阳,0.0273185621999999
巴中,德阳,0.0247773006
乐山,德阳,0.0228713544
达州,德阳,0.02172778668
宜宾,德阳,0.01855120968
雅安,德阳,0.01626407424
凉山彝族自治州,德阳,0.01626407424
自贡,德阳,0.01600994808
泸州,德阳,0.0143581280399999
广安,德阳,0.01296043416
阿坝藏族羌族自治州,德阳,0.01181686644
甘孜藏族自治州,德阳,0.0057178386
攀枝花,德阳,0.00470133396
遵义,德阳,0.0019059462
西安,德阳,0.0019059462
汉中,德阳,0.00177888312
陇南,德阳,0.0016518200399999
昭通,德阳,0.00139769388
新乡,德阳,0.00114356772
上海,德阳,0.00101650464
渭南,德阳,0.00101650464
昆明,德阳,0.00088944156
楚雄彝族自治州,德阳,0.00088944156
西宁,德阳,0.00088944156
南阳,德阳,0.00076237848
许昌,德阳,0.00076237848
咸阳,德阳,0.00076237848
襄阳,德阳,0.00076237848
北京,德阳,0.0006353154
荆州,德阳,0.0006353154
恩施土家族苗族自治州,德阳,0.0006353154
毕节,德阳,0.0006353154
黔南布依族苗族自治州,德阳,0.0006353154
曲靖,德阳,0.0006353154
三亚,德阳,0.0006353154
铜仁,德阳,0.00050825232
兰州,德阳,0.00050825232
贵阳,德阳,0.00050825232
洛阳,德阳,0.00050825232
西双版纳傣族自治州,德阳,0.00050825232
安康,德阳,0.00050825232
深圳,德阳,0.00050825232
邵阳,德阳,0.00050825232
丽江,德阳,0.00050825232
天水,德阳,0.00050825232
温州,德阳,0.00050825232
驻马店,德阳,0.00050825232
十堰,德阳,0.00050825232
菏泽,德阳,0.00050825232
宝鸡,德阳,0.00038118924
荆门,德阳,0.00038118924
广州,德阳,0.00038118924
运城,德阳,0.00038118924
保定,德阳,0.00038118924
商丘,德阳,0.00038118924
岳阳,德阳,0.00038118924
福州,德阳,0.00038118924
邢台,德阳,0.00038118924
郑州,德阳,0.00038118924
大理白族自治州,德阳,0.00038118924
武汉,德阳,0.00038118924
黄冈,德阳,0.00038118924
徐州,德阳,0.00038118924
佛山,德阳,0.00038118924
红河哈尼族彝族自治州,德阳,0.00038118924
桂林,德阳,0.00038118924
宁波,德阳,0.00038118924
百色,德阳,0.00038118924
临汾,德阳,0.00038118924
白银,德阳,0.00025412616
泉州,德阳,0.00025412616
宿迁,德阳,0.00025412616
天津,德阳,0.00025412616
南京,德阳,0.00025412616
周口,德阳,0.00025412616
南昌,德阳,0.00025412616
盐城,德阳,0.00025412616
焦作,德阳,0.00025412616
北海,德阳,0.00025412616
抚州,德阳,0.00025412616
台州,德阳,0.00025412616
六盘水,德阳,0.00025412616
拉萨,德阳,0.00025412616
平顶山,德阳,0.00025412616
太原,德阳,0.00025412616
邯郸,德阳,0.00025412616
银川,德阳,0.00025412616
东莞,德阳,0.00025412616
杭州,德阳,0.00025412616
定西,德阳,0.00025412616
南通,德阳,0.00025412616
九江,德阳,0.00025412616
成都,绵阳,0.3181609044
德阳,绵阳,0.2444916959999999
广元,绵阳,0.198649503
遂宁,绵阳,0.1799909261999999
南充,绵阳,0.1380091284
重庆,绵阳,0.053884683
巴中,绵阳,0.0484157898
达州,绵阳,0.0357086556
阿坝藏族羌族自治州,绵阳,0.0284704145999999
乐山,绵阳,0.027344466
资阳,绵阳,0.0270227664
眉山,绵阳,0.0263793672
广安,绵阳,0.0246100194
内江,绵阳,0.02412747
宜宾,绵阳,0.0230015214
凉山彝族自治州,绵阳,0.0199453752
自贡,绵阳,0.0175326282
雅安,绵阳,0.0167283792
泸州,绵阳,0.0147981816
陇南,绵阳,0.0067556916
西安,绵阳,0.0056297429999999
甘孜藏族自治州,绵阳,0.0049863438
汉中,绵阳,0.0045037944
攀枝花,绵阳,0.0045037944
上海,绵阳,0.0027344466
昭通,绵阳,0.0025735968
咸阳,绵阳,0.0022518972
北京,绵阳,0.0020910474
深圳,绵阳,0.0019301975999999
天水,绵阳,0.0017693478
遵义,绵阳,0.0017693478
宁波,绵阳,0.0017693478
昆明,绵阳,0.001608498
南阳,绵阳,0.001608498
岳阳,绵阳,0.0014476482
毕节,绵阳,0.0014476482
周口,绵阳,0.0012867984
渭南,绵阳,0.0012867984
新乡,绵阳,0.0012867984
广州,绵阳,0.0011259486
平顶山,绵阳,0.0011259486
驻马店,绵阳,0.0011259486
天津,绵阳,0.0011259486
兰州,绵阳,0.0011259486
安康,绵阳,0.0009650987999999
贵阳,绵阳,0.0009650987999999
洛阳,绵阳,0.0009650987999999
商丘,绵阳,0.0009650987999999
无锡,绵阳,0.0009650987999999
拉萨,绵阳,0.0009650987999999
铜仁,绵阳,0.0009650987999999
西宁,绵阳,0.0009650987999999
运城,绵阳,0.0009650987999999
许昌,绵阳,0.000804249
苏州,绵阳,0.000804249
武汉,绵阳,0.000804249
乌鲁木齐,绵阳,0.000804249
宝鸡,绵阳,0.000804249
曲靖,绵阳,0.000804249
黔南布依族苗族自治州,绵阳,0.000804249
丽江,绵阳,0.000804249
恩施土家族苗族自治州,绵阳,0.000804249
襄阳,绵阳,0.000804249
合肥,绵阳,0.000804249
三亚,绵阳,0.000804249
宜昌,绵阳,0.000804249
郑州,绵阳,0.000804249
十堰,绵阳,0.0006433992
六盘水,绵阳,0.0006433992
定西,绵阳,0.0006433992
邯郸,绵阳,0.0006433992
绍兴,绵阳,0.0006433992
西双版纳傣族自治州,绵阳,0.0006433992
大理白族自治州,绵阳,0.0006433992
菏泽,绵阳,0.0006433992
桂林,绵阳,0.0006433992
商洛,绵阳,0.0006433992
荆州,绵阳,0.0006433992
武威,绵阳,0.0006433992
临汾,绵阳,0.0006433992
杭州,绵阳,0.0006433992
平凉,绵阳,0.0004825493999999
阜阳,绵阳,0.0004825493999999
红河哈尼族彝族自治州,绵阳,0.0004825493999999
白银,绵阳,0.0004825493999999
黔东南苗族侗族自治州,绵阳,0.0004825493999999
南京,绵阳,0.0004825493999999
长沙,绵阳,0.0004825493999999
庆阳,绵阳,0.0004825493999999
焦作,绵阳,0.0004825493999999
东莞,绵阳,0.0004825493999999
海口,绵阳,0.0004825493999999
邵阳,绵阳,0.0004825493999999
临沂,绵阳,0.0004825493999999
上饶,绵阳,0.0004825493999999
信阳,绵阳,0.0004825493999999
湖州,绵阳,0.0004825493999999
南宁,绵阳,0.0004825493999999
楚雄彝族自治州,绵阳,0.0004825493999999
太原,绵阳,0.0004825493999999
绵阳,广元,0.10547057952
南充,广元,0.10541145924
成都,广元,0.09524277108
巴中,广元,0.06195805344
陇南,广元,0.0289689372
汉中,广元,0.02063297772
重庆,广元,0.01968705324
德阳,广元,0.01466182944
遂宁,广元,0.01200141684
达州,广元,0.00957748536
广安,广元,0.00715355388
眉山,广元,0.00597114828
西安,广元,0.0055573063199999
宜宾,广元,0.00543906576
内江,广元,0.0053208252
资阳,广元,0.00514346436
自贡,广元,0.0047296224
乐山,广元,0.00437490072
泸州,广元,0.00437490072
定西,广元,0.00331073568
宝鸡,广元,0.0027786531599999
阿坝藏族羌族自治州,广元,0.00271953288
兰州,广元,0.0023648112
凉山彝族自治州,广元,0.00218745036
雅安,广元,0.0017736084
郑州,广元,0.00153712728
安阳,广元,0.00130064616
安康,广元,0.0011824056
邯郸,广元,0.0011824056
天水,广元,0.0011824056
遵义,广元,0.00112328532
菏泽,广元,0.00112328532
咸阳,广元,0.00112328532
濮阳,广元,0.00112328532
甘南藏族自治州,广元,0.0008868042
毕节,广元,0.0008868042
南阳,广元,0.00082768392
上海,广元,0.00082768392
深圳,广元,0.00076856364
北京,广元,0.00076856364
白银,广元,0.00076856364
渭南,广元,0.00065032308
甘孜藏族自治州,广元,0.0005912028
商丘,广元,0.0005912028
宁波,广元,0.0005912028
十堰,广元,0.00053208252
武汉,广元,0.00053208252
昭通,广元,0.00053208252
商洛,广元,0.00053208252
临汾,广元,0.00053208252
攀枝花,广元,0.00047296224
太原,广元,0.00047296224
恩施土家族苗族自治州,广元,0.00047296224
运城,广元,0.00047296224
常德,广元,0.00041384196
信阳,广元,0.00041384196
洛阳,广元,0.00041384196
西宁,广元,0.00041384196
乌鲁木齐,广元,0.00041384196
临夏回族自治州,广元,0.00041384196
铜仁,广元,0.00041384196
怀化,广元,0.00041384196
晋中,广元,0.00041384196
新乡,广元,0.00041384196
杭州,广元,0.00041384196
东莞,广元,0.00041384196
宜春,广元,0.00035472168
廊坊,广元,0.00035472168
黔南布依族苗族自治州,广元,0.00035472168
平顶山,广元,0.00035472168
黄石,广元,0.00035472168
邢台,广元,0.00035472168
湘西土家族苗族自治州,广元,0.0002956014
吕梁,广元,0.0002956014
无锡,广元,0.0002956014
六盘水,广元,0.0002956014
武威,广元,0.0002956014
温州,广元,0.0002956014
岳阳,广元,0.0002956014
襄阳,广元,0.0002956014
张掖,广元,0.00023648112
周口,广元,0.00023648112
贵阳,广元,0.00023648112
长治,广元,0.00023648112
苏州,广元,0.00023648112
庆阳,广元,0.00023648112
开封,广元,0.00023648112
荆门,广元,0.00023648112
蚌埠,广元,0.00023648112
黔西南布依族苗族自治州,广元,0.00023648112
曲靖,广元,0.00023648112
许昌,广元,0.00023648112
沧州,广元,0.00017736084
佛山,广元,0.00017736084
珠海,广元,0.00017736084
亳州,广元,0.00017736084
漯河,广元,0.00017736084
昆明,广元,0.00017736084
阜阳,广元,0.00017736084
绍兴,广元,0.00017736084
成都,遂宁,0.16524368388
绵阳,遂宁,0.11300246496
重庆,遂宁,0.09700872984
南充,遂宁,0.07443813168
资阳,遂宁,0.0490275244799999
德阳,遂宁,0.0408811827599999
广安,遂宁,0.02511165888
达州,遂宁,0.01748847672
内江,遂宁,0.01726426548
广元,遂宁,0.0138263598
巴中,遂宁,0.01315372608
眉山,遂宁,0.0105379282799999
宜宾,遂宁,0.00926739792
乐山,遂宁,0.0089684496
自贡,遂宁,0.0082210788
泸州,遂宁,0.00724949676
凉山彝族自治州,遂宁,0.00687581136
雅安,遂宁,0.00396106524
阿坝藏族羌族自治州,遂宁,0.00381159108
攀枝花,遂宁,0.00284000904
遵义,遂宁,0.00284000904
昭通,遂宁,0.001868427
甘孜藏族自治州,遂宁,0.00179368992
毕节,遂宁,0.00127053036
深圳,遂宁,0.00127053036
昆明,遂宁,0.0011210562
西安,遂宁,0.00104631912
恩施土家族苗族自治州,遂宁,0.00097158204
拉萨,遂宁,0.00097158204
上海,遂宁,0.00097158204
汉中,遂宁,0.00089684496
贵阳,遂宁,0.00082210788
陇南,遂宁,0.00082210788
咸阳,遂宁,0.00082210788
佛山,遂宁,0.0007473708
北京,遂宁,0.00067263372
黔南布依族苗族自治州,遂宁,0.00067263372
广州,遂宁,0.00059789664
岳阳,遂宁,0.00059789664
曲靖,遂宁,0.00059789664
大理白族自治州,遂宁,0.00052315956
九江,遂宁,0.00052315956
楚雄彝族自治州,遂宁,0.00052315956
东莞,遂宁,0.00052315956
六盘水,遂宁,0.00052315956
宁波,遂宁,0.00052315956
周口,遂宁,0.00052315956
合肥,遂宁,0.00044842248
红河哈尼族彝族自治州,遂宁,0.00044842248
厦门,遂宁,0.00044842248
十堰,遂宁,0.00044842248
驻马店,遂宁,0.00044842248
宝鸡,遂宁,0.00044842248
湘潭,遂宁,0.00044842248
武汉,遂宁,0.00044842248
定西,遂宁,0.00044842248
临沧,遂宁,0.00044842248
长沙,遂宁,0.00044842248
宜昌,遂宁,0.00044842248
乌鲁木齐,遂宁,0.00044842248
西双版纳傣族自治州,遂宁,0.0003736854
荆州,遂宁,0.0003736854
丽江,遂宁,0.0003736854
常德,遂宁,0.0003736854
三亚,遂宁,0.0003736854
福州,遂宁,0.0003736854
桂林,遂宁,0.0003736854
黄冈,遂宁,0.00029894832
天水,遂宁,0.00029894832
安康,遂宁,0.00029894832
苏州,遂宁,0.00029894832
渭南,遂宁,0.00029894832
安庆,遂宁,0.00029894832
南阳,遂宁,0.00029894832
南昌,遂宁,0.00029894832
黔东南苗族侗族自治州,遂宁,0.00029894832
铜仁,遂宁,0.00029894832
信阳,遂宁,0.00029894832
平顶山,遂宁,0.00022421124
中山,遂宁,0.00022421124
泉州,遂宁,0.00022421124
榆林,遂宁,0.00022421124
白银,遂宁,0.00022421124
杭州,遂宁,0.00022421124
襄阳,遂宁,0.00022421124
荆门,遂宁,0.00022421124
娄底,遂宁,0.00022421124
永州,遂宁,0.00022421124
益阳,遂宁,0.00022421124
江门,遂宁,0.00022421124
上饶,遂宁,0.00022421124
许昌,遂宁,0.00022421124
温州,遂宁,0.00022421124
新乡,遂宁,0.00022421124
烟台,遂宁,0.00022421124
西宁,遂宁,0.00022421124
赣州,遂宁,0.00022421124
阜阳,遂宁,0.00022421124
湛江,遂宁,0.00022421124
林芝,遂宁,0.00014947416
成都,内江,0.18456573168
自贡,内江,0.15308311176
资阳,内江,0.12926817864
重庆,内江,0.0996799284
泸州,内江,0.05241089448
眉山,内江,0.05168922984
宜宾,内江,0.0347301108
南充,内江,0.02155973112
乐山,内江,0.0189436968
绵阳,内江,0.0153353736
遂宁,内江,0.01416266856
德阳,内江,0.01271933928
广安,内江,0.01019351304
达州,内江,0.009020808
巴中,内江,0.00893059992
昭通,内江,0.00730685448
凉山彝族自治州,内江,0.00685581408
广元,内江,0.00613414944
雅安,内江,0.0037887393599999
遵义,内江,0.00297686664
阿坝藏族羌族自治州,内江,0.0027062424
攀枝花,内江,0.0027062424
昆明,内江,0.00198457776
甘孜藏族自治州,内江,0.00198457776
毕节,内江,0.00198457776
深圳,内江,0.00153353736
台州,内江,0.00108249696
西安,内江,0.00099228888
曲靖,内江,0.00099228888
广州,内江,0.0009020808
贵阳,内江,0.0009020808
铜仁,内江,0.00072166464
上海,内江,0.00072166464
安康,内江,0.00063145656
安顺,内江,0.00063145656
恩施土家族苗族自治州,内江,0.00063145656
怀化,内江,0.00063145656
东莞,内江,0.00054124848
大理白族自治州,内江,0.00054124848
六盘水,内江,0.00054124848
陇南,内江,0.00054124848
红河哈尼族彝族自治州,内江,0.00054124848
汉中,内江,0.0004510404
佛山,内江,0.0004510404
苏州,内江,0.0004510404
宝鸡,内江,0.0004510404
玉溪,内江,0.0004510404
黔南布依族苗族自治州,内江,0.0004510404
无锡,内江,0.00036083232
黔东南苗族侗族自治州,内江,0.00036083232
黔西南布依族苗族自治州,内江,0.00036083232
丽江,内江,0.00036083232
九江,内江,0.00036083232
南阳,内江,0.00036083232
渭南,内江,0.00036083232
郑州,内江,0.00036083232
周口,内江,0.00036083232
宁波,内江,0.00036083232
邵阳,内江,0.00036083232
岳阳,内江,0.00027062424
咸阳,内江,0.00027062424
常州,内江,0.00027062424
娄底,内江,0.00027062424
天水,内江,0.00027062424
楚雄彝族自治州,内江,0.00027062424
荆州,内江,0.00027062424
西双版纳傣族自治州,内江,0.00027062424
武汉,内江,0.00027062424
盘锦,内江,0.00027062424
文山壮族苗族自治州,内江,0.00027062424
温州,内江,0.00027062424
河池,内江,0.00027062424
桂林,内江,0.00027062424
黄冈,内江,0.00027062424
益阳,内江,0.00027062424
常德,内江,0.00027062424
南宁,内江,0.00027062424
徐州,内江,0.00027062424
宜昌,内江,0.00018041616
咸宁,内江,0.00018041616
衡阳,内江,0.00018041616
普洱,内江,0.00018041616
南昌,内江,0.00018041616
盐城,内江,0.00018041616
洛阳,内江,0.00018041616
杭州,内江,0.00018041616
北京,内江,0.00018041616
上饶,内江,0.00018041616
福州,内江,0.00018041616
北海,内江,0.00018041616
合肥,内江,0.00018041616
安庆,内江,0.00018041616
临沧,内江,0.00018041616
焦作,内江,0.00018041616
襄阳,内江,0.00018041616
中山,内江,0.00018041616
三门峡,内江,0.00018041616
定西,内江,0.00018041616
三亚,内江,0.00018041616
长沙,内江,0.00018041616
成都,乐山,0.265540437
眉山,乐山,0.1922135346
自贡,乐山,0.0576910188
宜宾,乐山,0.0569721276
凉山彝族自治州,乐山,0.0446611158
雅安,乐山,0.028306341
重庆,乐山,0.0257003603999999
内江,乐山,0.0239929938
绵阳,乐山,0.0205782606
南充,乐山,0.0203985378
德阳,乐山,0.0198593694
泸州,乐山,0.0165344976
资阳,乐山,0.0150967152
遂宁,乐山,0.0106036452
达州,乐山,0.0088064172
巴中,乐山,0.0083571102
广元,乐山,0.0078179418
甘孜藏族自治州,乐山,0.0072787734
广安,乐山,0.0068294664
攀枝花,乐山,0.0050322384
昭通,乐山,0.0043133472
阿坝藏族羌族自治州,乐山,0.0038640402
西安,乐山,0.0016175052
遵义,乐山,0.0016175052
昆明,乐山,0.0012580596
郑州,乐山,0.0012580596
毕节,乐山,0.0010783368
上海,乐山,0.0009884754
北京,乐山,0.0009884754
汉中,乐山,0.000898614
贵阳,乐山,0.0008087526
深圳,乐山,0.0007188912
三亚,乐山,0.0006290298
咸阳,乐山,0.0006290298
大理白族自治州,乐山,0.0006290298
武汉,乐山,0.0005391684
宁波,乐山,0.0005391684
邯郸,乐山,0.000449307
丽江,乐山,0.000449307
桂林,乐山,0.000449307
十堰,乐山,0.0003594456
襄阳,乐山,0.0003594456
黔南布依族苗族自治州,乐山,0.0003594456
陇南,乐山,0.0003594456
洛阳,乐山,0.0003594456
信阳,乐山,0.0003594456
宜昌,乐山,0.0003594456
文山壮族苗族自治州,乐山,0.0003594456
杭州,乐山,0.0003594456
南阳,乐山,0.0003594456
许昌,乐山,0.0003594456
苏州,乐山,0.0003594456
上饶,乐山,0.0003594456
青岛,乐山,0.0003594456
安顺,乐山,0.0003594456
黔东南苗族侗族自治州,乐山,0.0002695842
珠海,乐山,0.0002695842
西双版纳傣族自治州,乐山,0.0002695842
铜仁,乐山,0.0002695842
无锡,乐山,0.0002695842
拉萨,乐山,0.0002695842
徐州,乐山,0.0002695842
开封,乐山,0.0002695842
白银,乐山,0.0002695842
广州,乐山,0.0002695842
南昌,乐山,0.0002695842
合肥,乐山,0.0002695842
荆州,乐山,0.0002695842
六安,乐山,0.0001797228
南宁,乐山,0.0001797228
运城,乐山,0.0001797228
曲靖,乐山,0.0001797228
天津,乐山,0.0001797228
北海,乐山,0.0001797228
宝鸡,乐山,0.0001797228
商丘,乐山,0.0001797228
濮阳,乐山,0.0001797228
岳阳,乐山,0.0001797228
保山,乐山,0.0001797228
三门峡,乐山,0.0001797228
潍坊,乐山,0.0001797228
定西,乐山,0.0001797228
仙桃,乐山,0.0001797228
咸宁,乐山,0.0001797228
红河哈尼族彝族自治州,乐山,0.0001797228
西宁,乐山,0.0001797228
焦作,乐山,0.0001797228
宁德,乐山,0.0001797228
佛山,乐山,0.0001797228
绍兴,乐山,0.0001797228
娄底,乐山,0.0001797228
楚雄彝族自治州,乐山,0.0001797228
保定,乐山,0.0001797228
恩施土家族苗族自治州,乐山,0.0001797228
兰州,乐山,0.0001797228
庆阳,乐山,0.0001797228
福州,乐山,0.0001797228
贵港,乐山,0.0001797228
黄冈,乐山,0.0001797228
黄山,乐山,0.0001797228
成都,南充,0.21885754176
广安,南充,0.153047232
广元,南充,0.11266630848
巴中,南充,0.1036012032
重庆,南充,0.09912751488
绵阳,南充,0.07923137472
达州,南充,0.07817181696
遂宁,南充,0.06604576704
德阳,南充,0.02013159744
内江,南充,0.01683519552
资阳,南充,0.0164820096
眉山,南充,0.01365652224
宜宾,南充,0.01330333632
乐山,南充,0.01141967808
泸州,南充,0.0111842208
自贡,南充,0.01083103488
凉山彝族自治州,南充,0.00788781888
深圳,南充,0.00506233152
雅安,南充,0.00506233152
西安,南充,0.00423823104
攀枝花,南充,0.0041205024
昭通,南充,0.00400277376
遵义,南充,0.00400277376
阿坝藏族羌族自治州,南充,0.00364958784
汉中,南充,0.00329640192
曲靖,南充,0.00306094464
陇南,南充,0.00282548736
昆明,南充,0.00270775872
毕节,南充,0.00259003008
贵阳,南充,0.0023545728
甘孜藏族自治州,南充,0.0023545728
广州,南充,0.00211911552
恩施土家族苗族自治州,南充,0.00200138688
上海,南充,0.00188365824
东莞,南充,0.00188365824
安康,南充,0.00141274368
北京,南充,0.00129501504
铜仁,南充,0.00129501504
惠州,南充,0.00129501504
荆州,南充,0.0011772864
六盘水,南充,0.0011772864
定西,南充,0.00105955776
佛山,南充,0.00105955776
兰州,南充,0.00105955776
泉州,南充,0.00105955776
黔西南布依族苗族自治州,南充,0.00105955776
宝鸡,南充,0.00105955776
无锡,南充,0.00094182912
益阳,南充,0.00094182912
乌鲁木齐,南充,0.00094182912
宁波,南充,0.00094182912
咸阳,南充,0.00094182912
天水,南充,0.00082410048
娄底,南充,0.00082410048
长沙,南充,0.00082410048
福州,南充,0.00082410048
拉萨,南充,0.00082410048
南阳,南充,0.00082410048
黔东南苗族侗族自治州,南充,0.00082410048
黔南布依族苗族自治州,南充,0.00082410048
文山壮族苗族自治州,南充,0.00082410048
苏州,南充,0.00082410048
楚雄彝族自治州,南充,0.00082410048
常德,南充,0.00070637184
岳阳,南充,0.00070637184
襄阳,南充,0.00070637184
驻马店,南充,0.00070637184
安顺,南充,0.00070637184
大理白族自治州,南充,0.00070637184
怀化,南充,0.00070637184
南宁,南充,0.00070637184
荆门,南充,0.00070637184
咸宁,南充,0.0005886432
渭南,南充,0.0005886432
中山,南充,0.0005886432
许昌,南充,0.0005886432
廊坊,南充,0.0005886432
南昌,南充,0.0005886432
武汉,南充,0.0005886432
信阳,南充,0.0005886432
周口,南充,0.0005886432
宜昌,南充,0.0005886432
十堰,南充,0.00047091456
安庆,南充,0.00047091456
红河哈尼族彝族自治州,南充,0.00047091456
湘西土家族苗族自治州,南充,0.00047091456
永州,南充,0.00047091456
杭州,南充,0.00047091456
衡阳,南充,0.00047091456
平顶山,南充,0.00047091456
赣州,南充,0.00047091456
西宁,南充,0.00047091456
南通,南充,0.00047091456
三亚,南充,0.00047091456
九江,南充,0.00047091456
新乡,南充,0.00047091456
运城,南充,0.00047091456
菏泽,南充,0.00047091456
黄冈,南充,0.00047091456
安阳,南充,0.00047091456
成都,眉山,0.5564312042399999
乐山,眉山,0.2228508871199999
内江,眉山,0.0714995748
雅安,眉山,0.04100152608
资阳,眉山,0.03391484256
凉山彝族自治州,眉山,0.0310042404
绵阳,眉山,0.0269547069599999
德阳,眉山,0.0269547069599999
重庆,眉山,0.0265750632
南充,眉山,0.02518303608
宜宾,眉山,0.02442374856
自贡,眉山,0.02353791312
遂宁,眉山,0.0177167087999999
达州,眉山,0.0149326545599999
巴中,眉山,0.0127813399199999
泸州,眉山,0.0120220523999999
广安,眉山,0.0107565732
广元,眉山,0.00987073776
甘孜藏族自治州,眉山,0.00847871064
阿坝藏族羌族自治州,眉山,0.00620084808
攀枝花,眉山,0.00480882096
昭通,眉山,0.0018982187999999
遵义,眉山,0.00164512296
咸阳,眉山,0.00113893128
西安,眉山,0.00113893128
楚雄彝族自治州,眉山,0.00113893128
深圳,眉山,0.00113893128
汉中,眉山,0.00101238336
昆明,眉山,0.00101238336
上海,眉山,0.00088583544
贵阳,眉山,0.00088583544
南阳,眉山,0.00088583544
毕节,眉山,0.0007592875199999
拉萨,眉山,0.0006327396
曲靖,眉山,0.0006327396
丽江,眉山,0.0006327396
安康,眉山,0.0006327396
南宁,眉山,0.0006327396
信阳,眉山,0.0006327396
安庆,眉山,0.00050619168
苏州,眉山,0.00050619168
北京,眉山,0.00050619168
大理白族自治州,眉山,0.00050619168
陇南,眉山,0.00050619168
广州,眉山,0.00050619168
宝鸡,眉山,0.0003796437599999
三亚,眉山,0.0003796437599999
杭州,眉山,0.0003796437599999
黔南布依族苗族自治州,眉山,0.0003796437599999
宜昌,眉山,0.0003796437599999
常德,眉山,0.0003796437599999
武汉,眉山,0.0003796437599999
天津,眉山,0.0003796437599999
南通,眉山,0.0003796437599999
菏泽,眉山,0.0003796437599999
十堰,眉山,0.0003796437599999
天水,眉山,0.0003796437599999
襄阳,眉山,0.0003796437599999
郑州,眉山,0.0003796437599999
铜仁,眉山,0.0003796437599999
徐州,眉山,0.00025309584
河池,眉山,0.00025309584
周口,眉山,0.00025309584
驻马店,眉山,0.00025309584
宿州,眉山,0.00025309584
桂林,眉山,0.00025309584
恩施土家族苗族自治州,眉山,0.00025309584
宜春,眉山,0.00025309584
南昌,眉山,0.00025309584
荆门,眉山,0.00025309584
西双版纳傣族自治州,眉山,0.00025309584
开封,眉山,0.00025309584
东莞,眉山,0.00025309584
新乡,眉山,0.00025309584
庆阳,眉山,0.00025309584
陵水黎族自治县,眉山,0.00025309584
咸宁,眉山,0.00025309584
邯郸,眉山,0.00025309584
定西,眉山,0.00025309584
娄底,眉山,0.00025309584
商洛,眉山,0.00025309584
盐城,眉山,0.00025309584
荆州,眉山,0.00025309584
长沙,眉山,0.00025309584
文山壮族苗族自治州,眉山,0.00025309584
临沂,眉山,0.00025309584
甘南藏族自治州,眉山,0.00025309584
大连,眉山,0.00025309584
太原,眉山,0.00025309584
九江,眉山,0.00025309584
运城,眉山,0.00025309584
泉州,眉山,0.00025309584
扬州,眉山,0.00012654792
银川,眉山,0.00012654792
洛阳,眉山,0.00012654792
濮阳,眉山,0.00012654792
孝感,眉山,0.00012654792
嘉兴,眉山,0.00012654792
六盘水,眉山,0.00012654792
渭南,眉山,0.00012654792
昭通,宜宾,0.1734156864
泸州,宜宾,0.1642676112
自贡,宜宾,0.1433861352
成都,宜宾,0.1254877271999999
乐山,宜宾,0.0552861936
重庆,宜宾,0.0513087696
内江,宜宾,0.0352002024
凉山彝族自治州,宜宾,0.0214780896
南充,宜宾,0.0181967148
眉山,宜宾,0.0166057452
资阳,宜宾,0.0136226772
绵阳,宜宾,0.0135232416
遂宁,宜宾,0.010440738
达州,宜宾,0.0102418668
德阳,宜宾,0.0097446888
巴中,宜宾,0.0086508972
广安,宜宾,0.0082531548
广元,宜宾,0.0063638784
遵义,宜宾,0.0060655716
雅安,宜宾,0.0051706512
毕节,宜宾,0.0051706512
昆明,宜宾,0.0035796815999999
甘孜藏族自治州,宜宾,0.0031819392
曲靖,宜宾,0.0027841968
攀枝花,宜宾,0.00248589
阿坝藏族羌族自治州,宜宾,0.0020881476
贵阳,宜宾,0.0016904052
上海,宜宾,0.0015909696
铜仁,宜宾,0.0015909696
六盘水,宜宾,0.0014915339999999
深圳,宜宾,0.0013920984
嘉兴,宜宾,0.0013920984
福州,宜宾,0.0013920984
中山,宜宾,0.0012926628
西安,宜宾,0.0012926628
宁波,宜宾,0.0011932272
信阳,宜宾,0.0011932272
邵阳,宜宾,0.0011932272
西双版纳傣族自治州,宜宾,0.0010937916
广州,宜宾,0.0010937916
北京,宜宾,0.000994356
杭州,宜宾,0.000994356
安顺,宜宾,0.000994356
黔西南布依族苗族自治州,宜宾,0.000994356
大理白族自治州,宜宾,0.000994356
黔南布依族苗族自治州,宜宾,0.0008949203999999
红河哈尼族彝族自治州,宜宾,0.0007954848
黔东南苗族侗族自治州,宜宾,0.0007954848
北海,宜宾,0.0006960492
佛山,宜宾,0.0006960492
恩施土家族苗族自治州,宜宾,0.0006960492
桂林,宜宾,0.0006960492
文山壮族苗族自治州,宜宾,0.0006960492
陇南,宜宾,0.0005966136
宜昌,宜宾,0.0005966136
娄底,宜宾,0.0005966136
温州,宜宾,0.0005966136
安康,宜宾,0.0005966136
黄冈,宜宾,0.0005966136
南阳,宜宾,0.0005966136
汉中,宜宾,0.0005966136
丽江,宜宾,0.000497178
岳阳,宜宾,0.000497178
楚雄彝族自治州,宜宾,0.000497178
邯郸,宜宾,0.000497178
洛阳,宜宾,0.000497178
长沙,宜宾,0.000497178
台州,宜宾,0.000497178
江门,宜宾,0.000497178
宁德,宜宾,0.000497178
东莞,宜宾,0.000497178
绍兴,宜宾,0.000497178
运城,宜宾,0.000497178
惠州,宜宾,0.000497178
驻马店,宜宾,0.0003977424
南宁,宜宾,0.0003977424
沧州,宜宾,0.0003977424
金华,宜宾,0.0003977424
襄阳,宜宾,0.0003977424
玉溪,宜宾,0.0003977424
武汉,宜宾,0.0003977424
厦门,宜宾,0.0003977424
永州,宜宾,0.0003977424
芜湖,宜宾,0.0003977424
常德,宜宾,0.0003977424
三亚,宜宾,0.0003977424
泉州,宜宾,0.0003977424
河池,宜宾,0.0003977424
九江,宜宾,0.0003977424
百色,宜宾,0.0003977424
周口,宜宾,0.0002983068
郑州,宜宾,0.0002983068
宝鸡,宜宾,0.0002983068
商丘,宜宾,0.0002983068
苏州,宜宾,0.0002983068
十堰,宜宾,0.0002983068
渭南,宜宾,0.0002983068
平顶山,宜宾,0.0002983068
盐城,宜宾,0.0002983068
郴州,宜宾,0.0002983068
重庆,广安,0.28181995632
南充,广安,0.12123404136
达州,广安,0.1041311116799999
成都,广安,0.0609197274
遂宁,广安,0.02111379372
绵阳,广安,0.0130163889599999
巴中,广安,0.0121082688
内江,广安,0.00953526168
资阳,广安,0.0071892845999999
泸州,广安,0.00696225456
德阳,广安,0.0062811644399999
广元,广安,0.0062811644399999
宜宾,广安,0.0060541344
遵义,广安,0.00514601424
自贡,广安,0.0048433075199999
眉山,广安,0.00423789408
乐山,广安,0.00423789408
凉山彝族自治州,广安,0.0032540972399999
贵阳,广安,0.0030270672
昆明,广安,0.0022703004
毕节,广安,0.0022703004
雅安,广安,0.00211894704
深圳,广安,0.001891917
泉州,广安,0.001891917
昭通,广安,0.00174056364
福州,广安,0.0013621802399999
东莞,广安,0.00128650356
黔南布依族苗族自治州,广安,0.00128650356
铜仁,广安,0.00128650356
恩施土家族苗族自治州,广安,0.0012108268799999
攀枝花,广安,0.0012108268799999
黔东南苗族侗族自治州,广安,0.0011351502
南阳,广安,0.00105947352
惠州,广安,0.00105947352
西安,广安,0.00105947352
九江,广安,0.00105947352
荆州,广安,0.00105947352
武汉,广安,0.00098379684
佛山,广安,0.00090812016
曲靖,广安,0.00083244348
安康,广安,0.00083244348
十堰,广安,0.00083244348
安顺,广安,0.00083244348
阿坝藏族羌族自治州,广安,0.00083244348
甘孜藏族自治州,广安,0.00083244348
黔西南布依族苗族自治州,广安,0.00083244348
广州,广安,0.0006810901199999
六盘水,广安,0.0006054134399999
常德,广安,0.0006054134399999
上海,广安,0.0006054134399999
杭州,广安,0.0006054134399999
孝感,广安,0.0006054134399999
济宁,广安,0.0006054134399999
新乡,广安,0.0006054134399999
咸宁,广安,0.00052973676
陇南,广安,0.00052973676
温州,广安,0.00052973676
宝鸡,广安,0.00045406008
汉中,广安,0.00045406008
红河哈尼族彝族自治州,广安,0.00045406008
北京,广安,0.00045406008
宜昌,广安,0.00045406008
郑州,广安,0.00045406008
大理白族自治州,广安,0.00045406008
许昌,广安,0.00045406008
岳阳,广安,0.00045406008
汕尾,广安,0.0003783834
吉安,广安,0.0003783834
石家庄,广安,0.0003783834
安阳,广安,0.0003783834
平顶山,广安,0.0003783834
益阳,广安,0.0003783834
楚雄彝族自治州,广安,0.0003783834
金华,广安,0.0003783834
苏州,广安,0.0003783834
鹰潭,广安,0.0003783834
邯郸,广安,0.0003783834
文山壮族苗族自治州,广安,0.0003783834
三亚,广安,0.0003027067199999
永州,广安,0.0003027067199999
周口,广安,0.0003027067199999
厦门,广安,0.0003027067199999
荆门,广安,0.0003027067199999
天水,广安,0.0003027067199999
临汾,广安,0.0003027067199999
江门,广安,0.0003027067199999
黄冈,广安,0.0003027067199999
桂林,广安,0.0003027067199999
乌鲁木齐,广安,0.0003027067199999
邵阳,广安,0.00022703004
南宁,广安,0.00022703004
驻马店,广安,0.00022703004
三明,广安,0.00022703004
百色,广安,0.00022703004
抚州,广安,0.00022703004
襄阳,广安,0.00022703004
咸阳,广安,0.00022703004
兰州,广安,0.00022703004
长沙,广安,0.00022703004
西双版纳傣族自治州,广安,0.00022703004
重庆,达州,0.21658150656
巴中,达州,0.14711196672
成都,达州,0.11927307024
广安,达州,0.0876882672
南充,达州,0.06836279472
绵阳,达州,0.01166339088
遂宁,达州,0.01064178
安康,达州,0.01030124304
汉中,达州,0.00996070608
广元,达州,0.00715127616
宜宾,达州,0.0070661419199999
内江,达州,0.00689587344
德阳,达州,0.00664047072
泸州,达州,0.00647020224
资阳,达州,0.0050229201599999
自贡,达州,0.00493778592
眉山,达州,0.0048526516799999
乐山,达州,0.0046823832
遵义,达州,0.004256712
东莞,达州,0.0038310408
深圳,达州,0.0034053696
福州,达州,0.00314996688
西安,达州,0.00314996688
恩施土家族苗族自治州,达州,0.00306483264
濮阳,达州,0.0025540272
雅安,达州,0.00229862448
广州,达州,0.00221349024
毕节,达州,0.00221349024
昭通,达州,0.002128356
南阳,达州,0.00204322176
黔南布依族苗族自治州,达州,0.00178781904
凉山彝族自治州,达州,0.0017026848
襄阳,达州,0.00161755056
惠州,达州,0.00144728208
十堰,达州,0.00144728208
泉州,达州,0.0012770136
平顶山,达州,0.0012770136
郑州,达州,0.00110674512
九江,达州,0.00102161088
武汉,达州,0.00102161088
荆州,达州,0.00102161088
宜昌,达州,0.00102161088
昆明,达州,0.00093647664
周口,达州,0.00093647664
邯郸,达州,0.00093647664
佛山,达州,0.00093647664
铜仁,达州,0.00093647664
商丘,达州,0.00093647664
孝感,达州,0.00093647664
洛阳,达州,0.0008513424
渭南,达州,0.0008513424
常德,达州,0.0008513424
驻马店,达州,0.00076620816
信阳,达州,0.00076620816
曲靖,达州,0.00076620816
上海,达州,0.00076620816
宁波,达州,0.00076620816
贵阳,达州,0.00076620816
北京,达州,0.00068107392
邵阳,达州,0.00059593968
苏州,达州,0.00059593968
怀化,达州,0.00059593968
荆门,达州,0.00059593968
鹤壁,达州,0.00059593968
阿坝藏族羌族自治州,达州,0.00059593968
黔东南苗族侗族自治州,达州,0.00059593968
攀枝花,达州,0.00059593968
黄冈,达州,0.00059593968
漯河,达州,0.00059593968
甘孜藏族自治州,达州,0.00051080544
长沙,达州,0.00051080544
莆田,达州,0.00051080544
衡阳,达州,0.00051080544
三亚,达州,0.00051080544
枣庄,达州,0.00051080544
菏泽,达州,0.00051080544
咸阳,达州,0.00051080544
运城,达州,0.00051080544
赣州,达州,0.00051080544
温州,达州,0.00051080544
亳州,达州,0.0004256712
河源,达州,0.0004256712
黔西南布依族苗族自治州,达州,0.0004256712
阜阳,达州,0.0004256712
抚州,达州,0.0004256712
湘西土家族苗族自治州,达州,0.0004256712
岳阳,达州,0.0004256712
汕头,达州,0.0004256712
娄底,达州,0.0004256712
随州,达州,0.0004256712
安顺,达州,0.0004256712
桂林,达州,0.0004256712
郴州,达州,0.00034053696
湖州,达州,0.00034053696
无锡,达州,0.00034053696
黄石,达州,0.00034053696
厦门,达州,0.00034053696
宜春,达州,0.00034053696
宿州,达州,0.00034053696
嘉兴,达州,0.00034053696
成都,雅安,0.17806998204
凉山彝族自治州,雅安,0.06657383844
眉山,雅安,0.03428159436
甘孜藏族自治州,雅安,0.03317125932
乐山,雅安,0.0250288023599999
德阳,雅安,0.01054818288
攀枝花,雅安,0.01036312704
绵阳,雅安,0.0100392793199999
南充,雅安,0.0094841117999999
重庆,雅安,0.00906773616
宜宾,雅安,0.00726344172
内江,雅安,0.0064769543999999
资阳,雅安,0.00592178688
泸州,雅安,0.0048577158
遂宁,雅安,0.00481145184
自贡,雅安,0.00458013204
达州,雅安,0.0043488122399999
巴中,雅安,0.0039787005599999
阿坝藏族羌族自治州,雅安,0.003469797
广安,雅安,0.0032384771999999
广元,雅安,0.0032384771999999
丽江,雅安,0.00245198988
大理白族自治州,雅安,0.0013879187999999
昭通,雅安,0.00097154316
楚雄彝族自治州,雅安,0.00078648732
昆明,雅安,0.0006939593999999
遵义,雅安,0.0004163756399999
徐州,雅安,0.0004163756399999
信阳,雅安,0.0004163756399999
郑州,雅安,0.00037011168
深圳,雅安,0.00032384772
十堰,雅安,0.00032384772
泰州,雅安,0.00032384772
咸阳,雅安,0.00032384772
拉萨,雅安,0.00032384772
南阳,雅安,0.00027758376
汉中,雅安,0.00027758376
洛阳,雅安,0.00027758376
恩施土家族苗族自治州,雅安,0.0002313198
陇南,雅安,0.0002313198
荆州,雅安,0.0002313198
昌都,雅安,0.0002313198
西安,雅安,0.00018505584
曲靖,雅安,0.00018505584
安康,雅安,0.00018505584
三亚,雅安,0.00018505584
宝鸡,雅安,0.00018505584
安顺,雅安,0.00018505584
常德,雅安,0.00018505584
上饶,雅安,0.00018505584
东莞,雅安,0.00018505584
保山,雅安,0.00018505584
运城,雅安,0.00018505584
天水,雅安,0.00018505584
西宁,雅安,0.00018505584
毕节,雅安,0.00013879188
衡阳,雅安,0.00013879188
六盘水,雅安,0.00013879188
文山壮族苗族自治州,雅安,0.00013879188
周口,雅安,0.00013879188
武汉,雅安,0.00013879188
北京,雅安,0.00013879188
天津,雅安,0.00013879188
西双版纳傣族自治州,雅安,0.00013879188
福州,雅安,0.00013879188
渭南,雅安,9.252792e-05
保定,雅安,9.252792e-05
海口,雅安,9.252792e-05
南京,雅安,9.252792e-05
孝感,雅安,9.252792e-05
新乡,雅安,9.252792e-05
连云港,雅安,9.252792e-05
上海,雅安,9.252792e-05
衡水,雅安,9.252792e-05
苏州,雅安,9.252792e-05
绍兴,雅安,9.252792e-05
合肥,雅安,9.252792e-05
长沙,雅安,9.252792e-05
沧州,雅安,9.252792e-05
普洱,雅安,9.252792e-05
仙桃,雅安,9.252792e-05
惠州,雅安,9.252792e-05
安阳,雅安,9.252792e-05
桂林,雅安,9.252792e-05
平凉,雅安,9.252792e-05
泰安,雅安,9.252792e-05
盐城,雅安,9.252792e-05
临沧,雅安,9.252792e-05
烟台,雅安,9.252792e-05
太原,雅安,9.252792e-05
黔南布依族苗族自治州,雅安,4.626396e-05
平顶山,雅安,4.626396e-05
扬州,雅安,4.626396e-05
玉溪,雅安,4.626396e-05
安庆,雅安,4.626396e-05
佛山,雅安,4.626396e-05
常州,雅安,4.626396e-05
宿州,雅安,4.626396e-05
济宁,雅安,4.626396e-05
咸宁,雅安,4.626396e-05
达州,巴中,0.10825230096
成都,巴中,0.0931966430399999
南充,巴中,0.0929845915199999
广元,巴中,0.0575719876799999
重庆,巴中,0.03249689544
绵阳,巴中,0.0156918124799999
汉中,巴中,0.01553277384
广安,巴中,0.00922424112
德阳,巴中,0.00710372592
遂宁,巴中,0.00667962288
西安,巴中,0.00493019784
内江,巴中,0.00461212056
泸州,巴中,0.0044530819199999
宜宾,巴中,0.0044000690399999
眉山,巴中,0.0038169273599999
资阳,巴中,0.00349885008
乐山,巴中,0.0032337856799999
自贡,巴中,0.0024916053599999
宁波,巴中,0.0020675023199999
安康,巴中,0.00174942504
雅安,巴中,0.00174942504
海口,巴中,0.00143134776
昭通,巴中,0.00137833488
上海,巴中,0.0013253219999999
凉山彝族自治州,巴中,0.0013253219999999
深圳,巴中,0.00121929624
遵义,巴中,0.0011662833599999
北京,巴中,0.0010602576
毕节,巴中,0.0009542318399999
咸阳,巴中,0.0009542318399999
阿坝藏族羌族自治州,巴中,0.0009012189599999
平顶山,巴中,0.0009012189599999
宝鸡,巴中,0.0007951931999999
陇南,巴中,0.00074218032
恩施土家族苗族自治州,巴中,0.00074218032
常德,巴中,0.00068916744
十堰,巴中,0.00068916744
襄阳,巴中,0.0006361545599999
渭南,巴中,0.0006361545599999
黔东南苗族侗族自治州,巴中,0.0006361545599999
驻马店,巴中,0.0005831416799999
泉州,巴中,0.0005831416799999
周口,巴中,0.0005831416799999
常州,巴中,0.0005831416799999
昆明,巴中,0.0005301288
天水,巴中,0.0005301288
广州,巴中,0.0005301288
贵阳,巴中,0.0004771159199999
汕头,巴中,0.0004771159199999
黔南布依族苗族自治州,巴中,0.0004771159199999
九江,巴中,0.0004771159199999
南阳,巴中,0.0004771159199999
六盘水,巴中,0.0004771159199999
庆阳,巴中,0.0004241030399999
安顺,巴中,0.0004241030399999
怀化,巴中,0.0004241030399999
攀枝花,巴中,0.00037109016
阜阳,巴中,0.00037109016
宜昌,巴中,0.00037109016
曲靖,巴中,0.00037109016
苏州,巴中,0.00037109016
许昌,巴中,0.00037109016
湘西土家族苗族自治州,巴中,0.00037109016
荆州,巴中,0.0003180772799999
邵阳,巴中,0.0003180772799999
衡阳,巴中,0.0003180772799999
商洛,巴中,0.0003180772799999
长沙,巴中,0.0003180772799999
铜仁,巴中,0.0003180772799999
安阳,巴中,0.0003180772799999
厦门,巴中,0.0003180772799999
抚州,巴中,0.0003180772799999
商丘,巴中,0.0002650644
岳阳,巴中,0.0002650644
黄石,巴中,0.0002650644
福州,巴中,0.0002650644
张家界,巴中,0.0002650644
定西,巴中,0.0002650644
无锡,巴中,0.0002650644
佛山,巴中,0.0002120515199999
温州,巴中,0.0002120515199999
济南,巴中,0.0002120515199999
信阳,巴中,0.0002120515199999
连云港,巴中,0.0002120515199999
合肥,巴中,0.0002120515199999
三门峡,巴中,0.0002120515199999
黔西南布依族苗族自治州,巴中,0.0002120515199999
东莞,巴中,0.0002120515199999
清远,巴中,0.0002120515199999
武汉,巴中,0.0002120515199999
黄冈,巴中,0.0002120515199999
桂林,巴中,0.0002120515199999
运城,巴中,0.0002120515199999
榆林,巴中,0.0002120515199999
临汾,巴中,0.0002120515199999
益阳,巴中,0.0002120515199999
三亚,巴中,0.0002120515199999
新乡,巴中,0.0002120515199999
琼海,巴中,0.0002120515199999
百色,巴中,0.0002120515199999
成都,资阳,0.2650200346799999
内江,资阳,0.13380442164
重庆,资阳,0.08380343268
遂宁,资阳,0.04489733772
眉山,资阳,0.02448273276
德阳,资阳,0.02100633264
南充,资阳,0.01974891132
绵阳,资阳,0.01383163452
自贡,资阳,0.01316594088
宜宾,资阳,0.01250024724
乐山,资阳,0.01102092804
达州,资阳,0.0105771322799999
广安,资阳,0.01028126844
泸州,资阳,0.009245745
巴中,资阳,0.0069528002399999
凉山彝族自治州,资阳,0.0061391746799999
广元,资阳,0.0053995150799999
雅安,资阳,0.00399416184
昭通,资阳,0.0036243320399999
阿坝藏族羌族自治州,资阳,0.0025888086
攀枝花,资阳,0.00214501284
甘孜藏族自治州,资阳,0.00199708092
遵义,资阳,0.00155328516
贵阳,资阳,0.00125742132
毕节,资阳,0.00088759152
曲靖,资阳,0.00081362556
西安,资阳,0.0007396596
铜仁,资阳,0.0007396596
深圳,资阳,0.0007396596
六盘水,资阳,0.0006656936399999
昆明,资阳,0.00059172768
恩施土家族苗族自治州,资阳,0.00051776172
上海,资阳,0.00051776172
嘉兴,资阳,0.00051776172
楚雄彝族自治州,资阳,0.00044379576
广州,资阳,0.00044379576
洛阳,资阳,0.0003698298
黔南布依族苗族自治州,资阳,0.0003698298
陇南,资阳,0.0003698298
东莞,资阳,0.0003698298
红河哈尼族彝族自治州,资阳,0.0003698298
丽江,资阳,0.0003698298
襄阳,资阳,0.0003698298
黔东南苗族侗族自治州,资阳,0.0003698298
北京,资阳,0.00029586384
安顺,资阳,0.00029586384
台州,资阳,0.00029586384
周口,资阳,0.00029586384
合肥,资阳,0.00029586384
十堰,资阳,0.00029586384
佛山,资阳,0.00029586384
黔西南布依族苗族自治州,资阳,0.00029586384
桂林,资阳,0.00029586384
文山壮族苗族自治州,资阳,0.00029586384
驻马店,资阳,0.00029586384
天水,资阳,0.00029586384
平顶山,资阳,0.00029586384
南阳,资阳,0.00022189788
安康,资阳,0.00022189788
岳阳,资阳,0.00022189788
保山,资阳,0.00022189788
百色,资阳,0.00022189788
怀化,资阳,0.00022189788
商丘,资阳,0.00022189788
信阳,资阳,0.00014793192
拉萨,资阳,0.00014793192
宁波,资阳,0.00014793192
阜阳,资阳,0.00014793192
厦门,资阳,0.00014793192
无锡,资阳,0.00014793192
永州,资阳,0.00014793192
宿迁,资阳,0.00014793192
黄冈,资阳,0.00014793192
南宁,资阳,0.00014793192
兰州,资阳,0.00014793192
泉州,资阳,0.00014793192
杭州,资阳,0.00014793192
乌鲁木齐,资阳,0.00014793192
上饶,资阳,0.00014793192
衡阳,资阳,0.00014793192
咸阳,资阳,0.00014793192
荆州,资阳,0.00014793192
汉中,资阳,0.00014793192
湘西土家族苗族自治州,资阳,0.00014793192
沧州,资阳,0.00014793192
儋州,资阳,0.00014793192
温州,资阳,0.00014793192
宜昌,资阳,0.00014793192
黄石,资阳,7.396596e-05
临沧,资阳,7.396596e-05
孝感,资阳,7.396596e-05
常州,资阳,7.396596e-05
荆门,资阳,7.396596e-05
大理白族自治州,资阳,7.396596e-05
赣州,资阳,7.396596e-05
开封,资阳,7.396596e-05
长沙,资阳,7.396596e-05
菏泽,资阳,7.396596e-05
南通,资阳,7.396596e-05
许昌,资阳,7.396596e-05
成都,阿坝藏族羌族自治州,0.15116348952
绵阳,阿坝藏族羌族自治州,0.0186212196
甘孜藏族自治州,阿坝藏族羌族自治州,0.01035645912
德阳,阿坝藏族羌族自治州,0.00936162684
甘南藏族自治州,阿坝藏族羌族自治州,0.0090555246
陇南,阿坝藏族羌族自治州,0.00619857036
眉山,阿坝藏族羌族自治州,0.00415788876
遂宁,阿坝藏族羌族自治州,0.00410687172
南充,阿坝藏族羌族自治州,0.00362220984
资阳,阿坝藏族羌族自治州,0.00316305648
内江,阿坝藏族羌族自治州,0.0030610224
乐山,阿坝藏族羌族自治州,0.00301000536
果洛藏族自治州,阿坝藏族羌族自治州,0.00301000536
重庆,阿坝藏族羌族自治州,0.00272941164
雅安,阿坝藏族羌族自治州,0.00247432644
广元,阿坝藏族羌族自治州,0.0022957668
宜宾,阿坝藏族羌族自治州,0.00158152824
自贡,阿坝藏族羌族自治州,0.0014029686
广安,阿坝藏族羌族自治州,0.0011478834
西安,阿坝藏族羌族自治州,0.0010203408
达州,阿坝藏族羌族自治州,0.00099483228
泸州,阿坝藏族羌族自治州,0.00096932376
巴中,阿坝藏族羌族自治州,0.00091830672
临夏回族自治州,阿坝藏族羌族自治州,0.0008927981999999
凉山彝族自治州,阿坝藏族羌族自治州,0.0007652556
西宁,阿坝藏族羌族自治州,0.00056118744
海南藏族自治州,阿坝藏族羌族自治州,0.00028059372
楚雄彝族自治州,阿坝藏族羌族自治州,0.00028059372
兰州,阿坝藏族羌族自治州,0.0002550852
咸阳,阿坝藏族羌族自治州,0.0002550852
贵阳,阿坝藏族羌族自治州,0.0002550852
张家口,阿坝藏族羌族自治州,0.0002550852
榆林,阿坝藏族羌族自治州,0.0002550852
天水,阿坝藏族羌族自治州,0.00020406816
定西,阿坝藏族羌族自治州,0.00017855964
安康,阿坝藏族羌族自治州,0.00017855964
遵义,阿坝藏族羌族自治州,0.00017855964
昆明,阿坝藏族羌族自治州,0.00017855964
海北藏族自治州,阿坝藏族羌族自治州,0.00017855964
北京,阿坝藏族羌族自治州,0.00015305112
张掖,阿坝藏族羌族自治州,0.00015305112
曲靖,阿坝藏族羌族自治州,0.00015305112
海西蒙古族藏族自治州,阿坝藏族羌族自治州,0.00015305112
宜昌,阿坝藏族羌族自治州,0.0001275426
襄阳,阿坝藏族羌族自治州,0.0001275426
福州,阿坝藏族羌族自治州,0.0001275426
中卫,阿坝藏族羌族自治州,0.0001275426
菏泽,阿坝藏族羌族自治州,7.652556e-05
哈密,阿坝藏族羌族自治州,7.652556e-05
新乡,阿坝藏族羌族自治州,7.652556e-05
晋城,阿坝藏族羌族自治州,7.652556e-05
温州,阿坝藏族羌族自治州,7.652556e-05
海东,阿坝藏族羌族自治州,7.652556e-05
广州,阿坝藏族羌族自治州,7.652556e-05
汉中,阿坝藏族羌族自治州,7.652556e-05
唐山,阿坝藏族羌族自治州,7.652556e-05
南阳,阿坝藏族羌族自治州,7.652556e-05
石嘴山,阿坝藏族羌族自治州,7.652556e-05
晋中,阿坝藏族羌族自治州,7.652556e-05
大理白族自治州,阿坝藏族羌族自治州,5.1017040000000006e-05
济宁,阿坝藏族羌族自治州,5.1017040000000006e-05
桂林,阿坝藏族羌族自治州,5.1017040000000006e-05
南京,阿坝藏族羌族自治州,5.1017040000000006e-05
郑州,阿坝藏族羌族自治州,5.1017040000000006e-05
黔东南苗族侗族自治州,阿坝藏族羌族自治州,5.1017040000000006e-05
黄南藏族自治州,阿坝藏族羌族自治州,5.1017040000000006e-05
周口,阿坝藏族羌族自治州,5.1017040000000006e-05
焦作,阿坝藏族羌族自治州,5.1017040000000006e-05
毕节,阿坝藏族羌族自治州,5.1017040000000006e-05
台州,阿坝藏族羌族自治州,5.1017040000000006e-05
铜仁,阿坝藏族羌族自治州,5.1017040000000006e-05
深圳,阿坝藏族羌族自治州,5.1017040000000006e-05
玉林,阿坝藏族羌族自治州,5.1017040000000006e-05
昭通,阿坝藏族羌族自治州,5.1017040000000006e-05
上海,阿坝藏族羌族自治州,5.1017040000000006e-05
石河子,阿坝藏族羌族自治州,5.1017040000000006e-05
聊城,阿坝藏族羌族自治州,2.5508520000000003e-05
吉林,阿坝藏族羌族自治州,2.5508520000000003e-05
枣庄,阿坝藏族羌族自治州,2.5508520000000003e-05
阿拉善盟,阿坝藏族羌族自治州,2.5508520000000003e-05
宁波,阿坝藏族羌族自治州,2.5508520000000003e-05
宝鸡,阿坝藏族羌族自治州,2.5508520000000003e-05
抚州,阿坝藏族羌族自治州,2.5508520000000003e-05
济南,阿坝藏族羌族自治州,2.5508520000000003e-05
拉萨,阿坝藏族羌族自治州,2.5508520000000003e-05
常德,阿坝藏族羌族自治州,2.5508520000000003e-05
恩施土家族苗族自治州,阿坝藏族羌族自治州,2.5508520000000003e-05
随州,阿坝藏族羌族自治州,2.5508520000000003e-05
黔南布依族苗族自治州,阿坝藏族羌族自治州,2.5508520000000003e-05
开封,阿坝藏族羌族自治州,2.5508520000000003e-05
沈阳,阿坝藏族羌族自治州,2.5508520000000003e-05
安庆,阿坝藏族羌族自治州,2.5508520000000003e-05
吕梁,阿坝藏族羌族自治州,2.5508520000000003e-05
沧州,阿坝藏族羌族自治州,2.5508520000000003e-05
锦州,阿坝藏族羌族自治州,2.5508520000000003e-05
泰州,阿坝藏族羌族自治州,2.5508520000000003e-05
连云港,阿坝藏族羌族自治州,2.5508520000000003e-05
张家界,阿坝藏族羌族自治州,2.5508520000000003e-05
临沂,阿坝藏族羌族自治州,2.5508520000000003e-05
金昌,阿坝藏族羌族自治州,2.5508520000000003e-05
成都,甘孜藏族自治州,0.060587919
雅安,甘孜藏族自治州,0.0268410995999999
凉山彝族自治州,甘孜藏族自治州,0.0130482738
阿坝藏族羌族自治州,甘孜藏族自治州,0.0089718516
昌都,甘孜藏族自治州,0.008841555
乐山,甘孜藏族自治州,0.0068684921999999
眉山,甘孜藏族自治州,0.0063659196
迪庆藏族自治州,甘孜藏族自治州,0.0049140432
重庆,甘孜藏族自治州,0.0048768156
德阳,甘孜藏族自治州,0.0046906776
绵阳,甘孜藏族自治州,0.0036110772
南充,甘孜藏族自治州,0.0032946426
遂宁,甘孜藏族自治州,0.0030340493999999
果洛藏族自治州,甘孜藏族自治州,0.002978208
内江,甘孜藏族自治州,0.0027362285999999
玉树藏族自治州,甘孜藏族自治州,0.002512863
自贡,甘孜藏族自治州,0.0021033593999999
资阳,甘孜藏族自治州,0.0019730628
宜宾,甘孜藏族自治州,0.0015449454
泸州,甘孜藏族自治州,0.0012843522
广元,甘孜藏族自治州,0.0010982142
达州,甘孜藏族自治州,0.0010982142
襄阳,甘孜藏族自治州,0.0007631658
广安,甘孜藏族自治州,0.000744552
巴中,甘孜藏族自治州,0.0006700968
恩施土家族苗族自治州,甘孜藏族自治州,0.0006328692
丽江,甘孜藏族自治州,0.0004095036
陇南,甘孜藏族自治州,0.0004095036
攀枝花,甘孜藏族自治州,0.0004095036
遵义,甘孜藏族自治州,0.0003536622
汉中,甘孜藏族自治州,0.000279207
周口,甘孜藏族自治州,0.0002233656
毕节,甘孜藏族自治州,0.0002233656
十堰,甘孜藏族自治州,0.0002233656
楚雄彝族自治州,甘孜藏族自治州,0.0002233656
昭通,甘孜藏族自治州,0.0002233656
渭南,甘孜藏族自治州,0.000186138
大理白族自治州,甘孜藏族自治州,0.000186138
邵阳,甘孜藏族自治州,0.000186138
怀化,甘孜藏族自治州,0.000186138
临汾,甘孜藏族自治州,0.0001489104
娄底,甘孜藏族自治州,0.0001489104
洛阳,甘孜藏族自治州,0.0001489104
常德,甘孜藏族自治州,0.0001489104
宜昌,甘孜藏族自治州,0.0001116828
长沙,甘孜藏族自治州,0.0001116828
驻马店,甘孜藏族自治州,0.0001116828
拉萨,甘孜藏族自治州,0.0001116828
仙桃,甘孜藏族自治州,0.0001116828
太原,甘孜藏族自治州,0.0001116828
上饶,甘孜藏族自治州,9.3069e-05
贵阳,甘孜藏族自治州,9.3069e-05
平顶山,甘孜藏族自治州,9.3069e-05
福州,甘孜藏族自治州,9.3069e-05
黔东南苗族侗族自治州,甘孜藏族自治州,9.3069e-05
湘西土家族苗族自治州,甘孜藏族自治州,9.3069e-05
西安,甘孜藏族自治州,9.3069e-05
宜春,甘孜藏族自治州,9.3069e-05
随州,甘孜藏族自治州,9.3069e-05
曲靖,甘孜藏族自治州,9.3069e-05
郑州,甘孜藏族自治州,9.3069e-05
株洲,甘孜藏族自治州,9.3069e-05
菏泽,甘孜藏族自治州,9.3069e-05
抚州,甘孜藏族自治州,5.58414e-05
泉州,甘孜藏族自治州,5.58414e-05
安康,甘孜藏族自治州,5.58414e-05
上海,甘孜藏族自治州,5.58414e-05
南阳,甘孜藏族自治州,5.58414e-05
玉林,甘孜藏族自治州,5.58414e-05
杭州,甘孜藏族自治州,5.58414e-05
新乡,甘孜藏族自治州,5.58414e-05
林芝,甘孜藏族自治州,5.58414e-05
宝鸡,甘孜藏族自治州,5.58414e-05
桂林,甘孜藏族自治州,5.58414e-05
商丘,甘孜藏族自治州,5.58414e-05
济南,甘孜藏族自治州,5.58414e-05
宿州,甘孜藏族自治州,5.58414e-05
沧州,甘孜藏族自治州,5.58414e-05
佛山,甘孜藏族自治州,5.58414e-05
庆阳,甘孜藏族自治州,5.58414e-05
西宁,甘孜藏族自治州,5.58414e-05
海西蒙古族藏族自治州,甘孜藏族自治州,5.58414e-05
东莞,甘孜藏族自治州,5.58414e-05
商洛,甘孜藏族自治州,5.58414e-05
鹰潭,甘孜藏族自治州,5.58414e-05
张家界,甘孜藏族自治州,5.58414e-05
温州,甘孜藏族自治州,5.58414e-05
广州,甘孜藏族自治州,5.58414e-05
吕梁,甘孜藏族自治州,1.86138e-05
淮北,甘孜藏族自治州,1.86138e-05
常州,甘孜藏族自治州,1.86138e-05
怒江傈僳族自治州,甘孜藏族自治州,1.86138e-05
百色,甘孜藏族自治州,1.86138e-05
湖州,甘孜藏族自治州,1.86138e-05
柳州,甘孜藏族自治州,1.86138e-05
黄石,甘孜藏族自治州,1.86138e-05
三亚,甘孜藏族自治州,1.86138e-05
深圳,甘孜藏族自治州,1.86138e-05
阜阳,甘孜藏族自治州,1.86138e-05
运城,甘孜藏族自治州,1.86138e-05
成都,凉山彝族自治州,0.116316324
攀枝花,凉山彝族自治州,0.1155255048
昭通,凉山彝族自治州,0.1153278
乐山,凉山彝族自治州,0.0320940792
雅安,凉山彝族自治州,0.0287989992
丽江,凉山彝族自治州,0.0231973632
昆明,凉山彝族自治州,0.0228019536
眉山,凉山彝族自治州,0.02141802
宜宾,凉山彝族自治州,0.0181888416
重庆,凉山彝族自治州,0.0160140888
甘孜藏族自治州,凉山彝族自治州,0.0137734344
南充,凉山彝族自治州,0.0114009768
绵阳,凉山彝族自治州,0.0110714688
德阳,凉山彝族自治州,0.0094239288
内江,凉山彝族自治州,0.0093580272
遂宁,凉山彝族自治州,0.0084354048
资阳,凉山彝族自治州,0.0082377
广安,凉山彝族自治州,0.0066560616
自贡,凉山彝族自治州,0.005931144
泸州,凉山彝族自治州,0.0058652424
楚雄彝族自治州,凉山彝族自治州,0.0044813088
曲靖,凉山彝族自治州,0.0042177024
大理白族自治州,凉山彝族自治州,0.0038222928
达州,凉山彝族自治州,0.0035586864
巴中,凉山彝族自治州,0.0034927848
广元,凉山彝族自治州,0.0019111464
阿坝藏族羌族自治州,凉山彝族自治州,0.0015816384
深圳,凉山彝族自治州,0.0013839336
玉溪,凉山彝族自治州,0.0010544256
毕节,凉山彝族自治州,0.0010544256
遵义,凉山彝族自治州,0.0009226224
东莞,凉山彝族自治州,0.0009226224
红河哈尼族彝族自治州,凉山彝族自治州,0.0008567208
西安,凉山彝族自治州,0.000659016
文山壮族苗族自治州,凉山彝族自治州,0.0005931144
北京,凉山彝族自治州,0.0005272128
咸阳,凉山彝族自治州,0.0005272128
普洱,凉山彝族自治州,0.0004613112
福州,凉山彝族自治州,0.0004613112
汉中,凉山彝族自治州,0.0004613112
上海,凉山彝族自治州,0.0004613112
惠州,凉山彝族自治州,0.0004613112
天津,凉山彝族自治州,0.0003954096
孝感,凉山彝族自治州,0.0003954096
迪庆藏族自治州,凉山彝族自治州,0.0003954096
南昌,凉山彝族自治州,0.0003954096
南阳,凉山彝族自治州,0.0003954096
杭州,凉山彝族自治州,0.000329508
厦门,凉山彝族自治州,0.000329508
西双版纳傣族自治州,凉山彝族自治州,0.000329508
武汉,凉山彝族自治州,0.000329508
黔西南布依族苗族自治州,凉山彝族自治州,0.0002636064
黔南布依族苗族自治州,凉山彝族自治州,0.0002636064
周口,凉山彝族自治州,0.0002636064
郑州,凉山彝族自治州,0.0002636064
九江,凉山彝族自治州,0.0002636064
邵阳,凉山彝族自治州,0.0002636064
安康,凉山彝族自治州,0.0002636064
娄底,凉山彝族自治州,0.0002636064
海口,凉山彝族自治州,0.0002636064
陇南,凉山彝族自治州,0.0002636064
宜昌,凉山彝族自治州,0.0002636064
宁波,凉山彝族自治州,0.0002636064
六盘水,凉山彝族自治州,0.0001977048
济南,凉山彝族自治州,0.0001977048
太原,凉山彝族自治州,0.0001977048
徐州,凉山彝族自治州,0.0001977048
桂林,凉山彝族自治州,0.0001977048
渭南,凉山彝族自治州,0.0001977048
保山,凉山彝族自治州,0.0001977048
安顺,凉山彝族自治州,0.0001977048
临沧,凉山彝族自治州,0.0001977048
合肥,凉山彝族自治州,0.0001977048
驻马店,凉山彝族自治州,0.0001977048
绍兴,凉山彝族自治州,0.0001977048
南京,凉山彝族自治州,0.0001977048
洛阳,凉山彝族自治州,0.0001318032
定西,凉山彝族自治州,0.0001318032
河池,凉山彝族自治州,0.0001318032
平顶山,凉山彝族自治州,0.0001318032
广州,凉山彝族自治州,0.0001318032
常德,凉山彝族自治州,0.0001318032
恩施土家族苗族自治州,凉山彝族自治州,0.0001318032
拉萨,凉山彝族自治州,0.0001318032
亳州,凉山彝族自治州,0.0001318032
抚州,凉山彝族自治州,0.0001318032
安庆,凉山彝族自治州,0.0001318032
荆州,凉山彝族自治州,0.0001318032
商丘,凉山彝族自治州,0.0001318032
兰州,凉山彝族自治州,0.0001318032
新余,凉山彝族自治州,0.0001318032
苏州,凉山彝族自治州,0.0001318032
盐城,凉山彝族自治州,0.0001318032
烟台,凉山彝族自治州,0.0001318032
十堰,凉山彝族自治州,0.0001318032
邯郸,凉山彝族自治州,0.0001318032
保定,凉山彝族自治州,0.0001318032
铜仁,凉山彝族自治州,0.0001318032
嘉兴,凉山彝族自治州,0.0001318032
咸宁,凉山彝族自治州,0.0001318032
毕节,贵阳,1.323362367
遵义,贵阳,0.91789505208
黔南布依族苗族自治州,贵阳,0.6368510854799999
铜仁,贵阳,0.4665875562
安顺,贵阳,0.45458179452
黔东南苗族侗族自治州,贵阳,0.35908141752
六盘水,贵阳,0.29686974336
黔西南布依族苗族自治州,贵阳,0.21173797872
重庆,贵阳,0.10805185512
邵阳,贵阳,0.0327429864
昭通,贵阳,0.03165155352
广安,贵阳,0.02837725488
泸州,贵阳,0.02564867268
成都,贵阳,0.0245572398
南充,贵阳,0.01800864252
娄底,贵阳,0.01746292608
昆明,贵阳,0.01473434388
曲靖,贵阳,0.0130971945599999
资阳,贵阳,0.01146004524
内江,贵阳,0.0109143288
宜宾,贵阳,0.00982289592
怀化,贵阳,0.00982289592
达州,贵阳,0.00927717948
常德,贵阳,0.00873146304
长沙,贵阳,0.00873146304
衡阳,贵阳,0.0081857466
自贡,贵阳,0.00709431372
广州,贵阳,0.00709431372
南昌,贵阳,0.0065485972799999
宜春,贵阳,0.0054571644
荆州,贵阳,0.0054571644
深圳,贵阳,0.0054571644
大理白族自治州,贵阳,0.00491144796
泉州,贵阳,0.00491144796
福州,贵阳,0.00491144796
岳阳,贵阳,0.00491144796
绵阳,贵阳,0.00491144796
桂林,贵阳,0.00491144796
河池,贵阳,0.00436573152
益阳,贵阳,0.00436573152
北海,贵阳,0.00436573152
上海,贵阳,0.00436573152
遂宁,贵阳,0.00436573152
株洲,贵阳,0.00436573152
温州,贵阳,0.00382001508
南阳,贵阳,0.00382001508
三亚,贵阳,0.00382001508
巴中,贵阳,0.00382001508
永州,贵阳,0.00382001508
上饶,贵阳,0.00382001508
北京,贵阳,0.00382001508
乐山,贵阳,0.00382001508
武汉,贵阳,0.00382001508
西安,贵阳,0.00382001508
百色,贵阳,0.0032742986399999
赣州,贵阳,0.0032742986399999
广元,贵阳,0.0032742986399999
孝感,贵阳,0.0032742986399999
九江,贵阳,0.0032742986399999
德阳,贵阳,0.0032742986399999
南宁,贵阳,0.0032742986399999
杭州,贵阳,0.0032742986399999
宁波,贵阳,0.0032742986399999
襄阳,贵阳,0.0032742986399999
湘西土家族苗族自治州,贵阳,0.0032742986399999
红河哈尼族彝族自治州,贵阳,0.0032742986399999
眉山,贵阳,0.0027285822
抚州,贵阳,0.0027285822
黄冈,贵阳,0.0027285822
玉林,贵阳,0.0027285822
湛江,贵阳,0.0027285822
徐州,贵阳,0.0027285822
郑州,贵阳,0.0027285822
宜昌,贵阳,0.0027285822
柳州,贵阳,0.0027285822
贵港,贵阳,0.00218286576
吉安,贵阳,0.00218286576
驻马店,贵阳,0.00218286576
东莞,贵阳,0.00218286576
信阳,贵阳,0.00218286576
湘潭,贵阳,0.00218286576
莆田,贵阳,0.00218286576
咸宁,贵阳,0.00218286576
商丘,贵阳,0.00218286576
周口,贵阳,0.00218286576
安庆,贵阳,0.00218286576
汉中,贵阳,0.00218286576
郴州,贵阳,0.00218286576
恩施土家族苗族自治州,贵阳,0.0016371493199999
台州,贵阳,0.0016371493199999
菏泽,贵阳,0.0016371493199999
楚雄彝族自治州,贵阳,0.0016371493199999
玉溪,贵阳,0.0016371493199999
丽江,贵阳,0.0016371493199999
金华,贵阳,0.0016371493199999
海口,贵阳,0.0016371493199999
邯郸,贵阳,0.0016371493199999
荆门,贵阳,0.0016371493199999
安康,贵阳,0.0016371493199999
凉山彝族自治州,贵阳,0.0016371493199999
毕节,六盘水,0.34361506368
安顺,六盘水,0.10586860704
贵阳,六盘水,0.08810173008
黔西南布依族苗族自治州,六盘水,0.08544585672
曲靖,六盘水,0.0728075628
遵义,六盘水,0.03150415296
昆明,六盘水,0.01914060456
黔南布依族苗族自治州,六盘水,0.01675947672
重庆,六盘水,0.01611840384
黔东南苗族侗族自治州,六盘水,0.01474467624
铜仁,六盘水,0.01272987576
昭通,六盘水,0.0105319115999999
邵阳,六盘水,0.00613598328
泸州,六盘水,0.00476225568
娄底,六盘水,0.00348010992
红河哈尼族彝族自治州,六盘水,0.00283903704
广安,六盘水,0.00283903704
广州,六盘水,0.00265587336
大理白族自治州,六盘水,0.00247270968
成都,六盘水,0.00238112784
资阳,六盘水,0.002289546
宜宾,六盘水,0.0018316368
内江,六盘水,0.0018316368
衡阳,六盘水,0.00155689128
文山壮族苗族自治州,六盘水,0.0013737276
玉溪,六盘水,0.00128214576
常德,六盘水,0.00128214576
南充,六盘水,0.00128214576
温州,六盘水,0.00119056392
怀化,六盘水,0.00119056392
达州,六盘水,0.00109898208
自贡,六盘水,0.00100740024
福州,六盘水,0.00100740024
长沙,六盘水,0.0009158184
荆州,六盘水,0.0009158184
湘西土家族苗族自治州,六盘水,0.0009158184
湘潭,六盘水,0.00082423656
绵阳,六盘水,0.00082423656
永州,六盘水,0.00082423656
攀枝花,六盘水,0.00082423656
百色,六盘水,0.00082423656
北海,六盘水,0.00082423656
南宁,六盘水,0.00073265472
楚雄彝族自治州,六盘水,0.00073265472
桂林,六盘水,0.00073265472
深圳,六盘水,0.00073265472
益阳,六盘水,0.00073265472
金华,六盘水,0.00073265472
泉州,六盘水,0.00073265472
周口,六盘水,0.00064107288
遂宁,六盘水,0.00064107288
安康,六盘水,0.00064107288
九江,六盘水,0.00064107288
巴中,六盘水,0.00064107288
南阳,六盘水,0.00064107288
株洲,六盘水,0.00064107288
东莞,六盘水,0.00054949104
河池,六盘水,0.00054949104
南昌,六盘水,0.00054949104
绍兴,六盘水,0.00054949104
眉山,六盘水,0.00054949104
玉林,六盘水,0.00054949104
宁波,六盘水,0.00054949104
乐山,六盘水,0.00054949104
宜春,六盘水,0.00054949104
孝感,六盘水,0.0004579092
莆田,六盘水,0.0004579092
杭州,六盘水,0.0004579092
德阳,六盘水,0.0004579092
岳阳,六盘水,0.0004579092
茂名,六盘水,0.0004579092
襄阳,六盘水,0.0004579092
台州,六盘水,0.00036632736
郴州,六盘水,0.00036632736
吉安,六盘水,0.00036632736
普洱,六盘水,0.00036632736
保山,六盘水,0.00036632736
洛阳,六盘水,0.00036632736
上饶,六盘水,0.00036632736
惠州,六盘水,0.00036632736
凉山彝族自治州,六盘水,0.00036632736
临沧,六盘水,0.00036632736
上海,六盘水,0.00027474552
柳州,六盘水,0.00027474552
西双版纳傣族自治州,六盘水,0.00027474552
佛山,六盘水,0.00027474552
嘉兴,六盘水,0.00027474552
驻马店,六盘水,0.00027474552
贺州,六盘水,0.00027474552
钦州,六盘水,0.00027474552
南京,六盘水,0.00027474552
南通,六盘水,0.00027474552
珠海,六盘水,0.00027474552
武汉,六盘水,0.00027474552
阜阳,六盘水,0.00027474552
丽江,六盘水,0.00027474552
宜昌,六盘水,0.00027474552
恩施土家族苗族自治州,六盘水,0.00027474552
安庆,六盘水,0.00027474552
宁德,六盘水,0.00018316368
贵阳,遵义,0.2202291504
毕节,遵义,0.21859231212
泸州,遵义,0.2172530808
重庆,遵义,0.19523016576
铜仁,遵义,0.15862450968
黔南布依族苗族自治州,遵义,0.08080028964
黔东南苗族侗族自治州,遵义,0.05520609108
安顺,遵义,0.03020710644
六盘水,遵义,0.02559419856
黔西南布依族苗族自治州,遵义,0.02559419856
成都,遵义,0.01279709928
邵阳,遵义,0.00982102968
广安,遵义,0.00952342272
南充,遵义,0.00952342272
宜宾,遵义,0.00773778096
达州,遵义,0.00729137052
昭通,遵义,0.00684496008
自贡,遵义,0.00624974616
内江,遵义,0.00580333572
衡阳,遵义,0.00461290788
资阳,遵义,0.00431530092
娄底,遵义,0.00431530092
昆明,遵义,0.00386889048
怀化,遵义,0.00386889048
曲靖,遵义,0.003720087
遂宁,遵义,0.00342248004
绵阳,遵义,0.00312487308
广州,遵义,0.00312487308
巴中,遵义,0.00312487308
常德,遵义,0.0029760696
乐山,遵义,0.00282726612
泉州,遵义,0.00282726612
温州,遵义,0.00267846264
南昌,遵义,0.00238085568
湘西土家族苗族自治州,遵义,0.0022320522
桂林,遵义,0.0022320522
深圳,遵义,0.0022320522
岳阳,遵义,0.00208324872
长沙,遵义,0.00208324872
广元,遵义,0.00208324872
南阳,遵义,0.00208324872
永州,遵义,0.00193444524
东莞,遵义,0.00193444524
德阳,遵义,0.00193444524
九江,遵义,0.00193444524
眉山,遵义,0.00193444524
益阳,遵义,0.00193444524
上海,遵义,0.00193444524
宁波,遵义,0.00163683828
恩施土家族苗族自治州,遵义,0.00163683828
厦门,遵义,0.00163683828
荆州,遵义,0.00163683828
南宁,遵义,0.00163683828
福州,遵义,0.00163683828
杭州,遵义,0.0014880348
宜春,遵义,0.0014880348
北海,遵义,0.0014880348
抚州,遵义,0.0014880348
百色,遵义,0.0014880348
玉林,遵义,0.00133923132
西安,遵义,0.00133923132
赣州,遵义,0.00119042784
上饶,遵义,0.00119042784
贵港,遵义,0.00119042784
孝感,遵义,0.00119042784
菏泽,遵义,0.00119042784
台州,遵义,0.00119042784
郑州,遵义,0.00119042784
红河哈尼族彝族自治州,遵义,0.00119042784
河池,遵义,0.00104162436
安康,遵义,0.00104162436
襄阳,遵义,0.00104162436
平顶山,遵义,0.00104162436
金华,遵义,0.00104162436
大理白族自治州,遵义,0.00089282088
张家界,遵义,0.00089282088
宜昌,遵义,0.00089282088
武汉,遵义,0.00089282088
周口,遵义,0.00089282088
文山壮族苗族自治州,遵义,0.00089282088
株洲,遵义,0.00089282088
十堰,遵义,0.00089282088
佛山,遵义,0.00089282088
凉山彝族自治州,遵义,0.00089282088
三亚,遵义,0.00089282088
北京,遵义,0.00089282088
咸宁,遵义,0.00089282088
柳州,遵义,0.00089282088
惠州,遵义,0.00089282088
萍乡,遵义,0.0007440174
黄冈,遵义,0.0007440174
荆门,遵义,0.0007440174
郴州,遵义,0.0007440174
安庆,遵义,0.0007440174
驻马店,遵义,0.0007440174
苏州,遵义,0.0007440174
许昌,遵义,0.0007440174
信阳,遵义,0.0007440174
阜阳,遵义,0.00059521392
湘潭,遵义,0.00059521392
贵阳,安顺,0.24200023968
毕节,安顺,0.17667153648
六盘水,安顺,0.11437257024
黔南布依族苗族自治州,安顺,0.09193358088
黔西南布依族苗族自治州,安顺,0.08909320248
遵义,安顺,0.0487598292
黔东南苗族侗族自治州,安顺,0.02537404704
铜仁,安顺,0.02196559296
重庆,安顺,0.01344445776
邵阳,安顺,0.00729030456
昆明,安顺,0.00530203968
曲靖,安顺,0.004733964
昭通,安顺,0.0044499261599999
广安,安顺,0.0037871712
娄底,安顺,0.0034084540799999
泸州,安顺,0.0033137748
广州,安顺,0.0028403784
成都,安顺,0.00246166128
衡阳,安顺,0.00198826488
自贡,安顺,0.0018935856
大理白族自治州,安顺,0.0018935856
桂林,安顺,0.0017042270399999
怀化,安顺,0.0017042270399999
金华,安顺,0.00160954776
红河哈尼族彝族自治州,安顺,0.00151486848
宜昌,安顺,0.0014201892
宜宾,安顺,0.0014201892
文山壮族苗族自治州,安顺,0.0014201892
南充,安顺,0.00132550992
百色,安顺,0.00132550992
资阳,安顺,0.00132550992
温州,安顺,0.00123083064
长沙,安顺,0.00123083064
常德,安顺,0.00123083064
内江,安顺,0.00123083064
荆州,安顺,0.00113615136
宜春,安顺,0.00104147208
深圳,安顺,0.00104147208
益阳,安顺,0.0009467928
北海,安顺,0.0009467928
遂宁,安顺,0.0009467928
泉州,安顺,0.0008521135199999
河池,安顺,0.0008521135199999
惠州,安顺,0.00075743424
福州,安顺,0.00075743424
楚雄彝族自治州,安顺,0.00075743424
绵阳,安顺,0.00075743424
乐山,安顺,0.00075743424
达州,安顺,0.00075743424
岳阳,安顺,0.00075743424
宁波,安顺,0.00075743424
南阳,安顺,0.00066275496
萍乡,安顺,0.00066275496
孝感,安顺,0.00066275496
杭州,安顺,0.00066275496
郴州,安顺,0.00066275496
永州,安顺,0.00066275496
株洲,安顺,0.00066275496
抚州,安顺,0.00066275496
安庆,安顺,0.00056807568
郑州,安顺,0.00056807568
荆门,安顺,0.00056807568
上饶,安顺,0.00056807568
周口,安顺,0.00056807568
武汉,安顺,0.00056807568
恩施土家族苗族自治州,安顺,0.00056807568
上海,安顺,0.0004733964
南昌,安顺,0.0004733964
德阳,安顺,0.0004733964
亳州,安顺,0.0004733964
台州,安顺,0.0004733964
柳州,安顺,0.0004733964
东莞,安顺,0.0004733964
咸宁,安顺,0.0004733964
湘潭,安顺,0.0004733964
张家界,安顺,0.0004733964
湘西土家族苗族自治州,安顺,0.0004733964
鹰潭,安顺,0.0004733964
南通,安顺,0.0004733964
南宁,安顺,0.00037871712
巴中,安顺,0.00037871712
赣州,安顺,0.00037871712
吉安,安顺,0.00037871712
驻马店,安顺,0.00037871712
黄石,安顺,0.00037871712
绍兴,安顺,0.00037871712
西双版纳傣族自治州,安顺,0.00037871712
北京,安顺,0.00037871712
苏州,安顺,0.00037871712
西安,安顺,0.00037871712
莆田,安顺,0.00037871712
湛江,安顺,0.00028403784
玉林,安顺,0.00028403784
凉山彝族自治州,安顺,0.00028403784
玉溪,安顺,0.00028403784
安康,安顺,0.00028403784
仙桃,安顺,0.00028403784
眉山,安顺,0.00028403784
丽江,安顺,0.00028403784
信阳,安顺,0.00028403784
贵阳,毕节地区,0.3462522681599999
六盘水,毕节地区,0.21265198272
遵义,毕节地区,0.18173139264
昭通,毕节地区,0.1391426553599999
安顺,毕节地区,0.10676354688
曲靖,毕节地区,0.0590699951999999
黔南布依族苗族自治州,毕节地区,0.04550577408
泸州,毕节地区,0.04113021888
黔东南苗族侗族自治州,毕节地区,0.03412933056
铜仁,毕节地区,0.03033718272
重庆,毕节地区,0.029170368
黔西南布依族苗族自治州,毕节地区,0.02814940512
昆明,毕节地区,0.01473103584
邵阳,毕节地区,0.01341836928
娄底,毕节地区,0.0074384438399999
成都,毕节地区,0.0062716291199999
宜宾,毕节地区,0.00597992544
广安,毕节地区,0.00452140704
南充,毕节地区,0.00422970336
温州,毕节地区,0.003646296
自贡,毕节地区,0.003646296
宁波,毕节地区,0.00335459232
内江,毕节地区,0.00320874048
泉州,毕节地区,0.00306288864
广州,毕节地区,0.0029170368
衡阳,毕节地区,0.00277118496
金华,毕节地区,0.0026253331199999
深圳,毕节地区,0.0026253331199999
红河哈尼族彝族自治州,毕节地区,0.00247948128
怀化,毕节地区,0.00247948128
达州,毕节地区,0.0021877776
资阳,毕节地区,0.0021877776
玉溪,毕节地区,0.00204192576
文山壮族苗族自治州,毕节地区,0.00189607392
宜昌,毕节地区,0.00189607392
长沙,毕节地区,0.00175022208
常德,毕节地区,0.00175022208
巴中,毕节地区,0.00175022208
乐山,毕节地区,0.00175022208
湘西土家族苗族自治州,毕节地区,0.00175022208
楚雄彝族自治州,毕节地区,0.00160437024
大理白族自治州,毕节地区,0.00160437024
南阳,毕节地区,0.00160437024
宜春,毕节地区,0.00160437024
益阳,毕节地区,0.00160437024
绵阳,毕节地区,0.0014585184
桂林,毕节地区,0.0013126665599999
安康,毕节地区,0.0013126665599999
河池,毕节地区,0.0013126665599999
湘潭,毕节地区,0.0013126665599999
安庆,毕节地区,0.0013126665599999
福州,毕节地区,0.0013126665599999
东莞,毕节地区,0.0013126665599999
荆州,毕节地区,0.00116681472
岳阳,毕节地区,0.00116681472
德阳,毕节地区,0.00116681472
遂宁,毕节地区,0.00116681472
眉山,毕节地区,0.00116681472
百色,毕节地区,0.00102096288
杭州,毕节地区,0.00102096288
凉山彝族自治州,毕节地区,0.00102096288
贵港,毕节地区,0.00102096288
南宁,毕节地区,0.00102096288
厦门,毕节地区,0.00102096288
嘉兴,毕节地区,0.00102096288
九江,毕节地区,0.00102096288
上海,毕节地区,0.00087511104
永州,毕节地区,0.00087511104
张家界,毕节地区,0.00087511104
吉安,毕节地区,0.00087511104
恩施土家族苗族自治州,毕节地区,0.00087511104
泰安,毕节地区,0.00087511104
武汉,毕节地区,0.0007292592
绍兴,毕节地区,0.0007292592
玉林,毕节地区,0.0007292592
上饶,毕节地区,0.0007292592
黄冈,毕节地区,0.0007292592
孝感,毕节地区,0.0007292592
宁德,毕节地区,0.0007292592
荆门,毕节地区,0.0007292592
湖州,毕节地区,0.0007292592
广元,毕节地区,0.0007292592
台州,毕节地区,0.0007292592
南昌,毕节地区,0.0007292592
郑州,毕节地区,0.0007292592
赣州,毕节地区,0.0007292592
株洲,毕节地区,0.00058340736
北海,毕节地区,0.00058340736
苏州,毕节地区,0.00058340736
莆田,毕节地区,0.00058340736
西双版纳傣族自治州,毕节地区,0.00058340736
商丘,毕节地区,0.00058340736
平顶山,毕节地区,0.00058340736
亳州,毕节地区,0.00058340736
周口,毕节地区,0.00058340736
萍乡,毕节地区,0.00058340736
淮南,毕节地区,0.00058340736
丽江,毕节地区,0.00058340736
佛山,毕节地区,0.00043755552
郴州,毕节地区,0.00043755552
遵义,铜仁地区,0.148777074
黔东南苗族侗族自治州,铜仁地区,0.1039026916799999
重庆,铜仁地区,0.09738866844
贵阳,铜仁地区,0.08419978188
怀化,铜仁地区,0.05557024764
湘西土家族苗族自治州,铜仁地区,0.04857370416
毕节,铜仁地区,0.03265053624
黔南布依族苗族自治州,铜仁地区,0.02830785408
邵阳,铜仁地区,0.01592316792
安顺,铜仁地区,0.01334972664
六盘水,铜仁地区,0.0091678845599999
黔西南布依族苗族自治州,铜仁地区,0.00876578436
常德,铜仁地区,0.00570982284
昭通,铜仁地区,0.0056294028
娄底,铜仁地区,0.00538814268
广州,铜仁地区,0.0045839422799999
衡阳,铜仁地区,0.00410142204
长沙,铜仁地区,0.0038601619199999
曲靖,铜仁地区,0.00369932184
益阳,铜仁地区,0.00329722164
泸州,铜仁地区,0.00265386132
张家界,铜仁地区,0.00249302124
宜宾,铜仁地区,0.00217134108
成都,铜仁地区,0.00217134108
永州,铜仁地区,0.00209092104
南阳,铜仁地区,0.00209092104
安庆,铜仁地区,0.00209092104
昆明,铜仁地区,0.00209092104
达州,铜仁地区,0.0019300809599999
南充,铜仁地区,0.0019300809599999
广安,铜仁地区,0.00184966092
荆州,铜仁地区,0.00184966092
厦门,铜仁地区,0.00176924088
湘潭,铜仁地区,0.00176924088
佛山,铜仁地区,0.0016888208399999
平顶山,铜仁地区,0.0016888208399999
深圳,铜仁地区,0.0016888208399999
岳阳,铜仁地区,0.0016084008
上饶,铜仁地区,0.0016084008
九江,铜仁地区,0.0016084008
周口,铜仁地区,0.00152798076
福州,铜仁地区,0.00152798076
河池,铜仁地区,0.00144756072
株洲,铜仁地区,0.00136714068
恩施土家族苗族自治州,铜仁地区,0.00128672064
泉州,铜仁地区,0.00128672064
惠州,铜仁地区,0.00128672064
孝感,铜仁地区,0.0012063006
江门,铜仁地区,0.0012063006
郴州,铜仁地区,0.0012063006
自贡,铜仁地区,0.0012063006
桂林,铜仁地区,0.00112588056
宜春,铜仁地区,0.00112588056
柳州,铜仁地区,0.00112588056
资阳,铜仁地区,0.00112588056
南昌,铜仁地区,0.00104546052
襄阳,铜仁地区,0.00104546052
东莞,铜仁地区,0.00104546052
金华,铜仁地区,0.00104546052
中山,铜仁地区,0.00104546052
黄冈,铜仁地区,0.0009650404799999
肇庆,铜仁地区,0.0009650404799999
杭州,铜仁地区,0.0009650404799999
温州,铜仁地区,0.0009650404799999
咸宁,铜仁地区,0.00088462044
上海,铜仁地区,0.00088462044
绵阳,铜仁地区,0.00088462044
抚州,铜仁地区,0.00088462044
宜昌,铜仁地区,0.0008042004
赣州,铜仁地区,0.0008042004
商丘,铜仁地区,0.0008042004
遂宁,铜仁地区,0.00072378036
内江,铜仁地区,0.00072378036
百色,铜仁地区,0.00072378036
武汉,铜仁地区,0.00072378036
红河哈尼族彝族自治州,铜仁地区,0.00064336032
巴中,铜仁地区,0.00064336032
吉安,铜仁地区,0.00064336032
荆门,铜仁地区,0.00064336032
仙桃,铜仁地区,0.00064336032
龙岩,铜仁地区,0.00064336032
台州,铜仁地区,0.00064336032
宁波,铜仁地区,0.00064336032
合肥,铜仁地区,0.00064336032
北京,铜仁地区,0.00064336032
莆田,铜仁地区,0.00064336032
信阳,铜仁地区,0.00064336032
广元,铜仁地区,0.00064336032
菏泽,铜仁地区,0.00064336032
大理白族自治州,铜仁地区,0.00056294028
驻马店,铜仁地区,0.00056294028
清远,铜仁地区,0.0004825202399999
洛阳,铜仁地区,0.0004825202399999
阜阳,铜仁地区,0.0004825202399999
贵港,铜仁地区,0.0004825202399999
南宁,铜仁地区,0.0004825202399999
十堰,铜仁地区,0.0004825202399999
许昌,铜仁地区,0.0004825202399999
随州,铜仁地区,0.0004825202399999
天门,铜仁地区,0.0004825202399999
六盘水,黔西南布依族苗族自治州,0.10346855112
安顺,黔西南布依族苗族自治州,0.07965482976
百色,黔西南布依族苗族自治州,0.0552501972
曲靖,黔西南布依族苗族自治州,0.05501383272
贵阳,黔西南布依族苗族自治州,0.04999108752
毕节,黔西南布依族苗族自治州,0.03374102952
黔南布依族苗族自治州,黔西南布依族苗族自治州,0.0303728356799999
遵义,黔西南布依族苗族自治州,0.0245228148
重庆,黔西南布依族苗族自治州,0.01412277768
黔东南苗族侗族自治州,黔西南布依族苗族自治州,0.0114636772799999
昆明,黔西南布依族苗族自治州,0.010340946
铜仁,黔西南布依族苗族自治州,0.0086273035199999
邵阳,黔西南布依族苗族自治州,0.00845003016
昭通,黔西南布依族苗族自治州,0.0036636494399999
广州,黔西南布依族苗族自治州,0.00348637608
红河哈尼族彝族自治州,黔西南布依族苗族自治州,0.0034272849599999
娄底,黔西南布依族苗族自治州,0.0032500116
大理白族自治州,黔西南布依族苗族自治州,0.00301364712
南宁,黔西南布依族苗族自治州,0.00283637376
泸州,黔西南布依族苗族自治州,0.00230455368
文山壮族苗族自治州,黔西南布依族苗族自治州,0.00224546256
广安,黔西南布依族苗族自治州,0.00212728032
衡阳,黔西南布依族苗族自治州,0.0020681892
楚雄彝族自治州,黔西南布依族苗族自治州,0.00189091584
成都,黔西南布依族苗族自治州,0.0018318247199999
金华,黔西南布依族苗族自治州,0.0018318247199999
泉州,黔西南布依族苗族自治州,0.0018318247199999
玉林,黔西南布依族苗族自治州,0.0017727335999999
常德,黔西南布依族苗族自治州,0.0017727335999999
怀化,黔西南布依族苗族自治州,0.0015363691199999
宜宾,黔西南布依族苗族自治州,0.00141818688
南充,黔西南布依族苗族自治州,0.00141818688
温州,黔西南布依族苗族自治州,0.0012409135199999
资阳,黔西南布依族苗族自治州,0.0012409135199999
达州,黔西南布依族苗族自治州,0.0012409135199999
内江,黔西南布依族苗族自治州,0.0011818224
深圳,黔西南布依族苗族自治州,0.0011818224
宜春,黔西南布依族苗族自治州,0.00106364016
河池,黔西南布依族苗族自治州,0.00106364016
宜昌,黔西南布依族苗族自治州,0.00106364016
桂林,黔西南布依族苗族自治州,0.00106364016
绵阳,黔西南布依族苗族自治州,0.00106364016
长沙,黔西南布依族苗族自治州,0.00106364016
自贡,黔西南布依族苗族自治州,0.00100454904
贵港,黔西南布依族苗族自治州,0.00094545792
福州,黔西南布依族苗族自治州,0.00094545792
北海,黔西南布依族苗族自治州,0.00082727568
茂名,黔西南布依族苗族自治州,0.00082727568
东莞,黔西南布依族苗族自治州,0.00082727568
湛江,黔西南布依族苗族自治州,0.00082727568
湘潭,黔西南布依族苗族自治州,0.00082727568
钦州,黔西南布依族苗族自治州,0.00082727568
玉溪,黔西南布依族苗族自治州,0.00082727568
益阳,黔西南布依族苗族自治州,0.00082727568
台州,黔西南布依族苗族自治州,0.0007681845599999
遂宁,黔西南布依族苗族自治州,0.0007681845599999
荆州,黔西南布依族苗族自治州,0.00070909344
湘西土家族苗族自治州,黔西南布依族苗族自治州,0.00070909344
柳州,黔西南布依族苗族自治州,0.00070909344
丽江,黔西南布依族苗族自治州,0.00070909344
南阳,黔西南布依族苗族自治州,0.0006500023199999
梧州,黔西南布依族苗族自治州,0.0005909112
九江,黔西南布依族苗族自治州,0.0005909112
崇左,黔西南布依族苗族自治州,0.0005909112
乐山,黔西南布依族苗族自治州,0.0005909112
惠州,黔西南布依族苗族自治州,0.00053182008
巴中,黔西南布依族苗族自治州,0.00053182008
岳阳,黔西南布依族苗族自治州,0.00053182008
永州,黔西南布依族苗族自治州,0.00053182008
临沧,黔西南布依族苗族自治州,0.00053182008
商丘,黔西南布依族苗族自治州,0.00053182008
安康,黔西南布依族苗族自治州,0.00053182008
驻马店,黔西南布依族苗族自治州,0.00047272896
莆田,黔西南布依族苗族自治州,0.00047272896
西双版纳傣族自治州,黔西南布依族苗族自治州,0.00047272896
郴州,黔西南布依族苗族自治州,0.00047272896
襄阳,黔西南布依族苗族自治州,0.00047272896
黄石,黔西南布依族苗族自治州,0.00047272896
周口,黔西南布依族苗族自治州,0.00047272896
来宾,黔西南布依族苗族自治州,0.00041363784
三亚,黔西南布依族苗族自治州,0.00041363784
张家界,黔西南布依族苗族自治州,0.00041363784
郑州,黔西南布依族苗族自治州,0.00041363784
上海,黔西南布依族苗族自治州,0.00041363784
宁波,黔西南布依族苗族自治州,0.00041363784
凉山彝族自治州,黔西南布依族苗族自治州,0.00041363784
洛阳,黔西南布依族苗族自治州,0.00035454672
上饶,黔西南布依族苗族自治州,0.00035454672
抚州,黔西南布依族苗族自治州,0.00035454672
恩施土家族苗族自治州,黔西南布依族苗族自治州,0.00035454672
赣州,黔西南布依族苗族自治州,0.00035454672
黄冈,黔西南布依族苗族自治州,0.00035454672
十堰,黔西南布依族苗族自治州,0.0002954556
防城港,黔西南布依族苗族自治州,0.0002954556
眉山,黔西南布依族苗族自治州,0.0002954556
新乡,黔西南布依族苗族自治州,0.0002954556
绍兴,黔西南布依族苗族自治州,0.0002954556
杭州,黔西南布依族苗族自治州,0.0002954556
佛山,黔西南布依族苗族自治州,0.0002954556
安庆,黔西南布依族苗族自治州,0.00023636448
黔南布依族苗族自治州,黔东南苗族侗族自治州,0.19343598984
铜仁,黔东南苗族侗族自治州,0.0953076132
贵阳,黔东南苗族侗族自治州,0.0944528364
遵义,黔东南苗族侗族自治州,0.06462112608
怀化,黔东南苗族侗族自治州,0.05410737144
毕节,黔东南苗族侗族自治州,0.04521769272
柳州,黔东南苗族侗族自治州,0.03641349168
安顺,黔东南苗族侗族自治州,0.02248062984
邵阳,黔东南苗族侗族自治州,0.02154037536
重庆,黔东南苗族侗族自治州,0.01683910296
黔西南布依族苗族自治州,黔东南苗族侗族自治州,0.0136764288
六盘水,黔东南苗族侗族自治州,0.01102662072
河池,黔东南苗族侗族自治州,0.0076929912
南充,黔东南苗族侗族自治州,0.00581248224
娄底,黔东南苗族侗族自治州,0.0055560492
桂林,黔东南苗族侗族自治州,0.0055560492
曲靖,黔东南苗族侗族自治州,0.00547057152
广安,黔东南苗族侗族自治州,0.00495770544
泸州,黔东南苗族侗族自治州,0.00401745096
湘西土家族苗族自治州,黔东南苗族侗族自治州,0.00393197328
广州,黔东南苗族侗族自治州,0.0035900625599999
百色,黔东南苗族侗族自治州,0.0035900625599999
昭通,黔东南苗族侗族自治州,0.00333362952
衡阳,黔东南苗族侗族自治州,0.00307719648
宜宾,黔东南苗族侗族自治州,0.0029917188
长沙,黔东南苗族侗族自治州,0.00264980808
宜春,黔东南苗族侗族自治州,0.00264980808
上饶,黔东南苗族侗族自治州,0.00247885272
常德,黔东南苗族侗族自治州,0.00247885272
成都,黔东南苗族侗族自治州,0.00247885272
深圳,黔东南苗族侗族自治州,0.00239337504
永州,黔东南苗族侗族自治州,0.00239337504
昆明,黔东南苗族侗族自治州,0.00230789736
益阳,黔东南苗族侗族自治州,0.00230789736
东莞,黔东南苗族侗族自治州,0.00222241968
南昌,黔东南苗族侗族自治州,0.002136942
达州,黔东南苗族侗族自治州,0.002136942
内江,黔东南苗族侗族自治州,0.00196598664
杭州,黔东南苗族侗族自治州,0.00188050896
金华,黔东南苗族侗族自治州,0.00188050896
福州,黔东南苗族侗族自治州,0.0017950312799999
自贡,黔东南苗族侗族自治州,0.0017950312799999
绵阳,黔东南苗族侗族自治州,0.0017950312799999
资阳,黔东南苗族侗族自治州,0.0017950312799999
北海,黔东南苗族侗族自治州,0.0017950312799999
抚州,黔东南苗族侗族自治州,0.00162407592
南宁,黔东南苗族侗族自治州,0.00153859824
玉林,黔东南苗族侗族自治州,0.00153859824
赣州,黔东南苗族侗族自治州,0.00153859824
遂宁,黔东南苗族侗族自治州,0.00145312056
郴州,黔东南苗族侗族自治州,0.00145312056
眉山,黔东南苗族侗族自治州,0.00145312056
张家界,黔东南苗族侗族自治州,0.00145312056
岳阳,黔东南苗族侗族自治州,0.00145312056
湘潭,黔东南苗族侗族自治州,0.00145312056
南阳,黔东南苗族侗族自治州,0.00136764288
吉安,黔东南苗族侗族自治州,0.0012821652
乐山,黔东南苗族侗族自治州,0.0012821652
宁波,黔东南苗族侗族自治州,0.0012821652
安庆,黔东南苗族侗族自治州,0.0012821652
恩施土家族苗族自治州,黔东南苗族侗族自治州,0.00111120984
泉州,黔东南苗族侗族自治州,0.00111120984
温州,黔东南苗族侗族自治州,0.00111120984
茂名,黔东南苗族侗族自治州,0.00102573216
红河哈尼族彝族自治州,黔东南苗族侗族自治州,0.00102573216
株洲,黔东南苗族侗族自治州,0.00102573216
九江,黔东南苗族侗族自治州,0.00094025448
德阳,黔东南苗族侗族自治州,0.00094025448
荆州,黔东南苗族侗族自治州,0.00094025448
上海,黔东南苗族侗族自治州,0.0008547768
大理白族自治州,黔东南苗族侗族自治州,0.0008547768
绍兴,黔东南苗族侗族自治州,0.0008547768
来宾,黔东南苗族侗族自治州,0.00076929912
汕头,黔东南苗族侗族自治州,0.00076929912
贵港,黔东南苗族侗族自治州,0.00076929912
佛山,黔东南苗族侗族自治州,0.00076929912
惠州,黔东南苗族侗族自治州,0.00076929912
孝感,黔东南苗族侗族自治州,0.00076929912
文山壮族苗族自治州,黔东南苗族侗族自治州,0.00076929912
武汉,黔东南苗族侗族自治州,0.00076929912
湛江,黔东南苗族侗族自治州,0.00076929912
广元,黔东南苗族侗族自治州,0.00068382144
台州,黔东南苗族侗族自治州,0.00068382144
楚雄彝族自治州,黔东南苗族侗族自治州,0.00068382144
鹰潭,黔东南苗族侗族自治州,0.00068382144
贺州,黔东南苗族侗族自治州,0.00068382144
襄阳,黔东南苗族侗族自治州,0.00068382144
巴中,黔东南苗族侗族自治州,0.00059834376
济宁,黔东南苗族侗族自治州,0.00059834376
玉溪,黔东南苗族侗族自治州,0.00059834376
咸宁,黔东南苗族侗族自治州,0.00059834376
莆田,黔东南苗族侗族自治州,0.00059834376
汉中,黔东南苗族侗族自治州,0.00059834376
周口,黔东南苗族侗族自治州,0.00059834376
信阳,黔东南苗族侗族自治州,0.00051286608
商丘,黔东南苗族侗族自治州,0.00051286608
宜昌,黔东南苗族侗族自治州,0.00051286608
驻马店,黔东南苗族侗族自治州,0.00051286608
厦门,黔东南苗族侗族自治州,0.00051286608
中山,黔东南苗族侗族自治州,0.0004273884
贵阳,黔南布依族苗族自治州,0.34157709072
黔东南苗族侗族自治州,黔南布依族苗族自治州,0.2021275944
遵义,黔南布依族苗族自治州,0.11707329168
安顺,黔南布依族苗族自治州,0.10162011168
毕节,黔南布依族苗族自治州,0.0853015536
铜仁,黔南布依族苗族自治州,0.04339252944
河池,黔南布依族苗族自治州,0.04190902416
黔西南布依族苗族自治州,黔南布依族苗族自治州,0.03857113728
重庆,黔南布依族苗族自治州,0.0255904660799999
六盘水,黔南布依族苗族自治州,0.02212895376
邵阳,黔南布依族苗族自治州,0.01087903872
泸州,黔南布依族苗族自治州,0.0071702755199999
昭通,黔南布依族苗族自治州,0.00581039568
宜宾,黔南布依族苗族自治州,0.00581039568
百色,黔南布依族苗族自治州,0.00543951936
广安,黔南布依族苗族自治州,0.00531589392
南充,黔南布依族苗族自治州,0.0050686430399999
曲靖,黔南布依族苗族自治州,0.0049450176
成都,黔南布依族苗族自治州,0.00457414128
桂林,黔南布依族苗族自治州,0.00445051584
怀化,黔南布依族苗族自治州,0.0043268904
娄底,黔南布依族苗族自治州,0.00383238864
内江,黔南布依族苗族自治州,0.0037087632
衡阳,黔南布依族苗族自治州,0.0035851377599999
南宁,黔南布依族苗族自治州,0.00346151232
自贡,黔南布依族苗族自治州,0.00296701056
柳州,黔南布依族苗族自治州,0.00271975968
绵阳,黔南布依族苗族自治州,0.00271975968
资阳,黔南布依族苗族自治州,0.00271975968
永州,黔南布依族苗族自治州,0.0024725088
达州,黔南布依族苗族自治州,0.0024725088
南阳,黔南布依族苗族自治州,0.00234888336
玉林,黔南布依族苗族自治州,0.00234888336
昆明,黔南布依族苗族自治州,0.00234888336
荆州,黔南布依族苗族自治州,0.00234888336
广州,黔南布依族苗族自治州,0.00234888336
贵港,黔南布依族苗族自治州,0.00222525792
宜春,黔南布依族苗族自治州,0.00210163248
遂宁,黔南布依族苗族自治州,0.00210163248
宁波,黔南布依族苗族自治州,0.0018543816
长沙,黔南布依族苗族自治州,0.0018543816
深圳,黔南布依族苗族自治州,0.0018543816
北海,黔南布依族苗族自治州,0.00173075616
常德,黔南布依族苗族自治州,0.00173075616
南昌,黔南布依族苗族自治州,0.00160713072
乐山,黔南布依族苗族自治州,0.00160713072
红河哈尼族彝族自治州,黔南布依族苗族自治州,0.00160713072
益阳,黔南布依族苗族自治州,0.00160713072
东莞,黔南布依族苗族自治州,0.00160713072
九江,黔南布依族苗族自治州,0.00160713072
德阳,黔南布依族苗族自治州,0.00160713072
金华,黔南布依族苗族自治州,0.00148350528
楚雄彝族自治州,黔南布依族苗族自治州,0.00148350528
福州,黔南布依族苗族自治州,0.00135987984
眉山,黔南布依族苗族自治州,0.00135987984
抚州,黔南布依族苗族自治州,0.00135987984
惠州,黔南布依族苗族自治州,0.00135987984
襄阳,黔南布依族苗族自治州,0.00135987984
株洲,黔南布依族苗族自治州,0.00135987984
上饶,黔南布依族苗族自治州,0.00135987984
泉州,黔南布依族苗族自治州,0.00135987984
宜昌,黔南布依族苗族自治州,0.00135987984
恩施土家族苗族自治州,黔南布依族苗族自治州,0.0012362544
郑州,黔南布依族苗族自治州,0.0012362544
温州,黔南布依族苗族自治州,0.0012362544
岳阳,黔南布依族苗族自治州,0.00111262896
湛江,黔南布依族苗族自治州,0.00111262896
赣州,黔南布依族苗族自治州,0.00111262896
荆门,黔南布依族苗族自治州,0.00111262896
郴州,黔南布依族苗族自治州,0.0009890035199999
湘西土家族苗族自治州,黔南布依族苗族自治州,0.0009890035199999
吉安,黔南布依族苗族自治州,0.0009890035199999
文山壮族苗族自治州,黔南布依族苗族自治州,0.0009890035199999
广元,黔南布依族苗族自治州,0.00086537808
茂名,黔南布依族苗族自治州,0.00086537808
来宾,黔南布依族苗族自治州,0.00086537808
安康,黔南布依族苗族自治州,0.00086537808
贺州,黔南布依族苗族自治州,0.00086537808
周口,黔南布依族苗族自治州,0.00074175264
临沂,黔南布依族苗族自治州,0.00074175264
许昌,黔南布依族苗族自治州,0.00074175264
巴中,黔南布依族苗族自治州,0.00074175264
安庆,黔南布依族苗族自治州,0.00074175264
张家界,黔南布依族苗族自治州,0.00074175264
驻马店,黔南布依族苗族自治州,0.00074175264
上海,黔南布依族苗族自治州,0.00074175264
平顶山,黔南布依族苗族自治州,0.00074175264
杭州,黔南布依族苗族自治州,0.00074175264
湘潭,黔南布依族苗族自治州,0.00074175264
大理白族自治州,黔南布依族苗族自治州,0.00074175264
佛山,黔南布依族苗族自治州,0.0006181272
崇左,黔南布依族苗族自治州,0.0006181272
台州,黔南布依族苗族自治州,0.0006181272
雅安,黔南布依族苗族自治州,0.0006181272
中山,黔南布依族苗族自治州,0.0006181272
玉溪,黔南布依族苗族自治州,0.0006181272
咸宁,黔南布依族苗族自治州,0.0006181272
莆田,黔南布依族苗族自治州,0.0004945017599999
苏州,黔南布依族苗族自治州,0.0004945017599999
黄冈,黔南布依族苗族自治州,0.0004945017599999
曲靖,昆明,1.7737677496800002
楚雄彝族自治州,昆明,0.6958736568
大理白族自治州,昆明,0.6610799739600001
昭通,昆明,0.6319668924
红河哈尼族彝族自治州,昆明,0.6106646376
玉溪,昆明,0.51693471648
文山壮族苗族自治州,昆明,0.22935427668
普洱,昆明,0.21870314928
保山,昆明,0.1647374371199999
临沧,昆明,0.1455654078
丽江,昆明,0.12355307784
重庆,昆明,0.1100616498
西双版纳傣族自治州,昆明,0.0887593949999999
毕节,昆明,0.0802384930799999
六盘水,昆明,0.07029744084
凉山彝族自治州,昆明,0.04402465992
德宏傣族景颇族自治州,昆明,0.0411843592799999
成都,昆明,0.0355037579999999
邵阳,昆明,0.02698285608
黔西南布依族苗族自治州,昆明,0.02556270576
内江,昆明,0.02343248028
南充,昆明,0.0227224051199999
广安,昆明,0.0227224051199999
泸州,昆明,0.0213022548
怒江傈僳族自治州,昆明,0.0213022548
娄底,昆明,0.0205921796399999
自贡,昆明,0.01988210448
攀枝花,昆明,0.01846195416
宜宾,昆明,0.0170418038399999
贵阳,昆明,0.0156216535199999
遵义,昆明,0.01491157836
迪庆藏族自治州,昆明,0.01491157836
安顺,昆明,0.01491157836
资阳,昆明,0.0142015032
衡阳,昆明,0.0106511274
上饶,昆明,0.00923097708
玉林,昆明,0.0085209019199999
绵阳,昆明,0.0085209019199999
百色,昆明,0.0085209019199999
南宁,昆明,0.0078108267599999
达州,昆明,0.0078108267599999
遂宁,昆明,0.0078108267599999
上海,昆明,0.0078108267599999
怀化,昆明,0.0071007516
眉山,昆明,0.0071007516
贵港,昆明,0.0071007516
泉州,昆明,0.0071007516
温州,昆明,0.00639067644
乐山,昆明,0.00639067644
福州,昆明,0.00639067644
长沙,昆明,0.00639067644
深圳,昆明,0.00639067644
湛江,昆明,0.0056806012799999
广州,昆明,0.0056806012799999
南昌,昆明,0.0056806012799999
北京,昆明,0.0056806012799999
武汉,昆明,0.0056806012799999
荆州,昆明,0.0056806012799999
桂林,昆明,0.00497052612
永州,昆明,0.00497052612
宜春,昆明,0.00497052612
巴中,昆明,0.00497052612
西安,昆明,0.00497052612
黔南布依族苗族自治州,昆明,0.00497052612
黔东南苗族侗族自治州,昆明,0.00497052612
周口,昆明,0.00497052612
德阳,昆明,0.00497052612
茂名,昆明,0.0042604509599999
常德,昆明,0.0042604509599999
郑州,昆明,0.0042604509599999
孝感,昆明,0.0042604509599999
驻马店,昆明,0.0042604509599999
铜仁,昆明,0.0035503758
商丘,昆明,0.0035503758
株洲,昆明,0.0035503758
南阳,昆明,0.0035503758
黄冈,昆明,0.0035503758
益阳,昆明,0.0035503758
莆田,昆明,0.0035503758
徐州,昆明,0.0028403006399999
岳阳,昆明,0.0028403006399999
抚州,昆明,0.0028403006399999
宜昌,昆明,0.0028403006399999
新乡,昆明,0.0028403006399999
金华,昆明,0.0028403006399999
北海,昆明,0.0028403006399999
郴州,昆明,0.0028403006399999
吉安,昆明,0.0028403006399999
河池,昆明,0.0028403006399999
三亚,昆明,0.0028403006399999
临沂,昆明,0.0028403006399999
信阳,昆明,0.0028403006399999
菏泽,昆明,0.0028403006399999
杭州,昆明,0.0028403006399999
赣州,昆明,0.0028403006399999
济宁,昆明,0.0028403006399999
邢台,昆明,0.0028403006399999
南通,昆明,0.0028403006399999
安庆,昆明,0.0028403006399999
苏州,昆明,0.0021302254799999
昆明,曲靖,0.40241394864
六盘水,曲靖,0.08569926684
红河哈尼族彝族自治州,曲靖,0.0841185162
昭通,曲靖,0.08118283644
毕节,曲靖,0.07214997564
文山壮族苗族自治州,曲靖,0.04358355336
黔西南布依族苗族自治州,曲靖,0.0405349628399999
大理白族自治州,曲靖,0.03737346156
楚雄彝族自治州,曲靖,0.03319576344
玉溪,曲靖,0.02845351152
重庆,曲靖,0.0251790994799999
普洱,曲靖,0.0124201836
百色,曲靖,0.01140398676
西双版纳傣族自治州,曲靖,0.0085812177599999
丽江,曲靖,0.0079037532
保山,曲靖,0.00722628864
邵阳,曲靖,0.0067746456
临沧,曲靖,0.00587135952
成都,曲靖,0.00587135952
泸州,曲靖,0.00530680572
遵义,曲靖,0.00496807344
贵阳,曲靖,0.00474225192
安顺,曲靖,0.00417769812
宜宾,曲靖,0.00417769812
南充,曲靖,0.00406478736
广安,曲靖,0.00383896584
凉山彝族自治州,曲靖,0.00350023356
内江,曲靖,0.00350023356
自贡,曲靖,0.00304859052
娄底,曲靖,0.00248403672
黔东南苗族侗族自治州,曲靖,0.00237112596
衡阳,曲靖,0.00237112596
达州,曲靖,0.0022582152
资阳,曲靖,0.00203239368
玉林,曲靖,0.00191948292
德宏傣族景颇族自治州,曲靖,0.00191948292
黔南布依族苗族自治州,曲靖,0.00191948292
遂宁,曲靖,0.00158075064
广元,曲靖,0.00124201836
深圳,曲靖,0.0011291076
攀枝花,曲靖,0.0011291076
迪庆藏族自治州,曲靖,0.0011291076
乐山,曲靖,0.0011291076
怀化,曲靖,0.0011291076
福州,曲靖,0.0011291076
南宁,曲靖,0.00101619684
眉山,曲靖,0.00101619684
绵阳,曲靖,0.00090328608
南阳,曲靖,0.00090328608
恩施土家族苗族自治州,曲靖,0.00090328608
金华,曲靖,0.00090328608
铜仁,曲靖,0.00079037532
荆州,曲靖,0.00079037532
泉州,曲靖,0.00079037532
郑州,曲靖,0.00079037532
温州,曲靖,0.00079037532
上饶,曲靖,0.00079037532
德阳,曲靖,0.00079037532
宜春,曲靖,0.00079037532
上海,曲靖,0.00079037532
永州,曲靖,0.00079037532
广州,曲靖,0.00079037532
长沙,曲靖,0.00067746456
东莞,曲靖,0.00067746456
南昌,曲靖,0.00067746456
十堰,曲靖,0.00067746456
巴中,曲靖,0.00067746456
安庆,曲靖,0.00067746456
北海,曲靖,0.00067746456
湛江,曲靖,0.00067746456
湘西土家族苗族自治州,曲靖,0.00067746456
桂林,曲靖,0.00067746456
怒江傈僳族自治州,曲靖,0.0005645538
周口,曲靖,0.0005645538
郴州,曲靖,0.0005645538
徐州,曲靖,0.0005645538
柳州,曲靖,0.0005645538
常德,曲靖,0.0005645538
河池,曲靖,0.0005645538
济宁,曲靖,0.00045164304
黄冈,曲靖,0.00045164304
惠州,曲靖,0.00045164304
台州,曲靖,0.00045164304
安康,曲靖,0.00045164304
益阳,曲靖,0.00045164304
宁波,曲靖,0.00045164304
贵港,曲靖,0.00045164304
许昌,曲靖,0.00045164304
湘潭,曲靖,0.00045164304
菏泽,曲靖,0.00045164304
茂名,曲靖,0.00045164304
佛山,曲靖,0.00045164304
苏州,曲靖,0.00045164304
北京,曲靖,0.00033873228
抚州,曲靖,0.00033873228
南京,曲靖,0.00033873228
开封,曲靖,0.00033873228
荆门,曲靖,0.00033873228
盐城,曲靖,0.00033873228
驻马店,曲靖,0.00033873228
昆明,玉溪,0.2495399367599999
红河哈尼族彝族自治州,玉溪,0.13421413908
曲靖,玉溪,0.05923098756
普洱,玉溪,0.0545979981599999
楚雄彝族自治州,玉溪,0.0476128756799999
大理白族自治州,玉溪,0.026728785
昭通,玉溪,0.0224521793999999
西双版纳傣族自治州,玉溪,0.0210266442
文山壮族苗族自治州,玉溪,0.0152532266399999
毕节,玉溪,0.00876704148
临沧,玉溪,0.0069851224799999
丽江,玉溪,0.00563086404
重庆,玉溪,0.00563086404
保山,玉溪,0.00406277532
六盘水,玉溪,0.0026372401199999
成都,玉溪,0.0017819189999999
安顺,玉溪,0.0014255352
遵义,玉溪,0.0014255352
贵阳,玉溪,0.00128298168
黔西南布依族苗族自治州,玉溪,0.00128298168
广安,玉溪,0.00099787464
阜阳,玉溪,0.00092659788
泸州,玉溪,0.00085532112
德宏傣族景颇族自治州,玉溪,0.00085532112
宜宾,玉溪,0.00078404436
宜春,玉溪,0.00078404436
自贡,玉溪,0.00078404436
迪庆藏族自治州,玉溪,0.00078404436
内江,玉溪,0.00078404436
肇庆,玉溪,0.00078404436
玉林,玉溪,0.0007127676
南宁,玉溪,0.0007127676
邵阳,玉溪,0.00064149084
福州,玉溪,0.00064149084
遂宁,玉溪,0.00064149084
郑州,玉溪,0.00064149084
攀枝花,玉溪,0.00064149084
泉州,玉溪,0.00064149084
深圳,玉溪,0.00057021408
绵阳,玉溪,0.00057021408
荆州,玉溪,0.00049893732
南充,玉溪,0.00049893732
衡阳,玉溪,0.00049893732
凉山彝族自治州,玉溪,0.00049893732
资阳,玉溪,0.00042766056
娄底,玉溪,0.00042766056
南阳,玉溪,0.00042766056
广州,玉溪,0.00042766056
怒江傈僳族自治州,玉溪,0.00042766056
黔东南苗族侗族自治州,玉溪,0.0003563838
永州,玉溪,0.0003563838
洛阳,玉溪,0.0003563838
茂名,玉溪,0.0003563838
达州,玉溪,0.0003563838
乐山,玉溪,0.0003563838
九江,玉溪,0.0003563838
温州,玉溪,0.00028510704
安康,玉溪,0.00028510704
抚州,玉溪,0.00028510704
眉山,玉溪,0.00028510704
宝鸡,玉溪,0.00028510704
怀化,玉溪,0.00028510704
驻马店,玉溪,0.00028510704
钦州,玉溪,0.00028510704
海口,玉溪,0.00028510704
岳阳,玉溪,0.00028510704
铜仁,玉溪,0.00028510704
苏州,玉溪,0.00028510704
襄阳,玉溪,0.00028510704
安庆,玉溪,0.00028510704
湛江,玉溪,0.00028510704
南通,玉溪,0.00021383028
黔南布依族苗族自治州,玉溪,0.00021383028
南昌,玉溪,0.00021383028
长沙,玉溪,0.00021383028
菏泽,玉溪,0.00021383028
株洲,玉溪,0.00021383028
德阳,玉溪,0.00021383028
常德,玉溪,0.00021383028
北京,玉溪,0.00021383028
桂林,玉溪,0.00021383028
上海,玉溪,0.00014255352
邯郸,玉溪,0.00014255352
焦作,玉溪,0.00014255352
商丘,玉溪,0.00014255352
佛山,玉溪,0.00014255352
莆田,玉溪,0.00014255352
北海,玉溪,0.00014255352
防城港,玉溪,0.00014255352
金华,玉溪,0.00014255352
运城,玉溪,0.00014255352
西安,玉溪,0.00014255352
新乡,玉溪,0.00014255352
武汉,玉溪,0.00014255352
百色,玉溪,0.00014255352
绍兴,玉溪,0.00014255352
杭州,玉溪,0.00014255352
渭南,玉溪,0.00014255352
河池,玉溪,0.00014255352
宁波,玉溪,0.00014255352
德宏傣族景颇族自治州,保山,0.0889679376
大理白族自治州,保山,0.06659701416
临沧,保山,0.04425832548
昆明,保山,0.03229922952
怒江傈僳族自治州,保山,0.01863169128
曲靖,保山,0.00954148896
楚雄彝族自治州,保山,0.00670483008
丽江,保山,0.00567331776
昭通,保山,0.00428722308
玉溪,保山,0.00309453696
红河哈尼族彝族自治州,保山,0.0029011284
重庆,保山,0.00286889364
普洱,保山,0.0022241984399999
西双版纳傣族自治州,保山,0.00203078988
文山壮族苗族自治州,保山,0.00203078988
邵阳,保山,0.00125715564
成都,保山,0.00119268612
迪庆藏族自治州,保山,0.00099927756
毕节,保山,0.00087033852
深圳,保山,0.00067692996
凉山彝族自治州,保山,0.00067692996
北京,保山,0.00067692996
攀枝花,保山,0.0006446952
西安,保山,0.00054799092
乐山,保山,0.00051575616
莆田,保山,0.00051575616
黔西南布依族苗族自治州,保山,0.00051575616
六盘水,保山,0.0004835214
遵义,保山,0.00045128664
上海,保山,0.00045128664
惠州,保山,0.00041905188
泸州,保山,0.00041905188
广安,保山,0.00041905188
南充,保山,0.00041905188
宜宾,保山,0.00041905188
湛江,保山,0.00038681712
衡阳,保山,0.00038681712
绵阳,保山,0.00035458236
安顺,保山,0.00035458236
青岛,保山,0.00035458236
资阳,保山,0.00035458236
内江,保山,0.0003223476
太原,保山,0.0003223476
达州,保山,0.00029011284
东莞,保山,0.00029011284
福州,保山,0.00029011284
武汉,保山,0.00029011284
贵阳,保山,0.00029011284
德阳,保山,0.00025787808
苏州,保山,0.00025787808
玉林,保山,0.00025787808
眉山,保山,0.00022564332
宜春,保山,0.00022564332
邯郸,保山,0.00022564332
黔东南苗族侗族自治州,保山,0.00022564332
娄底,保山,0.00019340856
泉州,保山,0.00019340856
荆州,保山,0.00019340856
南宁,保山,0.00019340856
金华,保山,0.00019340856
廊坊,保山,0.0001611738
贵港,保山,0.0001611738
广元,保山,0.0001611738
无锡,保山,0.0001611738
黄冈,保山,0.0001611738
许昌,保山,0.0001611738
新乡,保山,0.0001611738
九江,保山,0.0001611738
自贡,保山,0.0001611738
钦州,保山,0.0001611738
遂宁,保山,0.0001611738
南昌,保山,0.0001611738
驻马店,保山,0.0001611738
百色,保山,0.0001611738
赣州,保山,0.0001611738
荆门,保山,0.0001611738
河池,保山,0.0001611738
盐城,保山,0.0001611738
黔南布依族苗族自治州,保山,0.00012893904
杭州,保山,0.00012893904
温州,保山,0.00012893904
信阳,保山,0.00012893904
株洲,保山,0.00012893904
潜江,保山,0.00012893904
天津,保山,0.00012893904
长沙,保山,9.670428e-05
抚州,保山,9.670428e-05
临沂,保山,9.670428e-05
衡水,保山,9.670428e-05
常德,保山,9.670428e-05
贺州,保山,9.670428e-05
咸阳,保山,9.670428e-05
桂林,保山,9.670428e-05
淮安,保山,9.670428e-05
德州,保山,9.670428e-05
吉安,保山,9.670428e-05
郴州,保山,9.670428e-05
扬州,保山,9.670428e-05
南阳,保山,9.670428e-05
海口,保山,9.670428e-05
宜宾,昭通,0.15527295
毕节,昭通,0.1511914895999999
昆明,昭通,0.1488845772
凉山彝族自治州,昭通,0.1176525324
曲靖,昭通,0.0774590202
泸州,昭通,0.0265294926
重庆,昭通,0.0203185746
成都,昭通,0.0116232894
楚雄彝族自治州,昭通,0.0096712866
自贡,昭通,0.0094051044
内江,昭通,0.0086952852
大理白族自治州,昭通,0.0086952852
玉溪,昭通,0.0082516482
红河哈尼族彝族自治州,昭通,0.007541829
遵义,昭通,0.0061221906
六盘水,昭通,0.0059447358
乐山,昭通,0.0047912796
文山壮族苗族自治州,昭通,0.0046138248
贵阳,昭通,0.0046138248
资阳,昭通,0.0036378234
安顺,昭通,0.003549096
邵阳,昭通,0.0032829138
广安,昭通,0.0032829138
普洱,昭通,0.003105459
南充,昭通,0.0028392768
保山,昭通,0.002661822
金华,昭通,0.0024843672
绵阳,昭通,0.002218185
眉山,昭通,0.002218185
遂宁,昭通,0.002218185
黔南布依族苗族自治州,昭通,0.0020407302
黔西南布依族苗族自治州,昭通,0.0020407302
临沧,昭通,0.0018632753999999
西双版纳傣族自治州,昭通,0.0018632753999999
德阳,昭通,0.0016858206
丽江,昭通,0.0015970932
广元,昭通,0.0015083658
铜仁,昭通,0.0015083658
黔东南苗族侗族自治州,昭通,0.0015083658
嘉兴,昭通,0.0014196384
达州,昭通,0.0014196384
温州,昭通,0.0012421836
巴中,昭通,0.0011534562
娄底,昭通,0.0010647287999999
常德,昭通,0.0009760014
台州,昭通,0.0009760014
杭州,昭通,0.0009760014
雅安,昭通,0.000887274
桂林,昭通,0.000887274
深圳,昭通,0.0007985466
东莞,昭通,0.0007985466
宁波,昭通,0.0007098192
攀枝花,昭通,0.0007098192
常州,昭通,0.0007098192
衡阳,昭通,0.0007098192
泉州,昭通,0.0007098192
上海,昭通,0.0006210918
南阳,昭通,0.0006210918
广州,昭通,0.0006210918
荆州,昭通,0.0005323643999999
怀化,昭通,0.0005323643999999
永州,昭通,0.0005323643999999
西安,昭通,0.0005323643999999
汉中,昭通,0.0005323643999999
德宏傣族景颇族自治州,昭通,0.0005323643999999
莆田,昭通,0.0005323643999999
苏州,昭通,0.0005323643999999
宜昌,昭通,0.000443637
福州,昭通,0.000443637
安庆,昭通,0.000443637
岳阳,昭通,0.000443637
商丘,昭通,0.000443637
长沙,昭通,0.000443637
厦门,昭通,0.0003549096
北京,昭通,0.0003549096
绍兴,昭通,0.0003549096
恩施土家族苗族自治州,昭通,0.0003549096
安康,昭通,0.0003549096
驻马店,昭通,0.0003549096
南通,昭通,0.0003549096
柳州,昭通,0.0003549096
咸阳,昭通,0.0003549096
渭南,昭通,0.0003549096
抚州,昭通,0.0003549096
上饶,昭通,0.0003549096
益阳,昭通,0.0003549096
百色,昭通,0.0002661821999999
周口,昭通,0.0002661821999999
湘西土家族苗族自治州,昭通,0.0002661821999999
无锡,昭通,0.0002661821999999
洛阳,昭通,0.0002661821999999
仙桃,昭通,0.0002661821999999
中山,昭通,0.0002661821999999
南昌,昭通,0.0002661821999999
十堰,昭通,0.0002661821999999
孝感,昭通,0.0002661821999999
甘孜藏族自治州,昭通,0.0002661821999999
镇江,昭通,0.0002661821999999
株洲,昭通,0.0002661821999999
吉安,昭通,0.0002661821999999
大理白族自治州,丽江,0.169235163
迪庆藏族自治州,丽江,0.043409763
昆明,丽江,0.0372023766
凉山彝族自治州,丽江,0.0197965295999999
攀枝花,丽江,0.0148054554
曲靖,丽江,0.0131697252
楚雄彝族自治州,丽江,0.0124986564
怒江傈僳族自治州,丽江,0.007968942
保山,丽江,0.007549524
成都,丽江,0.006710688
西双版纳傣族自治州,丽江,0.0055363176
红河哈尼族彝族自治州,丽江,0.0054943758
重庆,丽江,0.0049491323999999
玉溪,丽江,0.0042361218
文山壮族苗族自治州,丽江,0.0033134022
昭通,丽江,0.002726217
自贡,丽江,0.0020551482
德宏傣族景颇族自治州,丽江,0.0019293228
临沧,丽江,0.0018454392
普洱,丽江,0.0015099048
毕节,丽江,0.0014260212
遂宁,丽江,0.0014260212
宜宾,丽江,0.0013840794
广州,丽江,0.0013421376
甘孜藏族自治州,丽江,0.0012163122
六盘水,丽江,0.0012163122
上海,丽江,0.0011324286
杭州,丽江,0.0011324286
内江,丽江,0.001048545
乐山,丽江,0.001048545
眉山,丽江,0.0009646614
广安,丽江,0.0009646614
泸州,丽江,0.0009227196
南充,丽江,0.0008807778
南宁,丽江,0.000838836
安顺,丽江,0.000838836
西安,丽江,0.0007968942
武汉,丽江,0.0007549524
深圳,丽江,0.0007130106
北京,丽江,0.0007130106
遵义,丽江,0.0006710688
黔西南布依族苗族自治州,丽江,0.0006710688
绵阳,丽江,0.0006710688
贵阳,丽江,0.000629127
株洲,丽江,0.0005871852
资阳,丽江,0.0005452434
雅安,丽江,0.0005452434
邵阳,丽江,0.0005452434
娄底,丽江,0.0004613598
南京,丽江,0.0004613598
福州,丽江,0.000419418
德阳,丽江,0.000419418
上饶,丽江,0.000419418
广元,丽江,0.000419418
东莞,丽江,0.000419418
泉州,丽江,0.0003774762
廊坊,丽江,0.0003355344
保定,丽江,0.0003355344
邯郸,丽江,0.0003355344
怀化,丽江,0.0003355344
长沙,丽江,0.0003355344
兰州,丽江,0.0002935926
百色,丽江,0.0002935926
银川,丽江,0.0002516508
大连,丽江,0.0002516508
洛阳,丽江,0.0002516508
黔东南苗族侗族自治州,丽江,0.0002516508
黔南布依族苗族自治州,丽江,0.0002516508
拉萨,丽江,0.0002516508
济南,丽江,0.0002516508
安阳,丽江,0.0002516508
青岛,丽江,0.0002516508
商丘,丽江,0.0002516508
绍兴,丽江,0.0002516508
苏州,丽江,0.0002516508
驻马店,丽江,0.000209709
衡阳,丽江,0.000209709
天津,丽江,0.000209709
六安,丽江,0.000209709
南阳,丽江,0.000209709
西宁,丽江,0.000209709
惠州,丽江,0.000209709
黄冈,丽江,0.000209709
玉林,丽江,0.000209709
荆州,丽江,0.000209709
汕头,丽江,0.0001677672
三亚,丽江,0.0001677672
温州,丽江,0.0001677672
贵港,丽江,0.0001677672
阿坝藏族羌族自治州,丽江,0.0001677672
台州,丽江,0.0001677672
滁州,丽江,0.0001677672
莆田,丽江,0.0001677672
扬州,丽江,0.0001677672
佛山,丽江,0.0001677672
咸阳,丽江,0.0001677672
赣州,丽江,0.0001677672
巴中,丽江,0.0001677672
菏泽,丽江,0.0001677672
常州,丽江,0.0001677672
西双版纳傣族自治州,普洱,0.08451168696
昆明,普洱,0.0519776546399999
临沧,普洱,0.0389919679199999
玉溪,普洱,0.03564082296
红河哈尼族彝族自治州,普洱,0.02750731488
大理白族自治州,普洱,0.02398163112
曲靖,普洱,0.02003705424
楚雄彝族自治州,普洱,0.01682554032
昭通,普洱,0.00527107176
文山壮族苗族自治州,普洱,0.00443328552
保山,普洱,0.00422383896
重庆,普洱,0.00377003808
丽江,普洱,0.0025133587199999
毕节,普洱,0.00111704832
成都,普洱,0.00101232504
泸州,普洱,0.00097741728
上海,普洱,0.000872694
衡阳,普洱,0.00083778624
邵阳,普洱,0.00080287848
内江,普洱,0.0007679707199999
德宏傣族景颇族自治州,普洱,0.0007679707199999
遂宁,普洱,0.00059343192
娄底,普洱,0.00055852416
自贡,普洱,0.0005236164
吉安,普洱,0.00045380088
资阳,普洱,0.00041889312
玉林,普洱,0.00041889312
百色,普洱,0.00041889312
信阳,普洱,0.00041889312
安顺,普洱,0.00041889312
六盘水,普洱,0.00041889312
宜宾,普洱,0.00041889312
黔西南布依族苗族自治州,普洱,0.0003839853599999
永州,普洱,0.0003839853599999
怒江傈僳族自治州,普洱,0.0003490776
雅安,普洱,0.0003141698399999
广安,普洱,0.0003141698399999
德阳,普洱,0.0003141698399999
福州,普洱,0.0003141698399999
金华,普洱,0.0003141698399999
北京,普洱,0.00027926208
遵义,普洱,0.00027926208
攀枝花,普洱,0.00027926208
贵阳,普洱,0.00027926208
绵阳,普洱,0.00027926208
东莞,普洱,0.00024435432
凉山彝族自治州,普洱,0.00024435432
怀化,普洱,0.00024435432
武汉,普洱,0.00024435432
南宁,普洱,0.00020944656
眉山,普洱,0.00020944656
南充,普洱,0.00020944656
南昌,普洱,0.00020944656
深圳,普洱,0.00020944656
九江,普洱,0.00020944656
嘉兴,普洱,0.00020944656
宜春,普洱,0.0001745388
西安,普洱,0.0001745388
盐城,普洱,0.0001745388
十堰,普洱,0.0001745388
贵港,普洱,0.0001745388
河池,普洱,0.00013963104
莆田,普洱,0.00013963104
钦州,普洱,0.00013963104
抚州,普洱,0.00013963104
乐山,普洱,0.00013963104
宿州,普洱,0.00013963104
黔东南苗族侗族自治州,普洱,0.00013963104
桂林,普洱,0.00013963104
长沙,普洱,0.00010472328
广州,普洱,0.00010472328
石家庄,普洱,0.00010472328
太原,普洱,0.00010472328
周口,普洱,0.00010472328
阜阳,普洱,0.00010472328
郴州,普洱,0.00010472328
黔南布依族苗族自治州,普洱,0.00010472328
安庆,普洱,0.00010472328
株洲,普洱,0.00010472328
荆州,普洱,0.00010472328
温州,普洱,0.00010472328
苏州,普洱,0.00010472328
新乡,普洱,0.00010472328
杭州,普洱,0.00010472328
赣州,普洱,0.00010472328
邢台,普洱,6.981552e-05
安阳,普洱,6.981552e-05
郑州,普洱,6.981552e-05
天津,普洱,6.981552e-05
南阳,普洱,6.981552e-05
湘潭,普洱,6.981552e-05
达州,普洱,6.981552e-05
珠海,普洱,6.981552e-05
茂名,普洱,6.981552e-05
青岛,普洱,6.981552e-05
平顶山,普洱,6.981552e-05
安康,普洱,6.981552e-05
许昌,普洱,6.981552e-05
廊坊,普洱,6.981552e-05
漳州,普洱,6.981552e-05
大理白族自治州,临沧,0.0567518237999999
保山,临沧,0.04563645624
普洱,临沧,0.03945602988
昆明,临沧,0.03071413404
曲靖,临沧,0.01029287736
楚雄彝族自治州,临沧,0.00719091432
红河哈尼族彝族自治州,临沧,0.00491144148
西双版纳傣族自治州,临沧,0.00420644988
玉溪,临沧,0.0034779585599999
昭通,临沧,0.00267896808
丽江,临沧,0.00209147508
文山壮族苗族自治州,临沧,0.00183297816
重庆,临沧,0.00180947844
德宏傣族景颇族自治州,临沧,0.00150398208
六盘水,临沧,0.00091648908
邵阳,临沧,0.0008929893599999
成都,临沧,0.00077549076
毕节,临沧,0.00077549076
内江,临沧,0.00063449244
自贡,临沧,0.00056399328
泸州,临沧,0.00056399328
怒江傈僳族自治州,临沧,0.00056399328
永州,临沧,0.00051699384
郑州,临沧,0.00051699384
福州,临沧,0.00051699384
黔西南布依族苗族自治州,临沧,0.0004699944
遵义,临沧,0.0004464946799999
深圳,临沧,0.00039949524
迪庆藏族自治州,临沧,0.00039949524
宜宾,临沧,0.00039949524
广安,临沧,0.00037599552
上海,临沧,0.00037599552
凉山彝族自治州,临沧,0.00037599552
衡阳,临沧,0.0003054963599999
遂宁,临沧,0.0003054963599999
洛阳,临沧,0.00028199664
南充,临沧,0.00025849692
娄底,临沧,0.00025849692
绵阳,临沧,0.00025849692
玉林,临沧,0.00021149748
乐山,临沧,0.00021149748
资阳,临沧,0.00021149748
贵阳,临沧,0.00018799776
北海,临沧,0.00018799776
眉山,临沧,0.00018799776
温州,临沧,0.00018799776
河池,临沧,0.00018799776
常德,临沧,0.00018799776
安顺,临沧,0.00018799776
北京,临沧,0.00018799776
百色,临沧,0.00018799776
潍坊,临沧,0.00014099832
武汉,临沧,0.00014099832
上饶,临沧,0.00014099832
南宁,临沧,0.00014099832
西安,临沧,0.00014099832
湘潭,临沧,0.00014099832
广州,临沧,0.00014099832
莆田,临沧,0.0001174986
苏州,临沧,0.0001174986
黔东南苗族侗族自治州,临沧,0.0001174986
益阳,临沧,0.0001174986
合肥,临沧,0.0001174986
长沙,临沧,0.0001174986
怀化,临沧,0.0001174986
达州,临沧,0.0001174986
中山,临沧,0.0001174986
保定,临沧,9.399888e-05
信阳,临沧,9.399888e-05
无锡,临沧,9.399888e-05
晋中,临沧,9.399888e-05
商丘,临沧,9.399888e-05
黔南布依族苗族自治州,临沧,9.399888e-05
南阳,临沧,9.399888e-05
威海,临沧,9.399888e-05
邯郸,临沧,9.399888e-05
雅安,临沧,9.399888e-05
咸阳,临沧,9.399888e-05
南通,临沧,9.399888e-05
厦门,临沧,9.399888e-05
阳江,临沧,9.399888e-05
吉安,临沧,9.399888e-05
东莞,临沧,9.399888e-05
宁德,临沧,9.399888e-05
大连,临沧,9.399888e-05
南昌,临沧,9.399888e-05
菏泽,临沧,4.6999440000000005e-05
巴中,临沧,4.6999440000000005e-05
贺州,临沧,4.6999440000000005e-05
抚州,临沧,4.6999440000000005e-05
荆州,临沧,4.6999440000000005e-05
珠海,临沧,4.6999440000000005e-05
张家界,临沧,4.6999440000000005e-05
杭州,临沧,4.6999440000000005e-05
萍乡,临沧,4.6999440000000005e-05
孝感,临沧,4.6999440000000005e-05
安庆,临沧,4.6999440000000005e-05
周口,临沧,4.6999440000000005e-05
长春,临沧,4.6999440000000005e-05
驻马店,临沧,4.6999440000000005e-05
昆明,楚雄彝族自治州,0.23598617436
大理白族自治州,楚雄彝族自治州,0.10377031176
曲靖,楚雄彝族自治州,0.03610170324
玉溪,楚雄彝族自治州,0.03580723584
丽江,楚雄彝族自治州,0.0164901743999999
普洱,楚雄彝族自治州,0.01507673088
红河哈尼族彝族自治州,楚雄彝族自治州,0.0140166482399999
保山,楚雄彝族自治州,0.0138399678
昭通,楚雄彝族自治州,0.01201426992
攀枝花,楚雄彝族自治州,0.01136644164
凉山彝族自治州,楚雄彝族自治州,0.00977631768
临沧,楚雄彝族自治州,0.00948185028
文山壮族苗族自治州,楚雄彝族自治州,0.00918738288
重庆,楚雄彝族自治州,0.0050059458
西双版纳傣族自治州,楚雄彝族自治州,0.00435811752
成都,楚雄彝族自治州,0.00306246096
毕节,楚雄彝族自治州,0.0028268870399999
德宏傣族景颇族自治州,楚雄彝族自治州,0.0026502066
怒江傈僳族自治州,楚雄彝族自治州,0.00217905876
六盘水,楚雄彝族自治州,0.00212016528
迪庆藏族自治州,楚雄彝族自治州,0.0017668044
资阳,楚雄彝族自治州,0.0017079109199999
遂宁,楚雄彝族自治州,0.00153123048
广安,楚雄彝族自治州,0.001472337
自贡,楚雄彝族自治州,0.00129565656
内江,楚雄彝族自治州,0.0012367630799999
安顺,楚雄彝族自治州,0.00111897612
黔西南布依族苗族自治州,楚雄彝族自治州,0.00100118916
泸州,楚雄彝族自治州,0.00100118916
邵阳,楚雄彝族自治州,0.00094229568
乐山,楚雄彝族自治州,0.0008834022
宜宾,楚雄彝族自治州,0.00082450872
眉山,楚雄彝族自治州,0.00082450872
福州,楚雄彝族自治州,0.00064782828
南充,楚雄彝族自治州,0.00064782828
桂林,楚雄彝族自治州,0.00053004132
贵阳,楚雄彝族自治州,0.00053004132
遵义,楚雄彝族自治州,0.00053004132
玉林,楚雄彝族自治州,0.00047114784
黔东南苗族侗族自治州,楚雄彝族自治州,0.00047114784
衡阳,楚雄彝族自治州,0.00041225436
铜仁,楚雄彝族自治州,0.00041225436
绵阳,楚雄彝族自治州,0.00041225436
雅安,楚雄彝族自治州,0.00041225436
九江,楚雄彝族自治州,0.00041225436
德阳,楚雄彝族自治州,0.0003533608799999
怀化,楚雄彝族自治州,0.0003533608799999
深圳,楚雄彝族自治州,0.0003533608799999
宜春,楚雄彝族自治州,0.0003533608799999
广元,楚雄彝族自治州,0.0003533608799999
西安,楚雄彝族自治州,0.0002944674
上海,楚雄彝族自治州,0.0002944674
苏州,楚雄彝族自治州,0.00023557392
台州,楚雄彝族自治州,0.00023557392
达州,楚雄彝族自治州,0.00023557392
襄阳,楚雄彝族自治州,0.00023557392
永州,楚雄彝族自治州,0.00023557392
北海,楚雄彝族自治州,0.00023557392
贵港,楚雄彝族自治州,0.00023557392
鹰潭,楚雄彝族自治州,0.00023557392
黔南布依族苗族自治州,楚雄彝族自治州,0.00023557392
周口,楚雄彝族自治州,0.00023557392
常德,楚雄彝族自治州,0.00023557392
茂名,楚雄彝族自治州,0.00023557392
南阳,楚雄彝族自治州,0.00023557392
益阳,楚雄彝族自治州,0.00023557392
湛江,楚雄彝族自治州,0.00023557392
十堰,楚雄彝族自治州,0.00023557392
商丘,楚雄彝族自治州,0.00023557392
百色,楚雄彝族自治州,0.00023557392
北京,楚雄彝族自治州,0.0001766804399999
驻马店,楚雄彝族自治州,0.0001766804399999
抚州,楚雄彝族自治州,0.0001766804399999
菏泽,楚雄彝族自治州,0.0001766804399999
咸阳,楚雄彝族自治州,0.0001766804399999
东莞,楚雄彝族自治州,0.0001766804399999
新乡,楚雄彝族自治州,0.0001766804399999
金华,楚雄彝族自治州,0.0001766804399999
盐城,楚雄彝族自治州,0.0001766804399999
梧州,楚雄彝族自治州,0.0001766804399999
平顶山,楚雄彝族自治州,0.0001766804399999
泰州,楚雄彝族自治州,0.0001766804399999
南昌,楚雄彝族自治州,0.0001766804399999
枣庄,楚雄彝族自治州,0.0001766804399999
佛山,楚雄彝族自治州,0.0001766804399999
娄底,楚雄彝族自治州,0.0001766804399999
南宁,楚雄彝族自治州,0.0001766804399999
宁波,楚雄彝族自治州,0.0001766804399999
温州,楚雄彝族自治州,0.0001766804399999
郑州,楚雄彝族自治州,0.00011778696
孝感,楚雄彝族自治州,0.00011778696
莆田,楚雄彝族自治州,0.00011778696
南通,楚雄彝族自治州,0.00011778696
广州,楚雄彝族自治州,0.00011778696
黄冈,楚雄彝族自治州,0.00011778696
宝鸡,楚雄彝族自治州,0.00011778696
绍兴,楚雄彝族自治州,0.00011778696
武汉,楚雄彝族自治州,0.00011778696
宁德,楚雄彝族自治州,0.00011778696
邯郸,楚雄彝族自治州,0.00011778696
昆明,红河哈尼族彝族自治州,0.21889810332
文山壮族苗族自治州,红河哈尼族彝族自治州,0.17358174288
玉溪,红河哈尼族彝族自治州,0.1366475994
曲靖,红河哈尼族彝族自治州,0.11848612932
普洱,红河哈尼族彝族自治州,0.0328303497599999
大理白族自治州,红河哈尼族彝族自治州,0.0231384114
楚雄彝族自治州,红河哈尼族彝族自治州,0.0184234143599999
昭通,红河哈尼族彝族自治州,0.0147561944399999
西双版纳傣族自治州,红河哈尼族彝族自治州,0.01414499112
重庆,红河哈尼族彝族自治州,0.01187480736
临沧,红河哈尼族彝族自治州,0.00681055128
黔西南布依族苗族自治州,红河哈尼族彝族自治州,0.00506425608
毕节,红河哈尼族彝族自治州,0.00471499704
百色,红河哈尼族彝族自治州,0.00445305276
保山,红河哈尼族彝族自治州,0.00384184944
丽江,红河哈尼族彝族自治州,0.00375453468
玉林,红河哈尼族彝族自治州,0.00279407232
邵阳,红河哈尼族彝族自治州,0.00270675756
六盘水,红河哈尼族彝族自治州,0.0026194428
广安,红河哈尼族彝族自治州,0.00253212804
成都,红河哈尼族彝族自治州,0.00244481328
肇庆,红河哈尼族彝族自治州,0.00227018376
自贡,红河哈尼族彝族自治州,0.00192092472
贵阳,红河哈尼族彝族自治州,0.00183360996
娄底,红河哈尼族彝族自治州,0.00165898044
南宁,红河哈尼族彝族自治州,0.00148435092
泸州,红河哈尼族彝族自治州,0.00148435092
安顺,红河哈尼族彝族自治州,0.00148435092
遵义,红河哈尼族彝族自治州,0.00139703616
遂宁,红河哈尼族彝族自治州,0.0013097214
北海,红河哈尼族彝族自治州,0.00113509188
宜宾,红河哈尼族彝族自治州,0.00104777712
德宏傣族景颇族自治州,红河哈尼族彝族自治州,0.00104777712
衡阳,红河哈尼族彝族自治州,0.00104777712
泉州,红河哈尼族彝族自治州,0.00096046236
凉山彝族自治州,红河哈尼族彝族自治州,0.00096046236
内江,红河哈尼族彝族自治州,0.00096046236
攀枝花,红河哈尼族彝族自治州,0.00078583284
广州,红河哈尼族彝族自治州,0.00078583284
南充,红河哈尼族彝族自治州,0.00078583284
福州,红河哈尼族彝族自治州,0.00069851808
铜仁,红河哈尼族彝族自治州,0.00069851808
眉山,红河哈尼族彝族自治州,0.00069851808
河池,红河哈尼族彝族自治州,0.00061120332
桂林,红河哈尼族彝族自治州,0.00061120332
东莞,红河哈尼族彝族自治州,0.00061120332
永州,红河哈尼族彝族自治州,0.00061120332
云浮,红河哈尼族彝族自治州,0.00061120332
柳州,红河哈尼族彝族自治州,0.00061120332
南昌,红河哈尼族彝族自治州,0.00061120332
钦州,红河哈尼族彝族自治州,0.00061120332
资阳,红河哈尼族彝族自治州,0.00061120332
黔南布依族苗族自治州,红河哈尼族彝族自治州,0.00061120332
茂名,红河哈尼族彝族自治州,0.00061120332
常德,红河哈尼族彝族自治州,0.00061120332
深圳,红河哈尼族彝族自治州,0.00061120332
北京,红河哈尼族彝族自治州,0.00061120332
南阳,红河哈尼族彝族自治州,0.00052388856
迪庆藏族自治州,红河哈尼族彝族自治州,0.00052388856
崇左,红河哈尼族彝族自治州,0.00052388856
惠州,红河哈尼族彝族自治州,0.00052388856
湛江,红河哈尼族彝族自治州,0.0004365738
黔东南苗族侗族自治州,红河哈尼族彝族自治州,0.0004365738
乐山,红河哈尼族彝族自治州,0.0004365738
上海,红河哈尼族彝族自治州,0.0004365738
宜春,红河哈尼族彝族自治州,0.0004365738
达州,红河哈尼族彝族自治州,0.0004365738
驻马店,红河哈尼族彝族自治州,0.0004365738
临沂,红河哈尼族彝族自治州,0.00034925904
汉中,红河哈尼族彝族自治州,0.00034925904
抚州,红河哈尼族彝族自治州,0.00034925904
新乡,红河哈尼族彝族自治州,0.00034925904
郴州,红河哈尼族彝族自治州,0.00034925904
梧州,红河哈尼族彝族自治州,0.00034925904
许昌,红河哈尼族彝族自治州,0.00034925904
苏州,红河哈尼族彝族自治州,0.00034925904
德阳,红河哈尼族彝族自治州,0.00034925904
贵港,红河哈尼族彝族自治州,0.00034925904
镇江,红河哈尼族彝族自治州,0.00034925904
杭州,红河哈尼族彝族自治州,0.00034925904
阜阳,红河哈尼族彝族自治州,0.00034925904
十堰,红河哈尼族彝族自治州,0.00034925904
温州,红河哈尼族彝族自治州,0.00034925904
吉安,红河哈尼族彝族自治州,0.00034925904
金华,红河哈尼族彝族自治州,0.00034925904
济宁,红河哈尼族彝族自治州,0.00026194428
南通,红河哈尼族彝族自治州,0.00026194428
潍坊,红河哈尼族彝族自治州,0.00026194428
九江,红河哈尼族彝族自治州,0.00026194428
安康,红河哈尼族彝族自治州,0.00026194428
台州,红河哈尼族彝族自治州,0.00026194428
武汉,红河哈尼族彝族自治州,0.00026194428
益阳,红河哈尼族彝族自治州,0.00026194428
巴中,红河哈尼族彝族自治州,0.00017462952
石家庄,红河哈尼族彝族自治州,0.00017462952
连云港,红河哈尼族彝族自治州,0.00017462952
赣州,红河哈尼族彝族自治州,0.00017462952
长沙,红河哈尼族彝族自治州,0.00017462952
广元,红河哈尼族彝族自治州,0.00017462952
滁州,红河哈尼族彝族自治州,0.00017462952
红河哈尼族彝族自治州,文山壮族苗族自治州,0.14792624352
昆明,文山壮族苗族自治州,0.0747641664
百色,文山壮族苗族自治州,0.05529635424
曲靖,文山壮族苗族自治州,0.05058718272
玉溪,文山壮族苗族自治州,0.01271961792
大理白族自治州,文山壮族苗族自治州,0.01058349888
楚雄彝族自治州,文山壮族苗族自治州,0.00961253568
昭通,文山壮族苗族自治州,0.00791335008
重庆,文山壮族苗族自治州,0.00621416448
茂名,文山壮族苗族自治州,0.00616561632
临沧,文山壮族苗族自治州,0.0055344902399999
普洱,文山壮族苗族自治州,0.00529174944
玉林,文山壮族苗族自治州,0.00441788256
邵阳,文山壮族苗族自治州,0.0038838528
南宁,文山壮族苗族自治州,0.00378675648
西双版纳傣族自治州,文山壮族苗族自治州,0.0033983712
保山,文山壮族苗族自治州,0.00300998592
毕节,文山壮族苗族自治州,0.00262160064
黔西南布依族苗族自治州,文山壮族苗族自治州,0.002427408
自贡,文山壮族苗族自治州,0.00233031168
娄底,文山壮族苗族自治州,0.00208757088
东莞,文山壮族苗族自治州,0.00203902272
丽江,文山壮族苗族自治州,0.00184483008
贵港,文山壮族苗族自治州,0.00184483008
衡阳,文山壮族苗族自治州,0.00174773376
广安,文山壮族苗族自治州,0.00174773376
桂林,文山壮族苗族自治州,0.00165063744
崇左,文山壮族苗族自治州,0.00165063744
河池,文山壮族苗族自治州,0.00165063744
泸州,文山壮族苗族自治州,0.0014564448
湛江,文山壮族苗族自治州,0.0014564448
钦州,文山壮族苗族自治州,0.00131080032
安顺,文山壮族苗族自治州,0.00116515584
六盘水,文山壮族苗族自治州,0.00116515584
贵阳,文山壮族苗族自治州,0.0009709632
永州,文山壮族苗族自治州,0.0009709632
佛山,文山壮族苗族自治州,0.00092241504
广州,文山壮族苗族自治州,0.00092241504
内江,文山壮族苗族自治州,0.00092241504
北海,文山壮族苗族自治州,0.00092241504
遵义,文山壮族苗族自治州,0.00087386688
泉州,文山壮族苗族自治州,0.00082531872
江门,文山壮族苗族自治州,0.00082531872
黔南布依族苗族自治州,文山壮族苗族自治州,0.00082531872
深圳,文山壮族苗族自治州,0.00077677056
梧州,文山壮族苗族自治州,0.0007282224
凉山彝族自治州,文山壮族苗族自治州,0.0007282224
成都,文山壮族苗族自治州,0.00067967424
温州,文山壮族苗族自治州,0.00063112608
常德,文山壮族苗族自治州,0.00063112608
宜宾,文山壮族苗族自治州,0.00063112608
南昌,文山壮族苗族自治州,0.00063112608
柳州,文山壮族苗族自治州,0.00063112608
郴州,文山壮族苗族自治州,0.00058257792
阳江,文山壮族苗族自治州,0.00058257792
达州,文山壮族苗族自治州,0.00058257792
黔东南苗族侗族自治州,文山壮族苗族自治州,0.00058257792
安庆,文山壮族苗族自治州,0.00058257792
遂宁,文山壮族苗族自治州,0.00058257792
杭州,文山壮族苗族自治州,0.00053402976
福州,文山壮族苗族自治州,0.00053402976
南充,文山壮族苗族自治州,0.0004854816
湖州,文山壮族苗族自治州,0.0004854816
商丘,文山壮族苗族自治州,0.0004854816
怀化,文山壮族苗族自治州,0.0004854816
惠州,文山壮族苗族自治州,0.0004854816
安康,文山壮族苗族自治州,0.00043693344
资阳,文山壮族苗族自治州,0.00043693344
抚州,文山壮族苗族自治州,0.00038838528
德宏傣族景颇族自治州,文山壮族苗族自治州,0.00038838528
武汉,文山壮族苗族自治州,0.00033983712
宜昌,文山壮族苗族自治州,0.00033983712
吉安,文山壮族苗族自治州,0.00033983712
滨州,文山壮族苗族自治州,0.00033983712
贺州,文山壮族苗族自治州,0.00033983712
平顶山,文山壮族苗族自治州,0.00033983712
株洲,文山壮族苗族自治州,0.00033983712
九江,文山壮族苗族自治州,0.00033983712
中山,文山壮族苗族自治州,0.00033983712
赣州,文山壮族苗族自治州,0.00033983712
来宾,文山壮族苗族自治州,0.00029128896
荆州,文山壮族苗族自治州,0.00029128896
绵阳,文山壮族苗族自治州,0.00029128896
金华,文山壮族苗族自治州,0.00029128896
宜春,文山壮族苗族自治州,0.00029128896
益阳,文山壮族苗族自治州,0.00029128896
铜仁,文山壮族苗族自治州,0.00029128896
南阳,文山壮族苗族自治州,0.0002427408
眉山,文山壮族苗族自治州,0.0002427408
清远,文山壮族苗族自治州,0.0002427408
孝感,文山壮族苗族自治州,0.0002427408
怒江傈僳族自治州,文山壮族苗族自治州,0.0002427408
天津,文山壮族苗族自治州,0.0002427408
防城港,文山壮族苗族自治州,0.00019419264
驻马店,文山壮族苗族自治州,0.00019419264
洛阳,文山壮族苗族自治州,0.00019419264
云浮,文山壮族苗族自治州,0.00019419264
恩施土家族苗族自治州,文山壮族苗族自治州,0.00019419264
北京,文山壮族苗族自治州,0.00019419264
焦作,文山壮族苗族自治州,0.00019419264
普洱,西双版纳傣族自治州,0.12400126056
昆明,西双版纳傣族自治州,0.04664591064
曲靖,西双版纳傣族自治州,0.0215071848
玉溪,西双版纳傣族自治州,0.02147192712
红河哈尼族彝族自治州,西双版纳傣族自治州,0.01731152088
大理白族自治州,西双版纳傣族自治州,0.01142348832
文山壮族苗族自治州,西双版纳傣族自治州,0.00768617424
楚雄彝族自治州,西双版纳傣族自治州,0.00655792848
临沧,西双版纳傣族自治州,0.00648741312
重庆,西双版纳傣族自治州,0.00627586704
成都,西双版纳傣族自治州,0.00532390968
昭通,西双版纳傣族自治州,0.0045834984
保山,西双版纳傣族自治州,0.00437195232
丽江,西双版纳傣族自治州,0.00426617928
衡阳,西双版纳傣族自治州,0.0033494796
自贡,西双版纳傣族自治州,0.0015865956
六盘水,西双版纳傣族自治州,0.00151608024
西安,西双版纳傣族自治州,0.00148082256
北京,西双版纳傣族自治州,0.00148082256
泸州,西双版纳傣族自治州,0.00130453416
南宁,西双版纳傣族自治州,0.00126927648
广州,西双版纳傣族自治州,0.00119876112
毕节,西双版纳傣族自治州,0.00109298808
德宏傣族景颇族自治州,西双版纳傣族自治州,0.0010577304
遵义,西双版纳傣族自治州,0.0010577304
凉山彝族自治州,西双版纳傣族自治州,0.00095195736
玉林,西双版纳傣族自治州,0.00091669968
贵阳,西双版纳傣族自治州,0.00091669968
邵阳,西双版纳傣族自治州,0.000881442
杭州,西双版纳傣族自治州,0.00084618432
南充,西双版纳傣族自治州,0.00081092664
廊坊,西双版纳傣族自治州,0.00077566896
郑州,西双版纳傣族自治州,0.00077566896
广安,西双版纳傣族自治州,0.00074041128
福州,西双版纳傣族自治州,0.00074041128
宜春,西双版纳傣族自治州,0.00074041128
资阳,西双版纳傣族自治州,0.0007051536
黔西南布依族苗族自治州,西双版纳傣族自治州,0.0007051536
内江,西双版纳傣族自治州,0.0007051536
宜宾,西双版纳傣族自治州,0.0007051536
绵阳,西双版纳傣族自治州,0.00066989592
天津,西双版纳傣族自治州,0.00066989592
上海,西双版纳傣族自治州,0.00066989592
临沂,西双版纳傣族自治州,0.00066989592
武汉,西双版纳傣族自治州,0.00063463824
钦州,西双版纳傣族自治州,0.00063463824
吉安,西双版纳傣族自治州,0.00063463824
温州,西双版纳傣族自治州,0.00063463824
遂宁,西双版纳傣族自治州,0.00059938056
永州,西双版纳傣族自治州,0.00056412288
安顺,西双版纳傣族自治州,0.00056412288
眉山,西双版纳傣族自治州,0.00056412288
唐山,西双版纳傣族自治州,0.00056412288
深圳,西双版纳傣族自治州,0.0005288652
驻马店,西双版纳傣族自治州,0.0005288652
沧州,西双版纳傣族自治州,0.00049360752
哈尔滨,西双版纳傣族自治州,0.00045834984
长沙,西双版纳傣族自治州,0.00042309216
台州,西双版纳傣族自治州,0.00038783448
沈阳,西双版纳傣族自治州,0.00038783448
湛江,西双版纳傣族自治州,0.00038783448
达州,西双版纳傣族自治州,0.00038783448
黔南布依族苗族自治州,西双版纳傣族自治州,0.00038783448
大连,西双版纳傣族自治州,0.00038783448
咸阳,西双版纳傣族自治州,0.00038783448
娄底,西双版纳傣族自治州,0.00038783448
周口,西双版纳傣族自治州,0.0003525768
株洲,西双版纳傣族自治州,0.0003525768
北海,西双版纳傣族自治州,0.0003525768
桂林,西双版纳傣族自治州,0.0003525768
三亚,西双版纳傣族自治州,0.00031731912
长春,西双版纳傣族自治州,0.00031731912
广元,西双版纳傣族自治州,0.00031731912
南京,西双版纳傣族自治州,0.00031731912
德阳,西双版纳傣族自治州,0.00031731912
洛阳,西双版纳傣族自治州,0.00031731912
泉州,西双版纳傣族自治州,0.00031731912
乐山,西双版纳傣族自治州,0.00031731912
聊城,西双版纳傣族自治州,0.00031731912
西宁,西双版纳傣族自治州,0.00028206144
榆林,西双版纳傣族自治州,0.00028206144
攀枝花,西双版纳傣族自治州,0.00028206144
黔东南苗族侗族自治州,西双版纳傣族自治州,0.00024680376
怀化,西双版纳傣族自治州,0.00024680376
保定,西双版纳傣族自治州,0.00024680376
郴州,西双版纳傣族自治州,0.00024680376
亳州,西双版纳傣族自治州,0.00021154608
徐州,西双版纳傣族自治州,0.00021154608
孝感,西双版纳傣族自治州,0.00021154608
烟台,西双版纳傣族自治州,0.00021154608
荆门,西双版纳傣族自治州,0.00021154608
萍乡,西双版纳傣族自治州,0.00021154608
湘西土家族苗族自治州,西双版纳傣族自治州,0.00021154608
新乡,西双版纳傣族自治州,0.00021154608
盐城,西双版纳傣族自治州,0.00021154608
崇左,西双版纳傣族自治州,0.00021154608
莆田,西双版纳傣族自治州,0.00021154608
茂名,西双版纳傣族自治州,0.00021154608
潍坊,西双版纳傣族自治州,0.0001762884
赣州,西双版纳傣族自治州,0.0001762884
丽江,大理白族自治州,0.14391935496
昆明,大理白族自治州,0.13936654584
保山,大理白族自治州,0.08018002728
楚雄彝族自治州,大理白族自治州,0.07604877456
临沧,大理白族自治州,0.07056854136
曲靖,大理白族自治州,0.04620258144
怒江傈僳族自治州,大理白族自治州,0.04375755432
迪庆藏族自治州,大理白族自治州,0.03085792848
德宏傣族景颇族自治州,大理白族自治州,0.01998177336
普洱,大理白族自治州,0.01947590568
红河哈尼族彝族自治州,大理白族自治州,0.01922297184
玉溪,大理白族自治州,0.0169465672799999
昭通,大理白族自治州,0.0119722017599999
文山壮族苗族自治州,大理白族自治州,0.01062322128
西双版纳傣族自治州,大理白族自治州,0.00750370392
成都,大理白族自治州,0.00725077008
重庆,大理白族自治州,0.00666059112
毕节,大理白族自治州,0.0053959219199999
六盘水,大理白族自治州,0.0035410737599999
安顺,大理白族自治州,0.0029508947999999
贵阳,大理白族自治州,0.0029508947999999
邵阳,大理白族自治州,0.0024450271199999
遵义,大理白族自治州,0.00219209328
宜宾,大理白族自治州,0.002107782
福州,大理白族自治州,0.00202347072
凉山彝族自治州,大理白族自治州,0.00202347072
攀枝花,大理白族自治州,0.00193915944
黔西南布依族苗族自治州,大理白族自治州,0.00193915944
泸州,大理白族自治州,0.0017705368799999
南充,大理白族自治州,0.0016862256
内江,大理白族自治州,0.0015176030399999
绵阳,大理白族自治州,0.0013489804799999
广州,大理白族自治州,0.0013489804799999
自贡,大理白族自治州,0.00118035792
乐山,大理白族自治州,0.00118035792
南宁,大理白族自治州,0.00118035792
北京,大理白族自治州,0.00109604664
深圳,大理白族自治州,0.00109604664
资阳,大理白族自治州,0.00109604664
百色,大理白族自治州,0.00092742408
遂宁,大理白族自治州,0.00092742408
眉山,大理白族自治州,0.0008431128
长沙,大理白族自治州,0.0008431128
广安,大理白族自治州,0.0008431128
甘孜藏族自治州,大理白族自治州,0.0007588015199999
黔南布依族苗族自治州,大理白族自治州,0.0007588015199999
德阳,大理白族自治州,0.0007588015199999
上饶,大理白族自治州,0.0007588015199999
荆州,大理白族自治州,0.0006744902399999
西安,大理白族自治州,0.0006744902399999
武汉,大理白族自治州,0.0006744902399999
咸阳,大理白族自治州,0.0006744902399999
娄底,大理白族自治州,0.0006744902399999
玉林,大理白族自治州,0.00059017896
永州,大理白族自治州,0.00059017896
桂林,大理白族自治州,0.00059017896
广元,大理白族自治州,0.00059017896
杭州,大理白族自治州,0.00059017896
温州,大理白族自治州,0.00050586768
上海,大理白族自治州,0.00050586768
黔东南苗族侗族自治州,大理白族自治州,0.00050586768
南昌,大理白族自治州,0.00050586768
南京,大理白族自治州,0.00050586768
南阳,大理白族自治州,0.00050586768
铜仁,大理白族自治州,0.00050586768
亳州,大理白族自治州,0.0004215564
河池,大理白族自治州,0.0004215564
达州,大理白族自治州,0.0004215564
沈阳,大理白族自治州,0.0004215564
泉州,大理白族自治州,0.0004215564
郑州,大理白族自治州,0.0004215564
台州,大理白族自治州,0.0004215564
金华,大理白族自治州,0.0003372451199999
湘西土家族苗族自治州,大理白族自治州,0.0003372451199999
株洲,大理白族自治州,0.0003372451199999
常德,大理白族自治州,0.0003372451199999
天津,大理白族自治州,0.0003372451199999
北海,大理白族自治州,0.0003372451199999
益阳,大理白族自治州,0.0003372451199999
沧州,大理白族自治州,0.0003372451199999
衡阳,大理白族自治州,0.0003372451199999
黄石,大理白族自治州,0.0003372451199999
雅安,大理白族自治州,0.0003372451199999
怀化,大理白族自治州,0.0003372451199999
巴中,大理白族自治州,0.0003372451199999
新乡,大理白族自治州,0.0003372451199999
柳州,大理白族自治州,0.0003372451199999
东莞,大理白族自治州,0.0003372451199999
驻马店,大理白族自治州,0.0003372451199999
九江,大理白族自治州,0.0003372451199999
运城,大理白族自治州,0.00025293384
邯郸,大理白族自治州,0.00025293384
昌都,大理白族自治州,0.00025293384
徐州,大理白族自治州,0.00025293384
惠州,大理白族自治州,0.00025293384
廊坊,大理白族自治州,0.00025293384
莆田,大理白族自治州,0.00025293384
周口,大理白族自治州,0.00025293384
安阳,大理白族自治州,0.00025293384
太原,大理白族自治州,0.00025293384
保山,德宏傣族景颇族自治州,0.16431326604
大理白族自治州,德宏傣族景颇族自治州,0.02144743272
昆明,德宏傣族景颇族自治州,0.01988074368
曲靖,德宏傣族景颇族自治州,0.0117501677999999
楚雄彝族自治州,德宏傣族景颇族自治州,0.00361959192
临沧,德宏傣族景颇族自治州,0.00359258004
重庆,德宏傣族景颇族自治州,0.00235003356
丽江,德宏傣族景颇族自治州,0.00224198604
宜春,德宏傣族景颇族自治州,0.00205290288
玉溪,德宏傣族景颇族自治州,0.00205290288
红河哈尼族彝族自治州,德宏傣族景颇族自治州,0.00197186724
普洱,德宏傣族景颇族自治州,0.00143162964
昭通,德宏傣族景颇族自治州,0.00137760588
怒江傈僳族自治州,德宏傣族景颇族自治州,0.00116151084
茂名,德宏傣族景颇族自治州,0.00116151084
成都,德宏傣族景颇族自治州,0.00110748708
西双版纳傣族自治州,德宏傣族景颇族自治州,0.00105346332
文山壮族苗族自治州,德宏傣族景颇族自治州,0.0009454157999999
衡阳,德宏傣族景颇族自治州,0.00089139204
南阳,德宏傣族景颇族自治州,0.0008643801599999
邵阳,德宏傣族景颇族自治州,0.00059426136
贵阳,德宏傣族景颇族自治州,0.00059426136
内江,德宏傣族景颇族自治州,0.0005402376
泉州,德宏傣族景颇族自治州,0.00045920196
长沙,德宏傣族景颇族自治州,0.00045920196
福州,德宏傣族景颇族自治州,0.0004321900799999
娄底,德宏傣族景颇族自治州,0.0004321900799999
郑州,德宏傣族景颇族自治州,0.0004051782
九江,德宏傣族景颇族自治州,0.0004051782
上海,德宏傣族景颇族自治州,0.0004051782
攀枝花,德宏傣族景颇族自治州,0.00037816632
乐山,德宏傣族景颇族自治州,0.00037816632
安顺,德宏傣族景颇族自治州,0.00035115444
玉林,德宏傣族景颇族自治州,0.00035115444
抚州,德宏傣族景颇族自治州,0.00035115444
凉山彝族自治州,德宏傣族景颇族自治州,0.00035115444
泸州,德宏傣族景颇族自治州,0.00029713068
贵港,德宏傣族景颇族自治州,0.00029713068
西安,德宏傣族景颇族自治州,0.00029713068
莆田,德宏傣族景颇族自治州,0.00029713068
温州,德宏傣族景颇族自治州,0.0002701188
南宁,德宏傣族景颇族自治州,0.0002701188
北京,德宏傣族景颇族自治州,0.0002701188
宜宾,德宏傣族景颇族自治州,0.0002701188
广安,德宏傣族景颇族自治州,0.0002701188
毕节,德宏傣族景颇族自治州,0.00024310692
赣州,德宏傣族景颇族自治州,0.00024310692
绵阳,德宏傣族景颇族自治州,0.00024310692
焦作,德宏傣族景颇族自治州,0.00024310692
资阳,德宏傣族景颇族自治州,0.0002160950399999
吉安,德宏傣族景颇族自治州,0.0002160950399999
平顶山,德宏傣族景颇族自治州,0.0002160950399999
南充,德宏傣族景颇族自治州,0.0002160950399999
周口,德宏傣族景颇族自治州,0.0002160950399999
苏州,德宏傣族景颇族自治州,0.0002160950399999
迪庆藏族自治州,德宏傣族景颇族自治州,0.0002160950399999
眉山,德宏傣族景颇族自治州,0.00018908316
铜仁,德宏傣族景颇族自治州,0.00018908316
枣庄,德宏傣族景颇族自治州,0.00018908316
南昌,德宏傣族景颇族自治州,0.00018908316
遵义,德宏傣族景颇族自治州,0.00018908316
青岛,德宏傣族景颇族自治州,0.00018908316
黔西南布依族苗族自治州,德宏傣族景颇族自治州,0.00018908316
临沂,德宏傣族景颇族自治州,0.00018908316
河池,德宏傣族景颇族自治州,0.00018908316
宁德,德宏傣族景颇族自治州,0.00018908316
百色,德宏傣族景颇族自治州,0.00018908316
杭州,德宏傣族景颇族自治州,0.00018908316
安庆,德宏傣族景颇族自治州,0.00018908316
佛山,德宏傣族景颇族自治州,0.00018908316
驻马店,德宏傣族景颇族自治州,0.0001350594
德阳,德宏傣族景颇族自治州,0.0001350594
徐州,德宏傣族景颇族自治州,0.0001350594
株洲,德宏傣族景颇族自治州,0.0001350594
台州,德宏傣族景颇族自治州,0.0001350594
自贡,德宏傣族景颇族自治州,0.0001350594
济宁,德宏傣族景颇族自治州,0.0001350594
信阳,德宏傣族景颇族自治州,0.0001350594
咸阳,德宏傣族景颇族自治州,0.0001350594
黔东南苗族侗族自治州,德宏傣族景颇族自治州,0.0001350594
肇庆,德宏傣族景颇族自治州,0.0001350594
荆州,德宏傣族景颇族自治州,0.0001350594
岳阳,德宏傣族景颇族自治州,0.0001080475199999
钦州,德宏傣族景颇族自治州,0.0001080475199999
金华,德宏傣族景颇族自治州,0.0001080475199999
孝感,德宏傣族景颇族自治州,0.0001080475199999
厦门,德宏傣族景颇族自治州,0.0001080475199999
深圳,德宏傣族景颇族自治州,0.0001080475199999
廊坊,德宏傣族景颇族自治州,0.0001080475199999
益阳,德宏傣族景颇族自治州,0.0001080475199999
六盘水,德宏傣族景颇族自治州,0.0001080475199999
咸宁,德宏傣族景颇族自治州,0.0001080475199999
龙岩,德宏傣族景颇族自治州,0.0001080475199999
黄冈,德宏傣族景颇族自治州,0.0001080475199999
长春,德宏傣族景颇族自治州,0.0001080475199999
六安,德宏傣族景颇族自治州,0.0001080475199999
广州,德宏傣族景颇族自治州,0.0001080475199999
南通,德宏傣族景颇族自治州,0.0001080475199999
武汉,德宏傣族景颇族自治州,8.103563999999999e-05
天门,德宏傣族景颇族自治州,8.103563999999999e-05
大理白族自治州,怒江傈僳族自治州,0.04756173876
保山,怒江傈僳族自治州,0.02585287692
昆明,怒江傈僳族自治州,0.00971010504
丽江,怒江傈僳族自治州,0.00679929552
迪庆藏族自治州,怒江傈僳族自治州,0.00546610032
曲靖,怒江傈僳族自治州,0.00271083024
德宏傣族景颇族自治州,怒江傈僳族自治州,0.0025552908
楚雄彝族自治州,怒江傈僳族自治州,0.00181092348
红河哈尼族彝族自治州,怒江傈僳族自治州,0.00113321592
昭通,怒江傈僳族自治州,0.00089990676
临沧,怒江傈僳族自治州,0.00089990676
普洱,怒江傈僳族自治州,0.0006110478
重庆,怒江傈僳族自治州,0.00051105816
玉溪,怒江傈僳族自治州,0.00047772828
林芝,怒江傈僳族自治州,0.00035551872
邵阳,怒江傈僳族自治州,0.00035551872
文山壮族苗族自治州,怒江傈僳族自治州,0.00018886932
六盘水,怒江傈僳族自治州,0.00018886932
娄底,怒江傈僳族自治州,0.00015553944
成都,怒江傈僳族自治州,0.00012220956
凉山彝族自治州,怒江傈僳族自治州,0.00012220956
南充,怒江傈僳族自治州,0.00012220956
雅安,怒江傈僳族自治州,0.00012220956
福州,怒江傈僳族自治州,8.887968000000002e-05
怀化,怒江傈僳族自治州,8.887968000000002e-05
安庆,怒江傈僳族自治州,8.887968000000002e-05
广安,怒江傈僳族自治州,8.887968000000002e-05
毕节,怒江傈僳族自治州,8.887968000000002e-05
绵阳,怒江傈僳族自治州,8.887968000000002e-05
河池,怒江傈僳族自治州,8.887968000000002e-05
西安,怒江傈僳族自治州,5.554980000000001e-05
遂宁,怒江傈僳族自治州,5.554980000000001e-05
抚州,怒江傈僳族自治州,5.554980000000001e-05
西双版纳傣族自治州,怒江傈僳族自治州,5.554980000000001e-05
攀枝花,怒江傈僳族自治州,5.554980000000001e-05
平凉,怒江傈僳族自治州,2.2219920000000005e-05
东莞,怒江傈僳族自治州,2.2219920000000005e-05
茂名,怒江傈僳族自治州,2.2219920000000005e-05
百色,怒江傈僳族自治州,2.2219920000000005e-05
温州,怒江傈僳族自治州,2.2219920000000005e-05
宜宾,怒江傈僳族自治州,2.2219920000000005e-05
苏州,怒江傈僳族自治州,2.2219920000000005e-05
宁波,怒江傈僳族自治州,2.2219920000000005e-05
阜新,怒江傈僳族自治州,2.2219920000000005e-05
自贡,怒江傈僳族自治州,2.2219920000000005e-05
资阳,怒江傈僳族自治州,2.2219920000000005e-05
九江,怒江傈僳族自治州,2.2219920000000005e-05
梅州,怒江傈僳族自治州,2.2219920000000005e-05
常德,怒江傈僳族自治州,2.2219920000000005e-05
永州,怒江傈僳族自治州,2.2219920000000005e-05
济宁,怒江傈僳族自治州,2.2219920000000005e-05
益阳,怒江傈僳族自治州,2.2219920000000005e-05
乐山,怒江傈僳族自治州,2.2219920000000005e-05
安康,怒江傈僳族自治州,2.2219920000000005e-05
衡水,怒江傈僳族自治州,2.2219920000000005e-05
台州,怒江傈僳族自治州,2.2219920000000005e-05
晋中,怒江傈僳族自治州,2.2219920000000005e-05
常州,怒江傈僳族自治州,2.2219920000000005e-05
上海,怒江傈僳族自治州,2.2219920000000005e-05
扬州,怒江傈僳族自治州,2.2219920000000005e-05
宿迁,怒江傈僳族自治州,2.2219920000000005e-05
安顺,怒江傈僳族自治州,2.2219920000000005e-05
杭州,怒江傈僳族自治州,2.2219920000000005e-05
绍兴,怒江傈僳族自治州,2.2219920000000005e-05
鞍山,怒江傈僳族自治州,2.2219920000000005e-05
黔东南苗族侗族自治州,怒江傈僳族自治州,2.2219920000000005e-05
德阳,怒江傈僳族自治州,2.2219920000000005e-05
天津,怒江傈僳族自治州,2.2219920000000005e-05
中山,怒江傈僳族自治州,2.2219920000000005e-05
郑州,怒江傈僳族自治州,2.2219920000000005e-05
榆林,怒江傈僳族自治州,2.2219920000000005e-05
衡阳,怒江傈僳族自治州,2.2219920000000005e-05
南昌,怒江傈僳族自治州,2.2219920000000005e-05
丽江,迪庆藏族自治州,0.03475912824
大理白族自治州,迪庆藏族自治州,0.02027844072
甘孜藏族自治州,迪庆藏族自治州,0.00760555656
昆明,迪庆藏族自治州,0.00618122664
怒江傈僳族自治州,迪庆藏族自治州,0.00456516
昌都,迪庆藏族自治州,0.00336908808
曲靖,迪庆藏族自治州,0.0029764843199999
楚雄彝族自治州,迪庆藏族自治州,0.0020999736
保山,迪庆藏族自治州,0.0010956384
玉溪,迪庆藏族自治州,0.00071216496
红河哈尼族彝族自治州,迪庆藏族自治州,0.0006391223999999
安顺,迪庆藏族自治州,0.00048390696
凉山彝族自治州,迪庆藏族自治州,0.00048390696
临沧,迪庆藏族自治州,0.00044738568
重庆,迪庆藏族自治州,0.00028303992
毕节,迪庆藏族自治州,0.00025564896
文山壮族苗族自治州,迪庆藏族自治州,0.00021912768
普洱,迪庆藏族自治州,0.00021912768
昭通,迪庆藏族自治州,0.00021912768
宜宾,迪庆藏族自治州,0.00021912768
德宏傣族景颇族自治州,迪庆藏族自治州,0.00019173672
遂宁,迪庆藏族自治州,0.00019173672
西双版纳傣族自治州,迪庆藏族自治州,0.00019173672
衡阳,迪庆藏族自治州,0.00015521544
邵阳,迪庆藏族自治州,0.00015521544
泸州,迪庆藏族自治州,0.00015521544
成都,迪庆藏族自治州,0.00015521544
上海,迪庆藏族自治州,0.00012782448
六盘水,迪庆藏族自治州,0.00012782448
南宁,迪庆藏族自治州,0.00012782448
南阳,迪庆藏族自治州,9.13032e-05
内江,迪庆藏族自治州,9.13032e-05
渭南,迪庆藏族自治州,9.13032e-05
自贡,迪庆藏族自治州,9.13032e-05
南充,迪庆藏族自治州,9.13032e-05
温州,迪庆藏族自治州,9.13032e-05
宜昌,迪庆藏族自治州,6.391224000000001e-05
崇左,迪庆藏族自治州,6.391224000000001e-05
怀化,迪庆藏族自治州,6.391224000000001e-05
永州,迪庆藏族自治州,6.391224000000001e-05
驻马店,迪庆藏族自治州,6.391224000000001e-05
萍乡,迪庆藏族自治州,6.391224000000001e-05
岳阳,迪庆藏族自治州,6.391224000000001e-05
阿坝藏族羌族自治州,迪庆藏族自治州,6.391224000000001e-05
广州,迪庆藏族自治州,6.391224000000001e-05
潍坊,迪庆藏族自治州,6.391224000000001e-05
达州,迪庆藏族自治州,2.739096e-05
武汉,迪庆藏族自治州,2.739096e-05
福州,迪庆藏族自治州,2.739096e-05
佛山,迪庆藏族自治州,2.739096e-05
德阳,迪庆藏族自治州,2.739096e-05
肇庆,迪庆藏族自治州,2.739096e-05
临夏回族自治州,迪庆藏族自治州,2.739096e-05
绵阳,迪庆藏族自治州,2.739096e-05
攀枝花,迪庆藏族自治州,2.739096e-05
贵港,迪庆藏族自治州,2.739096e-05
临沂,迪庆藏族自治州,2.739096e-05
邯郸,迪庆藏族自治州,2.739096e-05
中山,迪庆藏族自治州,2.739096e-05
合肥,迪庆藏族自治州,2.739096e-05
烟台,迪庆藏族自治州,2.739096e-05
贵阳,迪庆藏族自治州,2.739096e-05
信阳,迪庆藏族自治州,2.739096e-05
黔西南布依族苗族自治州,迪庆藏族自治州,2.739096e-05
鹰潭,迪庆藏族自治州,2.739096e-05
周口,迪庆藏族自治州,2.739096e-05
拉萨,迪庆藏族自治州,2.739096e-05
上饶,迪庆藏族自治州,2.739096e-05
广安,迪庆藏族自治州,2.739096e-05
黔南布依族苗族自治州,迪庆藏族自治州,2.739096e-05
长春,迪庆藏族自治州,2.739096e-05
百色,迪庆藏族自治州,2.739096e-05
苏州,迪庆藏族自治州,2.739096e-05
许昌,迪庆藏族自治州,2.739096e-05
保定,迪庆藏族自治州,2.739096e-05
揭阳,迪庆藏族自治州,2.739096e-05
乐山,迪庆藏族自治州,2.739096e-05
新乡,迪庆藏族自治州,2.739096e-05
深圳,迪庆藏族自治州,2.739096e-05
郑州,迪庆藏族自治州,2.739096e-05
厦门,迪庆藏族自治州,2.739096e-05
东营,迪庆藏族自治州,2.739096e-05
鄂尔多斯,迪庆藏族自治州,2.739096e-05
眉山,迪庆藏族自治州,2.739096e-05
甘孜藏族自治州,西藏自治区,0.01590329052
成都,西藏自治区,0.0153542368799999
重庆,西藏自治区,0.00540384372
海西蒙古族藏族自治州,西藏自治区,0.0045272844
迪庆藏族自治州,西藏自治区,0.0044309592
玉树藏族自治州,西藏自治区,0.00359292996
西宁,西藏自治区,0.00290902104
绵阳,西藏自治区,0.00200356416
遂宁,西藏自治区,0.0013581853199999
南充,西藏自治区,0.00131965524
西安,西藏自治区,0.00119443248
眉山,西藏自治区,0.00109810728
临夏回族自治州,西藏自治区,0.00109810728
凉山彝族自治州,西藏自治区,0.00109810728
海东,西藏自治区,0.0010595772
德阳,西藏自治区,0.000963252
咸阳,西藏自治区,0.00090545688
乐山,西藏自治区,0.0008091316799999
怒江傈僳族自治州,西藏自治区,0.00074170404
达州,西藏自治区,0.00074170404
商丘,西藏自治区,0.00070317396
广安,西藏自治区,0.0006742763999999
武威,西藏自治区,0.00060684876
周口,西藏自治区,0.00054905364
许昌,西藏自治区,0.000481626
内江,西藏自治区,0.000481626
宜宾,西藏自治区,0.00045272844
开封,西藏自治区,0.00045272844
昆明,西藏自治区,0.00045272844
天水,西藏自治区,0.00045272844
自贡,西藏自治区,0.00041419836
雅安,西藏自治区,0.00041419836
广元,西藏自治区,0.00041419836
资阳,西藏自治区,0.00041419836
大理白族自治州,西藏自治区,0.00041419836
阜阳,西藏自治区,0.0003853008
宝鸡,西藏自治区,0.0003853008
漯河,西藏自治区,0.0003853008
张掖,西藏自治区,0.0003853008
南阳,西藏自治区,0.0003853008
郑州,西藏自治区,0.00034677072
安阳,西藏自治区,0.00034677072
平顶山,西藏自治区,0.00034677072
泸州,西藏自治区,0.00034677072
驻马店,西藏自治区,0.00031787316
白银,西藏自治区,0.00031787316
兰州,西藏自治区,0.00031787316
丽江,西藏自治区,0.00031787316
鹤壁,西藏自治区,0.0002889756
焦作,西藏自治区,0.00025044552
潍坊,西藏自治区,0.00025044552
定西,西藏自治区,0.00025044552
菏泽,西藏自治区,0.00025044552
邯郸,西藏自治区,0.00022154796
陇南,西藏自治区,0.00022154796
上海,西藏自治区,0.00022154796
武汉,西藏自治区,0.00022154796
乌鲁木齐,西藏自治区,0.00022154796
信阳,西藏自治区,0.00022154796
海南藏族自治州,西藏自治区,0.00022154796
北京,西藏自治区,0.00022154796
庆阳,西藏自治区,0.0001926504
新乡,西藏自治区,0.0001926504
南昌,西藏自治区,0.0001926504
渭南,西藏自治区,0.0001926504
曲靖,西藏自治区,0.0001926504
朔州,西藏自治区,0.0001926504
深圳,西藏自治区,0.0001926504
南京,西藏自治区,0.0001926504
遵义,西藏自治区,0.0001926504
广州,西藏自治区,0.0001926504
中卫,西藏自治区,0.0001926504
安康,西藏自治区,0.0001926504
天津,西藏自治区,0.0001926504
安庆,西藏自治区,0.00015412032
黄石,西藏自治区,0.00015412032
平凉,西藏自治区,0.00015412032
运城,西藏自治区,0.00015412032
邢台,西藏自治区,0.00015412032
毕节,西藏自治区,0.00015412032
洛阳,西藏自治区,0.00015412032
阿坝藏族羌族自治州,西藏自治区,0.00015412032
南通,西藏自治区,0.00015412032
石家庄,西藏自治区,0.00015412032
常德,西藏自治区,0.00015412032
合肥,西藏自治区,0.00015412032
济宁,西藏自治区,0.00015412032
娄底,西藏自治区,0.00015412032
甘南藏族自治州,西藏自治区,0.00012522276
随州,西藏自治区,0.00012522276
鹰潭,西藏自治区,0.00012522276
楚雄彝族自治州,西藏自治区,0.00012522276
三亚,西藏自治区,0.00012522276
银川,西藏自治区,0.00012522276
孝感,西藏自治区,0.00012522276
中山,西藏自治区,0.00012522276
临沧,西藏自治区,0.00012522276
巴中,西藏自治区,0.00012522276
长沙,西藏自治区,0.00012522276
温州,西藏自治区,0.00012522276
山南,拉萨,0.0927370619999999
日喀则,拉萨,0.059397705
林芝,拉萨,0.0299671001999999
那曲,拉萨,0.0236313449999999
成都,拉萨,0.009835749
重庆,拉萨,0.0030401406
海西蒙古族藏族自治州,拉萨,0.0023503608
昌都,拉萨,0.0022226238
西宁,拉萨,0.0021970763999999
阿里地区,拉萨,0.0013795595999999
绵阳,拉萨,0.0012518225999999
南充,拉萨,0.0009963486
遂宁,拉萨,0.0009197064
海东,拉萨,0.000894159
眉山,拉萨,0.000766422
西安,拉萨,0.0006897797999999
临夏回族自治州,拉萨,0.0006642324
德阳,拉萨,0.0006642324
乐山,拉萨,0.0005364953999999
商丘,拉萨,0.0005364953999999
达州,拉萨,0.000510948
武威,拉萨,0.000510948
周口,拉萨,0.0004343057999999
咸阳,拉萨,0.0004087584
内江,拉萨,0.000383211
许昌,拉萨,0.000383211
广安,拉萨,0.000383211
安阳,拉萨,0.0003321162
天水,拉萨,0.0003321162
开封,拉萨,0.0003321162
漯河,拉萨,0.0003065687999999
自贡,拉萨,0.0003065687999999
雅安,拉萨,0.0003065687999999
南阳,拉萨,0.0002810214
广元,拉萨,0.0002810214
阜阳,拉萨,0.0002810214
郑州,拉萨,0.0002810214
张掖,拉萨,0.0002810214
宜宾,拉萨,0.000255474
焦作,拉萨,0.000255474
驻马店,拉萨,0.000255474
宝鸡,拉萨,0.000255474
昆明,拉萨,0.0002043792
平顶山,拉萨,0.0002043792
白银,拉萨,0.0002043792
资阳,拉萨,0.0001788317999999
兰州,拉萨,0.0001788317999999
武汉,拉萨,0.0001788317999999
南京,拉萨,0.0001788317999999
鹤壁,拉萨,0.0001788317999999
陇南,拉萨,0.0001788317999999
凉山彝族自治州,拉萨,0.0001532843999999
上海,拉萨,0.0001532843999999
黄石,拉萨,0.0001532843999999
石家庄,拉萨,0.0001532843999999
广州,拉萨,0.0001532843999999
甘孜藏族自治州,拉萨,0.0001532843999999
南通,拉萨,0.0001532843999999
北京,拉萨,0.0001532843999999
济宁,拉萨,0.0001532843999999
乌鲁木齐,拉萨,0.0001532843999999
定西,拉萨,0.0001532843999999
丽江,拉萨,0.0001532843999999
邢台,拉萨,0.0001532843999999
泸州,拉萨,0.0001532843999999
新乡,拉萨,0.0001532843999999
运城,拉萨,0.0001532843999999
海南藏族自治州,拉萨,0.0001532843999999
菏泽,拉萨,0.0001532843999999
洛阳,拉萨,0.000127737
宁波,拉萨,0.000127737
朔州,拉萨,0.000127737
玉树藏族自治州,拉萨,0.000127737
温州,拉萨,0.000127737
潍坊,拉萨,0.000127737
攀枝花,拉萨,0.000127737
甘南藏族自治州,拉萨,0.000127737
三亚,拉萨,0.000127737
邯郸,拉萨,0.000127737
孝感,拉萨,0.000127737
南昌,拉萨,0.000127737
遵义,拉萨,0.000127737
衡水,拉萨,0.000127737
随州,拉萨,0.000127737
中山,拉萨,0.000127737
南宁,拉萨,0.000127737
娄底,拉萨,0.000127737
中卫,拉萨,0.000127737
大理白族自治州,拉萨,0.000127737
泰州,拉萨,7.664219999999999e-05
庆阳,拉萨,7.664219999999999e-05
海口,拉萨,7.664219999999999e-05
天津,拉萨,7.664219999999999e-05
哈尔滨,拉萨,7.664219999999999e-05
巴中,拉萨,7.664219999999999e-05
楚雄彝族自治州,拉萨,7.664219999999999e-05
三门峡,拉萨,7.664219999999999e-05
黄南藏族自治州,拉萨,7.664219999999999e-05
沈阳,拉萨,7.664219999999999e-05
保定,拉萨,7.664219999999999e-05
拉萨,日喀则地区,0.04350963924
山南,日喀则地区,0.00929682684
阿里地区,日喀则地区,0.001683099
那曲,日喀则地区,0.0016463768399999
成都,日喀则地区,0.0006120359999999
林芝,日喀则地区,0.0005814342
重庆,日喀则地区,0.00041618448
西宁,日喀则地区,0.0002570551199999
海西蒙古族藏族自治州,日喀则地区,0.0001591293599999
眉山,日喀则地区,0.0001591293599999
信阳,日喀则地区,0.0001285275599999
绵阳,日喀则地区,0.0001285275599999
遂宁,日喀则地区,9.18054e-05
西安,日喀则地区,9.18054e-05
海东,日喀则地区,9.18054e-05
鹤壁,日喀则地区,9.18054e-05
开封,日喀则地区,9.18054e-05
宜宾,日喀则地区,6.12036e-05
昌都,日喀则地区,6.12036e-05
朔州,日喀则地区,6.12036e-05
南充,日喀则地区,6.12036e-05
商丘,日喀则地区,6.12036e-05
渭南,日喀则地区,6.12036e-05
南阳,日喀则地区,6.12036e-05
咸阳,日喀则地区,6.12036e-05
庆阳,日喀则地区,6.12036e-05
平顶山,日喀则地区,6.12036e-05
定西,日喀则地区,6.12036e-05
泸州,日喀则地区,6.12036e-05
内江,日喀则地区,6.12036e-05
中卫,日喀则地区,6.12036e-05
亳州,日喀则地区,6.12036e-05
荆州,日喀则地区,6.12036e-05
阜新,日喀则地区,3.06018e-05
延边朝鲜族自治州,日喀则地区,3.06018e-05
鹰潭,日喀则地区,3.06018e-05
吉林,日喀则地区,3.06018e-05
漯河,日喀则地区,3.06018e-05
盐城,日喀则地区,3.06018e-05
大理白族自治州,日喀则地区,3.06018e-05
兰州,日喀则地区,3.06018e-05
邵阳,日喀则地区,3.06018e-05
襄阳,日喀则地区,3.06018e-05
德阳,日喀则地区,3.06018e-05
娄底,日喀则地区,3.06018e-05
银川,日喀则地区,3.06018e-05
广元,日喀则地区,3.06018e-05
广州,日喀则地区,3.06018e-05
张掖,日喀则地区,3.06018e-05
周口,日喀则地区,3.06018e-05
长春,日喀则地区,3.06018e-05
铜仁,日喀则地区,3.06018e-05
昆明,日喀则地区,3.06018e-05
邯郸,日喀则地区,3.06018e-05
巴音郭楞蒙古自治州,日喀则地区,3.06018e-05
菏泽,日喀则地区,3.06018e-05
三门峡,日喀则地区,3.06018e-05
徐州,日喀则地区,3.06018e-05
四平,日喀则地区,3.06018e-05
宝鸡,日喀则地区,3.06018e-05
临夏回族自治州,日喀则地区,3.06018e-05
濮阳,日喀则地区,3.06018e-05
达州,日喀则地区,3.06018e-05
青岛,日喀则地区,3.06018e-05
临汾,日喀则地区,3.06018e-05
杭州,日喀则地区,3.06018e-05
甘孜藏族自治州,昌都地区,0.01516154112
迪庆藏族自治州,昌都地区,0.00434096496
林芝,昌都地区,0.0041761656
那曲,昌都地区,0.00333718704
拉萨,昌都地区,0.00252442656
玉树藏族自治州,昌都地区,0.00249446304
成都,昌都地区,0.00132588576
重庆,昌都地区,0.0006779246399999
山南,昌都地区,0.0005168707199999
大理白族自治州,昌都地区,0.00016105392
绵阳,昌都地区,0.00012734496
潍坊,昌都地区,0.00012734496
昆明,昌都地区,9.3636e-05
雅安,昌都地区,9.3636e-05
临夏回族自治州,昌都地区,9.3636e-05
保山,昌都地区,9.3636e-05
凉山彝族自治州,昌都地区,9.3636e-05
安康,昌都地区,9.3636e-05
资阳,昌都地区,9.3636e-05
丽江,昌都地区,9.3636e-05
天津,昌都地区,9.3636e-05
眉山,昌都地区,9.3636e-05
乐山,昌都地区,9.3636e-05
西宁,昌都地区,6.367248e-05
衡阳,昌都地区,6.367248e-05
忻州,昌都地区,6.367248e-05
泸州,昌都地区,6.367248e-05
西安,昌都地区,6.367248e-05
毕节,昌都地区,6.367248e-05
阿坝藏族羌族自治州,昌都地区,6.367248e-05
昭通,昌都地区,2.996352e-05
广安,昌都地区,2.996352e-05
德州,昌都地区,2.996352e-05
潮州,昌都地区,2.996352e-05
通辽,昌都地区,2.996352e-05
海西蒙古族藏族自治州,昌都地区,2.996352e-05
赤峰,昌都地区,2.996352e-05
合肥,昌都地区,2.996352e-05
商洛,昌都地区,2.996352e-05
武威,昌都地区,2.996352e-05
周口,昌都地区,2.996352e-05
吴忠,昌都地区,2.996352e-05
遂宁,昌都地区,2.996352e-05
楚雄彝族自治州,昌都地区,2.996352e-05
南充,昌都地区,2.996352e-05
深圳,昌都地区,2.996352e-05
临沧,昌都地区,2.996352e-05
南阳,昌都地区,2.996352e-05
内江,昌都地区,2.996352e-05
曲靖,昌都地区,2.996352e-05
潜江,昌都地区,2.996352e-05
阿里地区,昌都地区,2.996352e-05
宝鸡,昌都地区,2.996352e-05
怒江傈僳族自治州,昌都地区,2.996352e-05
丽水,昌都地区,2.996352e-05
宜宾,昌都地区,2.996352e-05
襄阳,昌都地区,2.996352e-05
百色,昌都地区,2.996352e-05
贺州,昌都地区,2.996352e-05
拉萨,林芝地区,0.0279928418399999
昌都,林芝地区,0.0082276592399999
山南,林芝地区,0.00421030548
成都,林芝地区,0.00184541004
日喀则,林芝地区,0.0010340233199999
怒江傈僳族自治州,林芝地区,0.00071243712
凉山彝族自治州,林芝地区,0.00057885516
甘孜藏族自治州,林芝地区,0.00054917028
重庆,林芝地区,0.0003215862
咸阳,林芝地区,0.0003215862
那曲,林芝地区,0.00028695384
绵阳,林芝地区,0.0002226366
广安,林芝地区,0.0001929517199999
德阳,林芝地区,0.0001929517199999
乐山,林芝地区,0.00015831936
遂宁,林芝地区,0.00012863448
西安,林芝地区,9.400212e-05
资阳,林芝地区,9.400212e-05
临夏回族自治州,林芝地区,9.400212e-05
自贡,林芝地区,9.400212e-05
邯郸,林芝地区,6.431724e-05
南充,林芝地区,6.431724e-05
宜宾,林芝地区,6.431724e-05
丽江,林芝地区,6.431724e-05
沧州,林芝地区,6.431724e-05
兰州,林芝地区,6.431724e-05
大理白族自治州,林芝地区,6.431724e-05
上海,林芝地区,6.431724e-05
无锡,林芝地区,6.431724e-05
海西蒙古族藏族自治州,林芝地区,6.431724e-05
宜春,林芝地区,6.431724e-05
晋中,林芝地区,6.431724e-05
泸州,林芝地区,6.431724e-05
阜阳,林芝地区,6.431724e-05
商丘,林芝地区,6.431724e-05
达州,林芝地区,2.968488e-05
菏泽,林芝地区,2.968488e-05
平顶山,林芝地区,2.968488e-05
聊城,林芝地区,2.968488e-05
乌海,林芝地区,2.968488e-05
宝鸡,林芝地区,2.968488e-05
绥化,林芝地区,2.968488e-05
平凉,林芝地区,2.968488e-05
衡阳,林芝地区,2.968488e-05
天门,林芝地区,2.968488e-05
陇南,林芝地区,2.968488e-05
武威,林芝地区,2.968488e-05
昆明,林芝地区,2.968488e-05
迪庆藏族自治州,林芝地区,2.968488e-05
三明,林芝地区,2.968488e-05
郑州,林芝地区,2.968488e-05
阿坝藏族羌族自治州,林芝地区,2.968488e-05
黔西南布依族苗族自治州,林芝地区,2.968488e-05
濮阳,林芝地区,2.968488e-05
丹东,林芝地区,2.968488e-05
许昌,林芝地区,2.968488e-05
渭南,林芝地区,2.968488e-05
眉山,林芝地区,2.968488e-05
宿州,林芝地区,2.968488e-05
德州,林芝地区,2.968488e-05
洛阳,林芝地区,2.968488e-05
深圳,林芝地区,2.968488e-05
金华,林芝地区,2.968488e-05
葫芦岛,林芝地区,2.968488e-05
太原,林芝地区,2.968488e-05
长沙,林芝地区,2.968488e-05
漯河,林芝地区,2.968488e-05
白银,林芝地区,2.968488e-05
恩施土家族苗族自治州,林芝地区,2.968488e-05
拉萨,山南地区,0.0679371786
林芝,山南地区,0.008481996
日喀则,山南地区,0.007354071
成都,山南地区,0.00135351
重庆,山南地区,0.0005774975999999
那曲,山南地区,0.0003519126
凉山彝族自治州,山南地区,0.0002526552
西安,山南地区,0.0001894914
绵阳,山南地区,0.0001894914
西宁,山南地区,0.0001533978
南充,山南地区,0.0001263276
遂宁,山南地区,0.0001263276
广元,山南地区,9.0234e-05
天水,山南地区,9.0234e-05
普洱,山南地区,9.0234e-05
池州,山南地区,9.0234e-05
安康,山南地区,9.0234e-05
常德,山南地区,9.0234e-05
昌都,山南地区,9.0234e-05
咸阳,山南地区,9.0234e-05
曲靖,山南地区,6.31638e-05
广安,山南地区,6.31638e-05
阿里地区,山南地区,6.31638e-05
北京,山南地区,6.31638e-05
张掖,山南地区,6.31638e-05
南昌,山南地区,6.31638e-05
安庆,山南地区,6.31638e-05
驻马店,山南地区,6.31638e-05
商洛,山南地区,6.31638e-05
许昌,山南地区,6.31638e-05
合肥,山南地区,6.31638e-05
达州,山南地区,6.31638e-05
遵义,山南地区,6.31638e-05
白银,山南地区,6.31638e-05
毕节,山南地区,6.31638e-05
德阳,山南地区,6.31638e-05
荆门,山南地区,2.70702e-05
仙桃,山南地区,2.70702e-05
绥化,山南地区,2.70702e-05
平凉,山南地区,2.70702e-05
阜阳,山南地区,2.70702e-05
厦门,山南地区,2.70702e-05
果洛藏族自治州,山南地区,2.70702e-05
昭通,山南地区,2.70702e-05
海西蒙古族藏族自治州,山南地区,2.70702e-05
郑州,山南地区,2.70702e-05
宜宾,山南地区,2.70702e-05
商丘,山南地区,2.70702e-05
黔西南布依族苗族自治州,山南地区,2.70702e-05
武汉,山南地区,2.70702e-05
鹰潭,山南地区,2.70702e-05
临沧,山南地区,2.70702e-05
深圳,山南地区,2.70702e-05
巴中,山南地区,2.70702e-05
眉山,山南地区,2.70702e-05
新乡,山南地区,2.70702e-05
咸宁,山南地区,2.70702e-05
聊城,山南地区,2.70702e-05
金昌,山南地区,2.70702e-05
松原,山南地区,2.70702e-05
临沂,山南地区,2.70702e-05
昌吉回族自治州,山南地区,2.70702e-05
桂林,山南地区,2.70702e-05
甘孜藏族自治州,山南地区,2.70702e-05
乌鲁木齐,山南地区,2.70702e-05
阿坝藏族羌族自治州,山南地区,2.70702e-05
大理白族自治州,山南地区,2.70702e-05
铜仁,山南地区,2.70702e-05
辽阳,山南地区,2.70702e-05
武威,山南地区,2.70702e-05
临夏回族自治州,山南地区,2.70702e-05
天门,山南地区,2.70702e-05
菏泽,山南地区,2.70702e-05
庆阳,山南地区,2.70702e-05
渭南,山南地区,2.70702e-05
拉萨,那曲地区,0.0205083576
昌都,那曲地区,0.0026238816
海西蒙古族藏族自治州,那曲地区,0.0018781794
阿里地区,那曲地区,0.0014573682
日喀则,那曲地区,0.0011324772
玉树藏族自治州,那曲地区,0.0009715788
山南,那曲地区,0.0006776298
林芝,那曲地区,0.0002908548
重庆,那曲地区,0.0001918404
西宁,那曲地区,0.0001608984
临夏回族自治州,那曲地区,0.0001268622
成都,那曲地区,6.1884e-05
郴州,那曲地区,6.1884e-05
达州,那曲地区,6.1884e-05
惠州,那曲地区,6.1884e-05
海东,那曲地区,6.1884e-05
海南藏族自治州,那曲地区,6.1884e-05
玉溪,那曲地区,3.0942e-05
资阳,那曲地区,3.0942e-05
绵阳,那曲地区,3.0942e-05
西安,那曲地区,3.0942e-05
包头,那曲地区,3.0942e-05
深圳,那曲地区,3.0942e-05
长沙,那曲地区,3.0942e-05
邵阳,那曲地区,3.0942e-05
汉中,那曲地区,3.0942e-05
兰州,那曲地区,3.0942e-05
金华,那曲地区,3.0942e-05
襄阳,那曲地区,3.0942e-05
平顶山,那曲地区,3.0942e-05
迪庆藏族自治州,那曲地区,3.0942e-05
周口,那曲地区,3.0942e-05
信阳,那曲地区,3.0942e-05
日喀则,阿里地区,0.00142539264
拉萨,阿里地区,0.00097168896
那曲,阿里地区,0.00048563712
成都,阿里地区,0.00029154816
重庆,阿里地区,0.0001617408
山南,阿里地区,0.00012939264
和田地区,阿里地区,0.00012939264
西宁,阿里地区,6.469632e-05
昌吉回族自治州,阿里地区,6.469632e-05
昆明,阿里地区,6.469632e-05
遂宁,阿里地区,3.234816e-05
临夏回族自治州,阿里地区,3.234816e-05
定西,阿里地区,3.234816e-05
宝鸡,阿里地区,3.234816e-05
鹰潭,阿里地区,3.234816e-05
忻州,阿里地区,3.234816e-05
绵阳,阿里地区,3.234816e-05
南充,阿里地区,3.234816e-05
平凉,阿里地区,3.234816e-05
乌鲁木齐,阿里地区,3.234816e-05
达州,阿里地区,3.234816e-05
咸阳,西安,2.45794976928
渭南,西安,1.6703249857200002
宝鸡,西安,0.96876847584
商洛,西安,0.69755333436
安康,西安,0.3843048499199999
延安,西安,0.3762984988799999
汉中,西安,0.3452738886
榆林,西安,0.32125483548
铜川,西安,0.21617147808
运城,西安,0.18614766168
庆阳,西安,0.18414607392
天水,西安,0.12409844112
平凉,西安,0.1050833574
临汾,西安,0.05904683892
周口,西安,0.05904683892
重庆,西安,0.05404286952
三门峡,西安,0.05304207564
南阳,西安,0.0480381062399999
洛阳,西安,0.04603651848
陇南,西安,0.04203334296
定西,西安,0.0410325490799999
商丘,西安,0.03903096132
宿州,西安,0.03803016744
成都,西安,0.03803016744
兰州,西安,0.03803016744
郑州,西安,0.0350277857999999
驻马店,西安,0.03202540416
许昌,西安,0.03102461028
吕梁,西安,0.0300238164
新乡,西安,0.0290230225199999
白银,西安,0.02802222864
菏泽,西安,0.02702143476
银川,西安,0.025019847
南充,西安,0.025019847
开封,西安,0.025019847
巴中,西安,0.0240190531199999
晋中,西安,0.02301825924
徐州,西安,0.02201746536
焦作,西安,0.02201746536
十堰,西安,0.0200158776
北京,西安,0.0200158776
太原,西安,0.01901508372
安阳,西安,0.01901508372
固原,西安,0.01901508372
邯郸,西安,0.01801428984
武威,西安,0.01701349596
信阳,西安,0.01701349596
平顶山,西安,0.0150119082
达州,西安,0.01301032044
阜阳,西安,0.01301032044
广元,西安,0.01301032044
保定,西安,0.01301032044
沧州,西安,0.0120095265599999
西宁,西安,0.0120095265599999
绵阳,西安,0.0120095265599999
上海,西安,0.01100873268
廊坊,西安,0.01100873268
张掖,西安,0.01100873268
忻州,西安,0.01100873268
乌鲁木齐,西安,0.0100079388
漯河,西安,0.0100079388
亳州,西安,0.0100079388
深圳,西安,0.0100079388
南昌,西安,0.0100079388
濮阳,西安,0.00900714492
荆州,西安,0.00900714492
长治,西安,0.00900714492
吴忠,西安,0.00900714492
包头,西安,0.00800635104
济宁,西安,0.00800635104
大同,西安,0.00800635104
襄阳,西安,0.00800635104
黄冈,西安,0.00800635104
天津,西安,0.00800635104
三亚,西安,0.00800635104
武汉,西安,0.00700555716
自贡,西安,0.00700555716
临夏回族自治州,西安,0.00700555716
中卫,西安,0.00700555716
鄂尔多斯,西安,0.00700555716
长沙,西安,0.00700555716
安庆,西安,0.00700555716
邢台,西安,0.00700555716
石家庄,西安,0.00700555716
宜春,西安,0.0060047632799999
临沂,西安,0.0060047632799999
朔州,西安,0.0060047632799999
呼和浩特,西安,0.0060047632799999
晋城,西安,0.0060047632799999
聊城,西安,0.0060047632799999
海东,西安,0.0060047632799999
邵阳,西安,0.0060047632799999
广州,西安,0.0060047632799999
娄底,西安,0.0060047632799999
遂宁,西安,0.0050039694
孝感,西安,0.0050039694
泉州,西安,0.0050039694
南通,西安,0.0050039694
济南,西安,0.0050039694
合肥,西安,0.0050039694
西安,铜川,0.10822933584
渭南,铜川,0.06161158728
咸阳,铜川,0.04548726072
延安,铜川,0.0285299431199999
榆林,铜川,0.00946039824
宝鸡,铜川,0.0060391850399999
商洛,铜川,0.00395670744
汉中,铜川,0.00389720808
安康,铜川,0.0031237164
庆阳,铜川,0.00202297824
重庆,铜川,0.00092224008
郑州,铜川,0.00083299104
运城,铜川,0.00083299104
菏泽,铜川,0.00080324136
三门峡,铜川,0.00080324136
商丘,铜川,0.00080324136
南阳,铜川,0.00065449296
临汾,铜川,0.0006247432799999
平凉,铜川,0.00053549424
天水,铜川,0.00050574456
成都,铜川,0.0004462452
阜阳,铜川,0.00041649552
驻马店,铜川,0.00041649552
许昌,铜川,0.00041649552
开封,铜川,0.00041649552
洛阳,铜川,0.00038674584
定西,铜川,0.00038674584
兰州,铜川,0.00032724648
吕梁,铜川,0.0002974968
平顶山,铜川,0.0002974968
自贡,铜川,0.0002974968
唐山,铜川,0.0002974968
常德,铜川,0.00026774712
安阳,铜川,0.00026774712
徐州,铜川,0.00026774712
南充,铜川,0.00023799744
焦作,铜川,0.00023799744
新乡,铜川,0.00023799744
太原,铜川,0.00023799744
绵阳,铜川,0.00023799744
深圳,铜川,0.00023799744
济宁,铜川,0.00020824776
巴中,铜川,0.00020824776
亳州,铜川,0.00020824776
周口,铜川,0.00020824776
盐城,铜川,0.00020824776
陇南,铜川,0.00020824776
银川,铜川,0.00020824776
鄂尔多斯,铜川,0.00020824776
宿州,铜川,0.0001784980799999
漯河,铜川,0.0001784980799999
南京,铜川,0.0001784980799999
包头,铜川,0.0001784980799999
宜宾,铜川,0.0001487484
九江,铜川,0.0001487484
白银,铜川,0.0001487484
固原,铜川,0.0001487484
濮阳,铜川,0.0001487484
遂宁,铜川,0.0001487484
襄阳,铜川,0.00011899872
益阳,铜川,0.00011899872
邯郸,铜川,0.00011899872
东莞,铜川,0.00011899872
海口,铜川,0.00011899872
南通,铜川,0.00011899872
信阳,铜川,0.00011899872
朔州,铜川,0.00011899872
黄冈,铜川,0.00011899872
青岛,铜川,0.00011899872
酒泉,铜川,8.924903999999999e-05
乌鲁木齐,铜川,8.924903999999999e-05
广元,铜川,8.924903999999999e-05
恩施土家族苗族自治州,铜川,8.924903999999999e-05
宁波,铜川,8.924903999999999e-05
济南,铜川,8.924903999999999e-05
广州,铜川,8.924903999999999e-05
长春,铜川,8.924903999999999e-05
张掖,铜川,8.924903999999999e-05
桂林,铜川,8.924903999999999e-05
福州,铜川,8.924903999999999e-05
阿拉善盟,铜川,8.924903999999999e-05
三亚,铜川,8.924903999999999e-05
保定,铜川,8.924903999999999e-05
大同,铜川,8.924903999999999e-05
阿克苏地区,铜川,8.924903999999999e-05
枣庄,铜川,8.924903999999999e-05
昆明,铜川,8.924903999999999e-05
泸州,铜川,8.924903999999999e-05
德阳,铜川,8.924903999999999e-05
苏州,铜川,8.924903999999999e-05
石嘴山,铜川,5.9499360000000006e-05
上海,铜川,5.9499360000000006e-05
临夏回族自治州,铜川,5.9499360000000006e-05
杭州,铜川,5.9499360000000006e-05
辽源,铜川,5.9499360000000006e-05
沧州,铜川,5.9499360000000006e-05
孝感,铜川,5.9499360000000006e-05
资阳,铜川,5.9499360000000006e-05
广安,铜川,5.9499360000000006e-05
乐山,铜川,5.9499360000000006e-05
西安,宝鸡,0.253519389
咸阳,宝鸡,0.139125681
天水,宝鸡,0.0300650129999999
汉中,宝鸡,0.0287317529999999
渭南,宝鸡,0.027465156
平凉,宝鸡,0.018132336
陇南,宝鸡,0.016199109
商洛,宝鸡,0.012332655
安康,宝鸡,0.0097994609999999
延安,宝鸡,0.008866179
榆林,宝鸡,0.0086661899999999
铜川,宝鸡,0.0045997469999999
庆阳,宝鸡,0.0040664429999999
重庆,宝鸡,0.0038664539999999
成都,宝鸡,0.003466476
运城,宝鸡,0.002933172
兰州,宝鸡,0.002933172
徐州,宝鸡,0.002933172
定西,宝鸡,0.0028665089999999
周口,宝鸡,0.002799846
南阳,宝鸡,0.002799846
郑州,宝鸡,0.002399868
南充,宝鸡,0.002199879
洛阳,宝鸡,0.00199989
白银,宝鸡,0.001733238
新乡,宝鸡,0.001666575
北京,宝鸡,0.001666575
上海,宝鸡,0.0015999119999999
巴中,宝鸡,0.001399923
商丘,宝鸡,0.001399923
广元,宝鸡,0.001266597
临汾,宝鸡,0.001266597
驻马店,宝鸡,0.001199934
安阳,宝鸡,0.001133271
三门峡,宝鸡,0.001133271
十堰,宝鸡,0.001133271
固原,宝鸡,0.001133271
宿州,宝鸡,0.001133271
邯郸,宝鸡,0.001066608
深圳,宝鸡,0.001066608
西宁,宝鸡,0.001066608
苏州,宝鸡,0.000999945
许昌,宝鸡,0.000999945
银川,宝鸡,0.000933282
保定,宝鸡,0.000933282
绵阳,宝鸡,0.000933282
菏泽,宝鸡,0.000933282
开封,宝鸡,0.000866619
淮北,宝鸡,0.0007999559999999
焦作,宝鸡,0.000733293
荆州,宝鸡,0.000733293
济宁,宝鸡,0.000733293
达州,宝鸡,0.000733293
平顶山,宝鸡,0.00066663
阜阳,宝鸡,0.00066663
乌鲁木齐,宝鸡,0.000599967
武威,宝鸡,0.000599967
晋中,宝鸡,0.000599967
邢台,宝鸡,0.000533304
临沂,宝鸡,0.000533304
信阳,宝鸡,0.000533304
襄阳,宝鸡,0.000533304
中卫,宝鸡,0.000533304
吴忠,宝鸡,0.000466641
遂宁,宝鸡,0.000466641
荆门,宝鸡,0.000466641
天津,宝鸡,0.000466641
濮阳,宝鸡,0.000466641
三亚,宝鸡,0.000466641
临夏回族自治州,宝鸡,0.0003999779999999
盐城,宝鸡,0.0003999779999999
武汉,宝鸡,0.0003999779999999
张掖,宝鸡,0.0003999779999999
潍坊,宝鸡,0.0003999779999999
益阳,宝鸡,0.0003999779999999
南通,宝鸡,0.0003999779999999
内江,宝鸡,0.000333315
无锡,宝鸡,0.000333315
乌海,宝鸡,0.000333315
济南,宝鸡,0.000333315
自贡,宝鸡,0.000333315
合肥,宝鸡,0.000333315
海东,宝鸡,0.000333315
邵阳,宝鸡,0.000333315
沧州,宝鸡,0.000333315
漯河,宝鸡,0.000333315
南昌,宝鸡,0.000333315
阿拉善盟,宝鸡,0.000333315
广州,宝鸡,0.000333315
宜宾,宝鸡,0.000333315
安庆,宝鸡,0.000333315
温州,宝鸡,0.000266652
九江,宝鸡,0.000266652
太原,宝鸡,0.000266652
昆明,宝鸡,0.000266652
杭州,宝鸡,0.000266652
泰安,宝鸡,0.000266652
泸州,宝鸡,0.000266652
台州,宝鸡,0.000266652
呼和浩特,宝鸡,0.000266652
西安,咸阳,1.21346808912
宝鸡,咸阳,0.17403715728
渭南,咸阳,0.1622749464
商洛,咸阳,0.0522764928
铜川,咸阳,0.04770229968
延安,咸阳,0.03898955088
汉中,咸阳,0.03877173216
安康,咸阳,0.03855391344
庆阳,咸阳,0.03572227008
榆林,咸阳,0.0315837144
平凉,咸阳,0.02853425232
天水,咸阳,0.0152473103999999
运城,咸阳,0.01328694192
重庆,咸阳,0.0098018424
南阳,咸阳,0.00784147392
洛阳,咸阳,0.00675238032
商丘,咸阳,0.0063167428799999
周口,咸阳,0.00588110544
驻马店,咸阳,0.00566328672
南充,咸阳,0.005445468
成都,咸阳,0.005445468
三门峡,咸阳,0.00522764928
泰安,咸阳,0.00522764928
陇南,咸阳,0.00500983056
郑州,咸阳,0.00479201184
定西,咸阳,0.0045741931199999
临汾,咸阳,0.0043563744
菏泽,咸阳,0.0043563744
兰州,咸阳,0.0043563744
济宁,咸阳,0.0043563744
淄博,咸阳,0.00370291824
徐州,咸阳,0.0032672808
安阳,咸阳,0.0032672808
银川,咸阳,0.0032672808
邯郸,咸阳,0.00304946208
邢台,咸阳,0.00304946208
白银,咸阳,0.00304946208
北京,咸阳,0.00283164336
固原,咸阳,0.00283164336
上海,咸阳,0.00283164336
宿州,咸阳,0.00283164336
巴中,咸阳,0.00261382464
济南,咸阳,0.00261382464
十堰,咸阳,0.00261382464
许昌,咸阳,0.00239600592
吕梁,咸阳,0.0021781872
西宁,咸阳,0.0021781872
绵阳,咸阳,0.00196036848
乌鲁木齐,咸阳,0.00196036848
开封,咸阳,0.00196036848
焦作,咸阳,0.00174254976
襄阳,咸阳,0.00174254976
阜阳,咸阳,0.00174254976
广元,咸阳,0.00174254976
平顶山,咸阳,0.00174254976
信阳,咸阳,0.00174254976
晋中,咸阳,0.00152473104
苏州,咸阳,0.00152473104
杭州,咸阳,0.00152473104
新乡,咸阳,0.00152473104
武威,咸阳,0.00152473104
太原,咸阳,0.00130691232
漯河,咸阳,0.00130691232
达州,咸阳,0.00130691232
德阳,咸阳,0.00130691232
长沙,咸阳,0.00130691232
深圳,咸阳,0.00130691232
武汉,咸阳,0.00130691232
喀什地区,咸阳,0.00130691232
中卫,咸阳,0.00130691232
常德,咸阳,0.0010890936
荆州,咸阳,0.0010890936
临沂,咸阳,0.0010890936
三亚,咸阳,0.0010890936
广安,咸阳,0.0010890936
合肥,咸阳,0.0010890936
亳州,咸阳,0.0010890936
张掖,咸阳,0.0010890936
忻州,咸阳,0.0010890936
邵阳,咸阳,0.0010890936
天津,咸阳,0.0010890936
吴忠,咸阳,0.0010890936
自贡,咸阳,0.0010890936
潍坊,咸阳,0.00087127488
南京,咸阳,0.00087127488
青岛,咸阳,0.00087127488
福州,咸阳,0.00087127488
长治,咸阳,0.00087127488
石家庄,咸阳,0.00087127488
内江,咸阳,0.00087127488
巴音郭楞蒙古自治州,咸阳,0.00087127488
克拉玛依,咸阳,0.00087127488
枣庄,咸阳,0.00087127488
宜昌,咸阳,0.00087127488
上饶,咸阳,0.00087127488
广州,咸阳,0.00087127488
哈尔滨,咸阳,0.00087127488
九江,咸阳,0.00087127488
阿克苏地区,咸阳,0.00087127488
乐山,咸阳,0.00087127488
西安,渭南,0.5619468571199999
咸阳,渭南,0.0965077999199999
铜川,渭南,0.05119295256
延安,渭南,0.0432842291999999
运城,渭南,0.04018486464
商洛,渭南,0.03398613552
宝鸡,渭南,0.02500866576
榆林,渭南,0.01571057208
三门峡,渭南,0.0149624495999999
汉中,渭南,0.0147487003199999
安康,渭南,0.01453495104
临汾,渭南,0.00769497408
重庆,渭南,0.00673310232
洛阳,渭南,0.00491623344
郑州,渭南,0.00384748704
周口,渭南,0.00384748704
成都,渭南,0.00352686312
天水,渭南,0.00341998848
商丘,渭南,0.00331311384
南阳,渭南,0.00299248992
菏泽,渭南,0.00277874064
庆阳,渭南,0.00277874064
南充,渭南,0.002671866
北京,渭南,0.00256499136
苏州,渭南,0.00256499136
巴中,渭南,0.00224436744
平凉,渭南,0.0021374928
驻马店,渭南,0.0021374928
邯郸,渭南,0.00203061816
开封,渭南,0.00203061816
临沂,渭南,0.00203061816
达州,渭南,0.00192374352
焦作,渭南,0.00181686888
新乡,渭南,0.00170999424
徐州,渭南,0.00170999424
安阳,渭南,0.00170999424
陇南,渭南,0.0016031196
兰州,渭南,0.00149624496
宿州,渭南,0.00149624496
济宁,渭南,0.00149624496
上海,渭南,0.00149624496
绵阳,渭南,0.00138937032
吕梁,渭南,0.00138937032
许昌,渭南,0.00128249568
广元,渭南,0.00128249568
定西,渭南,0.00128249568
平顶山,渭南,0.0010687464
亳州,渭南,0.0010687464
太原,渭南,0.0010687464
阜阳,渭南,0.0010687464
濮阳,渭南,0.0010687464
十堰,渭南,0.0010687464
天津,渭南,0.00096187176
晋中,渭南,0.00085499712
聊城,渭南,0.00085499712
白银,渭南,0.00085499712
鄂尔多斯,渭南,0.00085499712
保定,渭南,0.00085499712
西宁,渭南,0.00085499712
深圳,渭南,0.00085499712
杭州,渭南,0.00074812248
遂宁,渭南,0.00074812248
盐城,渭南,0.00074812248
乌鲁木齐,渭南,0.00074812248
襄阳,渭南,0.00074812248
固原,渭南,0.00074812248
信阳,渭南,0.00064124784
荆州,渭南,0.00064124784
廊坊,渭南,0.00064124784
长治,渭南,0.00064124784
银川,渭南,0.00064124784
东莞,渭南,0.00064124784
武威,渭南,0.00064124784
大同,渭南,0.00064124784
德州,渭南,0.0005343732
忻州,渭南,0.0005343732
晋城,渭南,0.0005343732
昭通,渭南,0.0005343732
武汉,渭南,0.0005343732
扬州,渭南,0.0005343732
漯河,渭南,0.0005343732
乐山,渭南,0.0005343732
宿迁,渭南,0.00042749856
邢台,渭南,0.00042749856
常州,渭南,0.00042749856
宜宾,渭南,0.00042749856
南京,渭南,0.00042749856
眉山,渭南,0.00042749856
连云港,渭南,0.00042749856
嘉兴,渭南,0.00042749856
广州,渭南,0.00042749856
黄冈,渭南,0.00042749856
桂林,渭南,0.00042749856
南通,渭南,0.00032062392
泸州,渭南,0.00032062392
内江,渭南,0.00032062392
益阳,渭南,0.00032062392
石家庄,渭南,0.00032062392
三亚,渭南,0.00032062392
宁波,渭南,0.00032062392
榆林,延安,0.1936342584
西安,延安,0.1911152232
渭南,延安,0.0537615144
咸阳,延安,0.0304272936
庆阳,延安,0.0235993824
铜川,延安,0.0217432512
临汾,延安,0.0176332464
银川,延安,0.0120648528
宝鸡,延安,0.0096783984
运城,延安,0.0078885576
汉中,延安,0.0067616208
吕梁,延安,0.0064964592
商洛,延安,0.0047729088
安康,延安,0.0039111336
鄂尔多斯,延安,0.0032482296
淮北,延安,0.0029167776
南阳,延安,0.0028504872
北京,延安,0.0027179064
重庆,延安,0.0027179064
吴忠,延安,0.0025190352
宿州,延安,0.001988712
泰安,延安,0.0018561312
菏泽,延安,0.0017235504
周口,延安,0.0015246792
济宁,延安,0.0015246792
新乡,延安,0.0013920984
郑州,延安,0.0013920984
阜阳,延安,0.0013920984
洛阳,延安,0.0012595176
邯郸,延安,0.0011932272
许昌,延安,0.0011269368
濮阳,延安,0.0011269368
徐州,延安,0.0010606464
包头,延安,0.000994356
晋中,延安,0.0009280656
平凉,延安,0.0009280656
成都,延安,0.0008617752
太原,延安,0.0008617752
商丘,延安,0.0008617752
安阳,延安,0.0007954848
三门峡,延安,0.0007954848
驻马店,延安,0.0007291944
兰州,延安,0.0007291944
石嘴山,延安,0.0007291944
亳州,延安,0.0007291944
阿拉善盟,延安,0.0007291944
邢台,延安,0.0007291944
呼和浩特,延安,0.000662904
忻州,延安,0.000662904
焦作,延安,0.000662904
临沂,延安,0.0005966136
平顶山,延安,0.0005966136
孝感,延安,0.0005966136
天水,延安,0.0004640328
乌兰察布,延安,0.0004640328
十堰,延安,0.0004640328
中卫,延安,0.0004640328
赤峰,延安,0.0003977424
定西,延安,0.0003977424
绵阳,延安,0.0003977424
朔州,延安,0.0003977424
乌海,延安,0.0003977424
晋城,延安,0.000331452
聊城,延安,0.000331452
天津,延安,0.000331452
益阳,延安,0.000331452
资阳,延安,0.000331452
长治,延安,0.000331452
上海,延安,0.000331452
开封,延安,0.000331452
三亚,延安,0.000331452
广元,延安,0.0002651616
济源,延安,0.0002651616
枣庄,延安,0.0002651616
巴彦淖尔,延安,0.0002651616
深圳,延安,0.0002651616
白银,延安,0.0002651616
盘锦,延安,0.0002651616
遂宁,延安,0.0002651616
娄底,延安,0.0002651616
荆门,延安,0.0002651616
南充,延安,0.0002651616
盐城,延安,0.0002651616
南京,延安,0.0001988712
沈阳,延安,0.0001988712
温州,延安,0.0001988712
西宁,延安,0.0001988712
扬州,延安,0.0001988712
沧州,延安,0.0001988712
济南,延安,0.0001988712
大同,延安,0.0001988712
朝阳,延安,0.0001988712
廊坊,延安,0.0001988712
德阳,延安,0.0001988712
信阳,延安,0.0001988712
苏州,延安,0.0001988712
烟台,延安,0.0001988712
固原,延安,0.0001988712
唐山,延安,0.0001988712
石家庄,延安,0.0001325808
西安,汉中,0.09431385012
安康,汉中,0.0539760348
宝鸡,汉中,0.0281829067199999
陇南,汉中,0.02562831576
巴中,汉中,0.02109597696
咸阳,汉中,0.0196538691599999
广元,汉中,0.01817055828
渭南,汉中,0.01388543796
达州,汉中,0.00902347452
成都,汉中,0.00894106836
重庆,汉中,0.00881745912
南充,汉中,0.00605685276
商洛,汉中,0.00531519732
绵阳,汉中,0.00490316652
延安,汉中,0.0039142925999999
榆林,汉中,0.0024309817199999
铜川,汉中,0.0022661694
郑州,汉中,0.00210135708
定西,汉中,0.0019365447599999
深圳,汉中,0.0016893262799999
天水,汉中,0.0016481232
南阳,汉中,0.00160692012
洛阳,汉中,0.00156571704
北京,汉中,0.00152451396
运城,汉中,0.0014833108799999
周口,汉中,0.0014833108799999
十堰,汉中,0.00135970164
商丘,汉中,0.00131849856
遂宁,汉中,0.00127729548
邯郸,汉中,0.0012360923999999
银川,汉中,0.0011948893199999
乐山,汉中,0.00107128008
杭州,汉中,0.001030077
安阳,汉中,0.001030077
苏州,汉中,0.001030077
遵义,汉中,0.001030077
庆阳,汉中,0.00098887392
东莞,汉中,0.00098887392
德阳,汉中,0.00094767084
台州,汉中,0.00094767084
宜宾,汉中,0.00090646776
兰州,汉中,0.00090646776
平凉,汉中,0.00090646776
广安,汉中,0.00090646776
眉山,汉中,0.00086526468
临汾,汉中,0.00086526468
新乡,汉中,0.00086526468
恩施土家族苗族自治州,汉中,0.0008240616
南昌,汉中,0.0008240616
太原,汉中,0.00078285852
自贡,汉中,0.00078285852
沧州,汉中,0.0007416554399999
内江,汉中,0.0007416554399999
三门峡,汉中,0.00070045236
驻马店,汉中,0.00070045236
邵阳,汉中,0.00070045236
襄阳,汉中,0.00065924928
许昌,汉中,0.00065924928
荆州,汉中,0.00065924928
石家庄,汉中,0.0006180461999999
黄冈,汉中,0.0006180461999999
菏泽,汉中,0.0006180461999999
忻州,汉中,0.0006180461999999
上海,汉中,0.00057684312
唐山,汉中,0.00057684312
徐州,汉中,0.00057684312
保定,汉中,0.00057684312
泸州,汉中,0.00053564004
随州,汉中,0.00053564004
开封,汉中,0.00049443696
信阳,汉中,0.00049443696
无锡,汉中,0.00049443696
阜阳,汉中,0.00045323388
岳阳,汉中,0.00045323388
西宁,汉中,0.00045323388
天津,汉中,0.00045323388
昆明,汉中,0.00045323388
泰安,汉中,0.00045323388
乌鲁木齐,汉中,0.00045323388
濮阳,汉中,0.0004120308
吴忠,汉中,0.0004120308
广州,汉中,0.0004120308
吕梁,汉中,0.0003708277199999
潍坊,汉中,0.0003708277199999
仙桃,汉中,0.0003708277199999
平顶山,汉中,0.0003708277199999
宜昌,汉中,0.0003708277199999
金华,汉中,0.0003708277199999
武汉,汉中,0.0003708277199999
宿州,汉中,0.00032962464
昭通,汉中,0.00032962464
益阳,汉中,0.00032962464
宁波,汉中,0.00032962464
朔州,汉中,0.00032962464
漯河,汉中,0.00028842156
焦作,汉中,0.00028842156
资阳,汉中,0.00028842156
张掖,汉中,0.00028842156
廊坊,汉中,0.00028842156
邢台,汉中,0.00028842156
鄂尔多斯,榆林,0.18786714912
延安,榆林,0.1740615091199999
西安,榆林,0.12612832704
吕梁,榆林,0.10448108352
忻州,榆林,0.0684759744
银川,榆林,0.03788267616
渭南,榆林,0.02827395072
临汾,榆林,0.02473970688
咸阳,榆林,0.0237457008
吴忠,榆林,0.02253080448
庆阳,榆林,0.01612498752
石家庄,榆林,0.0136951948799999
包头,榆林,0.01281163392
运城,榆林,0.0125907436799999
铜川,榆林,0.01016095104
晋中,榆林,0.01005050592
宝鸡,榆林,0.0093878352
大同,榆林,0.00861471936
聊城,榆林,0.008283384
济宁,榆林,0.0077311583999999
太原,榆林,0.0066267071999999
朔州,榆林,0.0062953718399999
泰安,榆林,0.00585359136
邢台,榆林,0.00574314624
阳泉,榆林,0.00574314624
保定,榆林,0.00563270112
巴彦淖尔,榆林,0.00563270112
商洛,榆林,0.0054118108799999
汉中,榆林,0.00530136576
焦作,榆林,0.00530136576
长治,榆林,0.00508047552
乌海,榆林,0.0049700304
安康,榆林,0.0049700304
呼和浩特,榆林,0.00485958528
沧州,榆林,0.00463869504
邯郸,榆林,0.00408646944
中卫,榆林,0.00353424384
南阳,榆林,0.0034237987199999
阜阳,榆林,0.00309246336
徐州,榆林,0.00298201824
晋城,榆林,0.00287157312
石嘴山,榆林,0.002761128
枣庄,榆林,0.00254023776
安阳,榆林,0.00242979264
北京,榆林,0.00242979264
郑州,榆林,0.00231934752
乌兰察布,榆林,0.0022089024
兰州,榆林,0.0019880121599999
洛阳,榆林,0.0019880121599999
重庆,榆林,0.0019880121599999
平凉,榆林,0.0019880121599999
新乡,榆林,0.00187756704
濮阳,榆林,0.00187756704
天津,榆林,0.00187756704
德州,榆林,0.0016566767999999
三门峡,榆林,0.0016566767999999
周口,榆林,0.00154623168
衡水,榆林,0.00143578656
白银,榆林,0.00143578656
赤峰,榆林,0.00132534144
济南,榆林,0.00132534144
商丘,榆林,0.00121489632
临沂,榆林,0.0011044512
固原,榆林,0.0011044512
成都,榆林,0.0011044512
张家口,榆林,0.0009940060799999
定西,榆林,0.0009940060799999
西宁,榆林,0.0009940060799999
潍坊,榆林,0.0009940060799999
淄博,榆林,0.0009940060799999
武威,榆林,0.0009940060799999
滨州,榆林,0.0009940060799999
十堰,榆林,0.0009940060799999
菏泽,榆林,0.0009940060799999
驻马店,榆林,0.00088356096
济源,榆林,0.00077311584
许昌,榆林,0.00077311584
天水,榆林,0.00077311584
廊坊,榆林,0.00077311584
巴中,榆林,0.00077311584
盘锦,榆林,0.00077311584
平顶山,榆林,0.00077311584
盐城,榆林,0.00077311584
开封,榆林,0.00066267072
承德,榆林,0.00066267072
淮南,榆林,0.00066267072
唐山,榆林,0.00066267072
东营,榆林,0.0005522256
海东,榆林,0.0005522256
营口,榆林,0.0005522256
朝阳,榆林,0.0005522256
淮北,榆林,0.0005522256
青岛,榆林,0.0005522256
黄冈,榆林,0.0005522256
张掖,榆林,0.00044178048
铁岭,榆林,0.00044178048
酒泉,榆林,0.00044178048
阿拉善盟,榆林,0.00044178048
临夏回族自治州,榆林,0.00044178048
上海,榆林,0.00033133536
西安,安康,0.09546876432
汉中,安康,0.05513536512
十堰,安康,0.043074504
咸阳,安康,0.015663456
商洛,安康,0.01523271096
渭南,安康,0.01288319256
重庆,安康,0.01260908208
达州,安康,0.011747592
宝鸡,安康,0.00736182432
襄阳,安康,0.00442492632
南充,安康,0.0043074504
南阳,安康,0.00395502264
成都,安康,0.0032893257599999
巴中,安康,0.00278026344
延安,安康,0.00278026344
榆林,安康,0.00258447024
周口,安康,0.00219288384
绵阳,安康,0.00199709064
昭通,安康,0.00199709064
宁波,安康,0.00172298016
郑州,安康,0.00172298016
洛阳,安康,0.00172298016
广元,安康,0.00168382152
运城,安康,0.0016446628799999
邯郸,安康,0.00160550424
北京,安康,0.00152718696
铜川,安康,0.00152718696
商丘,安康,0.00148802832
苏州,安康,0.00140971104
随州,安康,0.0013705524
驻马店,安康,0.00129223512
平顶山,安康,0.00129223512
阜阳,安康,0.00125307648
徐州,安康,0.00113560056
遵义,安康,0.00109644192
内江,安康,0.00109644192
孝感,安康,0.00109644192
开封,安康,0.00109644192
广安,安康,0.00109644192
乐山,安康,0.00105728328
资阳,安康,0.00105728328
陇南,安康,0.00101812464
石家庄,安康,0.00101812464
宜昌,安康,0.00101812464
三门峡,安康,0.000978966
安阳,安康,0.0009398073599999
菏泽,安康,0.0009398073599999
荆州,安康,0.00090064872
上海,安康,0.00090064872
东莞,安康,0.00090064872
宜宾,安康,0.00090064872
深圳,安康,0.00090064872
遂宁,安康,0.00090064872
武汉,安康,0.00086149008
德阳,安康,0.00086149008
信阳,安康,0.0008223314399999
金华,安康,0.0008223314399999
保定,安康,0.0007831728
临汾,安康,0.0007831728
宿州,安康,0.00074401416
南通,安康,0.00074401416
自贡,安康,0.00074401416
许昌,安康,0.00074401416
恩施土家族苗族自治州,安康,0.00070485552
庆阳,安康,0.00070485552
盐城,安康,0.00062653824
荆门,安康,0.00062653824
黄冈,安康,0.00062653824
天津,安康,0.0005873796
邢台,安康,0.0005873796
新乡,安康,0.00054822096
亳州,安康,0.00054822096
天水,安康,0.00054822096
南昌,安康,0.00054822096
焦作,安康,0.00054822096
眉山,安康,0.00050906232
沧州,安康,0.00050906232
杭州,安康,0.0004699036799999
咸宁,安康,0.0004699036799999
九江,安康,0.0004699036799999
抚州,安康,0.0004699036799999
定西,安康,0.0004699036799999
台州,安康,0.0004699036799999
岳阳,安康,0.00043074504
怀化,安康,0.00043074504
黔南布依族苗族自治州,安康,0.00043074504
长治,安康,0.00043074504
泸州,安康,0.00043074504
毕节,安康,0.00043074504
唐山,安康,0.0003915864
淮安,安康,0.0003915864
仙桃,安康,0.0003915864
济宁,安康,0.0003915864
无锡,安康,0.0003915864
吕梁,安康,0.0003915864
晋中,安康,0.0003915864
兰州,安康,0.0003915864
漯河,安康,0.00035242776
泉州,安康,0.00035242776
济源,安康,0.00035242776
西安,商洛,0.1860609527999999
渭南,商洛,0.0274098168
咸阳,商洛,0.0254266776
安康,商洛,0.0177774263999999
南阳,商洛,0.0129966444
十堰,商洛,0.0111197448
宝鸡,商洛,0.0088887131999999
三门峡,商洛,0.005843178
汉中,商洛,0.0050286744
延安,商洛,0.0033288408
运城,商洛,0.0029038823999999
榆林,商洛,0.0027268164
铜川,商洛,0.0025497504
重庆,商洛,0.0020893788
洛阳,商洛,0.0014873544
庆阳,商洛,0.0012748752
天水,商洛,0.0012040488
襄阳,商洛,0.0011332224
周口,商洛,0.0009561564
平凉,商洛,0.0009207432
定西,商洛,0.00088533
南充,商洛,0.0007790904
陇南,商洛,0.0007790904
北京,商洛,0.000708264
达州,商洛,0.000708264
驻马店,商洛,0.000708264
郑州,商洛,0.000708264
兰州,商洛,0.0006374376
平顶山,商洛,0.0006374376
成都,商洛,0.0006020244
临汾,商洛,0.0005666112
深圳,商洛,0.0005666112
许昌,商洛,0.000531198
商丘,商洛,0.000531198
白银,商洛,0.0004603716
安庆,商洛,0.0004603716
安阳,商洛,0.0004249584
中卫,商洛,0.0004249584
焦作,商洛,0.0003895452
徐州,商洛,0.000354132
上海,商洛,0.000354132
巴中,商洛,0.000354132
南昌,商洛,0.000354132
苏州,商洛,0.0003187188
信阳,商洛,0.0003187188
金华,商洛,0.0003187188
廊坊,商洛,0.0002833056
南京,商洛,0.0002833056
聊城,商洛,0.0002478924
无锡,商洛,0.0002478924
晋城,商洛,0.0002478924
杭州,商洛,0.0002478924
石家庄,商洛,0.0002478924
阜阳,商洛,0.0002124792
温州,商洛,0.0002124792
德州,商洛,0.0002124792
固原,商洛,0.0002124792
娄底,商洛,0.0002124792
常德,商洛,0.0002124792
绵阳,商洛,0.0002124792
黄冈,商洛,0.0002124792
宜昌,商洛,0.0002124792
吕梁,商洛,0.0002124792
常州,商洛,0.000177066
遵义,商洛,0.000177066
邵阳,商洛,0.000177066
益阳,商洛,0.000177066
桂林,商洛,0.000177066
新乡,商洛,0.000177066
宿州,商洛,0.000177066
宜宾,商洛,0.000177066
武威,商洛,0.000177066
邯郸,商洛,0.000177066
德阳,商洛,0.000177066
广州,商洛,0.000177066
广安,商洛,0.0001416528
吴忠,商洛,0.0001416528
随州,商洛,0.0001416528
盐城,商洛,0.0001416528
武汉,商洛,0.0001416528
三亚,商洛,0.0001416528
保定,商洛,0.0001416528
吉安,商洛,0.0001416528
银川,商洛,0.0001416528
萍乡,商洛,0.0001416528
泰州,商洛,0.0001416528
台州,商洛,0.0001416528
朔州,商洛,0.0001416528
宜春,商洛,0.0001416528
眉山,商洛,0.0001416528
临夏回族自治州,商洛,0.0001416528
乌鲁木齐,商洛,0.0001416528
荆门,商洛,0.0001416528
濮阳,商洛,0.0001062396
西宁,商洛,0.0001062396
沧州,商洛,0.0001062396
长沙,商洛,0.0001062396
仙桃,商洛,0.0001062396
淮安,商洛,0.0001062396
郴州,商洛,0.0001062396
定西,兰州,0.4627793088
白银,兰州,0.404095392
天水,兰州,0.2926474272
武威,兰州,0.2092544928
临夏回族自治州,兰州,0.2074527936
平凉,兰州,0.1554609024
陇南,兰州,0.1039837824
庆阳,兰州,0.0905997312
张掖,兰州,0.0803043072
海东,兰州,0.050190192
酒泉,兰州,0.0483884928
金昌,兰州,0.0465867936
甘南藏族自治州,兰州,0.0393799968
西安,兰州,0.0324305856
西宁,兰州,0.0301141152
嘉峪关,兰州,0.0162152928
银川,兰州,0.0136414368
成都,兰州,0.0126118944
重庆,兰州,0.0105528096
驻马店,兰州,0.0087511104
宝鸡,兰州,0.0084937248
咸阳,兰州,0.0079789536
中卫,兰州,0.00643464
南充,兰州,0.0059198688
乌鲁木齐,兰州,0.0056624832
固原,兰州,0.0056624832
郑州,兰州,0.0046329408
开封,兰州,0.0046329408
北京,兰州,0.0043755552
南阳,兰州,0.0041181696
阿拉善盟,兰州,0.0041181696
上海,兰州,0.0041181696
榆林,兰州,0.003860784
周口,兰州,0.0036033984
渭南,兰州,0.0036033984
商丘,兰州,0.0036033984
菏泽,兰州,0.0033460128
洛阳,兰州,0.0033460128
吴忠,兰州,0.0033460128
邯郸,兰州,0.0030886271999999
新乡,兰州,0.0030886271999999
许昌,兰州,0.0030886271999999
汉中,兰州,0.0030886271999999
绵阳,兰州,0.0028312416
信阳,兰州,0.0028312416
海西蒙古族藏族自治州,兰州,0.002573856
广元,兰州,0.002573856
三亚,兰州,0.0023164704
沧州,兰州,0.0023164704
徐州,兰州,0.0020590848
运城,兰州,0.0020590848
天津,兰州,0.0020590848
杭州,兰州,0.0020590848
平顶山,兰州,0.0018016992
遂宁,兰州,0.0018016992
深圳,兰州,0.0018016992
安康,兰州,0.0018016992
石嘴山,兰州,0.0018016992
保定,兰州,0.0015443135999999
南昌,兰州,0.0015443135999999
宿州,兰州,0.0015443135999999
南京,兰州,0.0015443135999999
昌吉回族自治州,兰州,0.0015443135999999
安阳,兰州,0.0015443135999999
太原,兰州,0.0015443135999999
邢台,兰州,0.001286928
青岛,兰州,0.001286928
昆明,兰州,0.001286928
温州,兰州,0.001286928
广州,兰州,0.001286928
武汉,兰州,0.001286928
哈密,兰州,0.001286928
海南藏族自治州,兰州,0.001286928
沈阳,兰州,0.001286928
济宁,兰州,0.0010295424
石家庄,兰州,0.0010295424
吕梁,兰州,0.0010295424
阜阳,兰州,0.0010295424
巴彦淖尔,兰州,0.0010295424
黄冈,兰州,0.0010295424
商洛,兰州,0.0010295424
苏州,兰州,0.0010295424
聊城,兰州,0.0010295424
德阳,兰州,0.0010295424
福州,兰州,0.0010295424
焦作,兰州,0.0010295424
眉山,兰州,0.0010295424
合肥,兰州,0.0010295424
延安,兰州,0.0010295424
济南,兰州,0.0007721567999999
达州,兰州,0.0007721567999999
扬州,兰州,0.0007721567999999
海北藏族自治州,兰州,0.0007721567999999
北海,兰州,0.0007721567999999
十堰,兰州,0.0007721567999999
长沙,兰州,0.0007721567999999
枣庄,兰州,0.0007721567999999
亳州,兰州,0.0007721567999999
衡水,兰州,0.0007721567999999
巴中,兰州,0.0007721567999999
酒泉,嘉峪关,0.12382611264
张掖,嘉峪关,0.032200902
武威,嘉峪关,0.01501981056
兰州,嘉峪关,0.00912540816
定西,嘉峪关,0.00471552192
天水,嘉峪关,0.00401692608
白银,嘉峪关,0.00325283688
金昌,嘉峪关,0.0026197344
临夏回族自治州,嘉峪关,0.00216128088
庆阳,嘉峪关,0.00189930744
平凉,嘉峪关,0.00187747632
陇南,嘉峪关,0.00111338712
哈密,嘉峪关,0.00089507592
西安,嘉峪关,0.0007640892
乌鲁木齐,嘉峪关,0.00074225808
西宁,嘉峪关,0.00056760912
重庆,嘉峪关,0.00050211576
南充,嘉峪关,0.0004366224
成都,嘉峪关,0.00034929792
银川,嘉峪关,0.00034929792
临汾,嘉峪关,0.00034929792
阿拉善盟,嘉峪关,0.00030563568
宝鸡,嘉峪关,0.00030563568
咸阳,嘉峪关,0.00030563568
中卫,嘉峪关,0.00030563568
海东,嘉峪关,0.00030563568
绵阳,嘉峪关,0.00028380456
洛阳,嘉峪关,0.0002183112
海北藏族自治州,嘉峪关,0.0002183112
榆林,嘉峪关,0.0002183112
乌海,嘉峪关,0.0002183112
太原,嘉峪关,0.00017464896
上海,嘉峪关,0.00017464896
巴音郭楞蒙古自治州,嘉峪关,0.00017464896
保定,嘉峪关,0.00017464896
德阳,嘉峪关,0.00017464896
平顶山,嘉峪关,0.00017464896
巴中,嘉峪关,0.00017464896
郑州,嘉峪关,0.00017464896
北京,嘉峪关,0.00017464896
新乡,嘉峪关,0.00017464896
广元,嘉峪关,0.00017464896
驻马店,嘉峪关,0.00017464896
商丘,嘉峪关,0.00015281784
雅安,嘉峪关,0.00015281784
商洛,嘉峪关,0.00015281784
苏州,嘉峪关,0.00015281784
甘南藏族自治州,嘉峪关,0.00015281784
南阳,嘉峪关,0.0001091556
海西蒙古族藏族自治州,嘉峪关,0.0001091556
巴彦淖尔,嘉峪关,0.0001091556
郴州,嘉峪关,0.0001091556
安康,嘉峪关,0.0001091556
昌吉回族自治州,嘉峪关,0.0001091556
渭南,嘉峪关,0.0001091556
周口,嘉峪关,0.0001091556
广安,嘉峪关,0.0001091556
开封,嘉峪关,8.732448e-05
吕梁,嘉峪关,8.732448e-05
南京,嘉峪关,8.732448e-05
宜昌,嘉峪关,8.732448e-05
天津,嘉峪关,8.732448e-05
宁波,嘉峪关,8.732448e-05
杭州,嘉峪关,8.732448e-05
漯河,嘉峪关,8.732448e-05
石嘴山,嘉峪关,8.732448e-05
毕节,嘉峪关,8.732448e-05
铜川,嘉峪关,8.732448e-05
亳州,嘉峪关,8.732448e-05
遂宁,嘉峪关,8.732448e-05
固原,嘉峪关,4.366224e-05
伊犁哈萨克自治州,嘉峪关,4.366224e-05
菏泽,嘉峪关,4.366224e-05
宿州,嘉峪关,4.366224e-05
徐州,嘉峪关,4.366224e-05
合肥,嘉峪关,4.366224e-05
吴忠,嘉峪关,4.366224e-05
吐鲁番,嘉峪关,4.366224e-05
金华,嘉峪关,4.366224e-05
乐山,嘉峪关,4.366224e-05
邢台,嘉峪关,4.366224e-05
济宁,嘉峪关,4.366224e-05
牡丹江,嘉峪关,4.366224e-05
临沂,嘉峪关,4.366224e-05
滨州,嘉峪关,4.366224e-05
泸州,嘉峪关,4.366224e-05
内江,嘉峪关,4.366224e-05
承德,嘉峪关,4.366224e-05
长沙,嘉峪关,4.366224e-05
濮阳,嘉峪关,4.366224e-05
许昌,嘉峪关,4.366224e-05
遵义,嘉峪关,4.366224e-05
永州,嘉峪关,2.183112e-05
邯郸,嘉峪关,2.183112e-05
九江,嘉峪关,2.183112e-05
大庆,嘉峪关,2.183112e-05
七台河,嘉峪关,2.183112e-05
三门峡,嘉峪关,2.183112e-05
荆州,嘉峪关,2.183112e-05
泰州,嘉峪关,2.183112e-05
武威,金昌,0.06061127616
兰州,金昌,0.0152478806399999
张掖,金昌,0.0119777616
定西,金昌,0.0043348089599999
白银,金昌,0.00404328672
酒泉,金昌,0.00277579872
平凉,金昌,0.00233217792
天水,金昌,0.00212937984
阿拉善盟,金昌,0.0016730841599999
临夏回族自治州,金昌,0.0015209856
嘉峪关,金昌,0.00138156192
庆阳,金昌,0.0012548131199999
陇南,金昌,0.00116608896
西安,金昌,0.00100131552
银川,金昌,0.0008745667199999
石嘴山,金昌,0.00070979328
重庆,金昌,0.00067176864
咸阳,金昌,0.00064641888
西宁,金昌,0.00054501984
中卫,金昌,0.0005069952
成都,金昌,0.00048164544
北京,金昌,0.0004436208
南充,金昌,0.0004182710399999
巴彦淖尔,金昌,0.000316872
商丘,金昌,0.000316872
汉中,金昌,0.000316872
遂宁,金昌,0.0002534976
吴忠,金昌,0.0002534976
渭南,金昌,0.00021547296
周口,金昌,0.00021547296
上海,金昌,0.00021547296
临汾,金昌,0.00021547296
广安,金昌,0.00021547296
广元,金昌,0.00021547296
娄底,金昌,0.00021547296
扬州,金昌,0.0001901232
郑州,金昌,0.0001901232
哈密,金昌,0.0001901232
宝鸡,金昌,0.0001901232
乌鲁木齐,金昌,0.00015209856
绵阳,金昌,0.00015209856
襄阳,金昌,0.00015209856
三门峡,金昌,0.00015209856
平顶山,金昌,0.00015209856
盐城,金昌,0.0001267488
包头,金昌,0.0001267488
安康,金昌,0.0001267488
吕梁,金昌,8.872416000000001e-05
泰安,金昌,8.872416000000001e-05
宜宾,金昌,8.872416000000001e-05
驻马店,金昌,8.872416000000001e-05
南阳,金昌,8.872416000000001e-05
泉州,金昌,8.872416000000001e-05
合肥,金昌,8.872416000000001e-05
乌海,金昌,8.872416000000001e-05
南京,金昌,8.872416000000001e-05
南宁,金昌,8.872416000000001e-05
洛阳,金昌,8.872416000000001e-05
遵义,金昌,8.872416000000001e-05
青岛,金昌,8.872416000000001e-05
甘南藏族自治州,金昌,8.872416000000001e-05
常州,金昌,8.872416000000001e-05
海北藏族自治州,金昌,6.33744e-05
呼和浩特,金昌,6.33744e-05
伊犁哈萨克自治州,金昌,6.33744e-05
海南藏族自治州,金昌,6.33744e-05
榆林,金昌,6.33744e-05
永州,金昌,6.33744e-05
潍坊,金昌,6.33744e-05
德阳,金昌,6.33744e-05
苏州,金昌,6.33744e-05
福州,金昌,6.33744e-05
长治,金昌,6.33744e-05
焦作,金昌,6.33744e-05
郴州,金昌,6.33744e-05
淄博,金昌,6.33744e-05
巴音郭楞蒙古自治州,金昌,6.33744e-05
昌吉回族自治州,金昌,6.33744e-05
资阳,金昌,6.33744e-05
巴中,金昌,6.33744e-05
安庆,金昌,6.33744e-05
长沙,金昌,6.33744e-05
阜新,金昌,6.33744e-05
黄冈,金昌,6.33744e-05
南通,金昌,6.33744e-05
杭州,金昌,6.33744e-05
晋中,金昌,6.33744e-05
邢台,金昌,6.33744e-05
石家庄,金昌,2.534976e-05
沈阳,金昌,2.534976e-05
宿州,金昌,2.534976e-05
深圳,金昌,2.534976e-05
长春,金昌,2.534976e-05
廊坊,金昌,2.534976e-05
滨州,金昌,2.534976e-05
济南,金昌,2.534976e-05
株洲,金昌,2.534976e-05
曲靖,金昌,2.534976e-05
亳州,金昌,2.534976e-05
温州,金昌,2.534976e-05
兰州,白银,0.1258958375999999
定西,白银,0.041071212
中卫,白银,0.01934537904
武威,白银,0.01646201232
平凉,白银,0.01619379216
天水,白银,0.01401450336
阿拉善盟,白银,0.0124387099199999
临夏回族自治州,白银,0.00767780208
庆阳,白银,0.006705504
张掖,白银,0.00529734816
固原,白银,0.00489501792
陇南,白银,0.0048614904
银川,白银,0.00449268768
西安,白银,0.00392271984
酒泉,白银,0.0027827841599999
西宁,白银,0.00254809152
吴忠,白银,0.00241398144
金昌,白银,0.00207870624
榆林,白银,0.00181048608
咸阳,白银,0.0015087384
成都,白银,0.00147521088
嘉峪关,白银,0.00140815584
重庆,白银,0.00120699072
海东,白银,0.0010058256
甘南藏族自治州,白银,0.0010058256
南阳,白银,0.00093877056
鄂尔多斯,白银,0.00093877056
郑州,白银,0.00090524304
石嘴山,白银,0.00077113296
乌鲁木齐,白银,0.0006705503999999
宝鸡,白银,0.0006705503999999
北京,白银,0.0006705503999999
驻马店,白银,0.00063702288
淄博,白银,0.00063702288
菏泽,白银,0.00060349536
开封,白银,0.00060349536
巴彦淖尔,白银,0.00053644032
海西蒙古族藏族自治州,白银,0.00053644032
邯郸,白银,0.0005029128
苏州,白银,0.00046938528
周口,白银,0.00046938528
漯河,白银,0.00043585776
眉山,白银,0.00043585776
洛阳,白银,0.00040233024
商丘,白银,0.00036880272
保定,白银,0.00036880272
济宁,白银,0.0003352751999999
深圳,白银,0.0003352751999999
福州,白银,0.0003352751999999
渭南,白银,0.0003352751999999
新乡,白银,0.0003352751999999
石家庄,白银,0.00030174768
岳阳,白银,0.00030174768
晋中,白银,0.00026822016
阜阳,白银,0.00026822016
南充,白银,0.00026822016
延安,白银,0.00026822016
湘西土家族苗族自治州,白银,0.00026822016
天津,白银,0.00026822016
许昌,白银,0.00026822016
唐山,白银,0.00023469264
呼和浩特,白银,0.00023469264
黄冈,白银,0.00023469264
杭州,白银,0.00023469264
吕梁,白银,0.00020116512
平顶山,白银,0.00020116512
汉中,白银,0.00020116512
泰安,白银,0.00020116512
德州,白银,0.00020116512
上海,白银,0.00020116512
昌吉回族自治州,白银,0.00020116512
焦作,白银,0.0001676375999999
温州,白银,0.0001676375999999
乌海,白银,0.0001676375999999
绵阳,白银,0.0001676375999999
武汉,白银,0.0001676375999999
濮阳,白银,0.0001676375999999
那曲,白银,0.0001676375999999
徐州,白银,0.00013411008
三门峡,白银,0.00013411008
运城,白银,0.00013411008
广元,白银,0.00013411008
济南,白银,0.00013411008
龙岩,白银,0.00013411008
潍坊,白银,0.00013411008
青岛,白银,0.00013411008
宁波,白银,0.00013411008
临沂,白银,0.00013411008
南通,白银,0.00013411008
大连,白银,0.00013411008
达州,白银,0.00013411008
大同,白银,0.00010058256
襄阳,白银,0.00010058256
南京,白银,0.00010058256
宜春,白银,0.00010058256
沧州,白银,0.00010058256
信阳,白银,0.00010058256
常州,白银,0.00010058256
厦门,白银,0.00010058256
安阳,白银,0.00010058256
陇南,天水,0.0875018149199999
定西,天水,0.0668457878399999
兰州,天水,0.06294362256
平凉,天水,0.03813094116
西安,天水,0.02222537616
宝鸡,天水,0.02048636772
白银,天水,0.01450587528
庆阳,天水,0.00631981116
临夏回族自治州,天水,0.00568358856
咸阳,天水,0.0051746104799999
武威,天水,0.00475046208
张掖,天水,0.0034356020399999
西宁,天水,0.0030538684799999
成都,天水,0.0029690387999999
重庆,天水,0.00267213492
渭南,天水,0.0025873052399999
固原,天水,0.0025873052399999
酒泉,天水,0.00224798652
银川,天水,0.00216315684
乌鲁木齐,天水,0.00203591232
汉中,天水,0.00186625296
上海,天水,0.0017814232799999
甘南藏族自治州,天水,0.0016965936
金昌,天水,0.0016541787599999
北京,天水,0.0014845193999999
洛阳,天水,0.00131486004
南阳,天水,0.0012724452
苏州,天水,0.0012300303599999
郑州,天水,0.0012300303599999
嘉峪关,天水,0.00110278584
广元,天水,0.001060371
商丘,天水,0.001060371
运城,天水,0.00101795616
吴忠,天水,0.00093312648
安康,天水,0.0008482968
海东,天水,0.0008482968
绵阳,天水,0.00080588196
中卫,天水,0.00080588196
驻马店,天水,0.0007634671199999
深圳,天水,0.00072105228
周口,天水,0.00072105228
新乡,天水,0.00067863744
菏泽,天水,0.00067863744
安阳,天水,0.00067863744
临汾,天水,0.0006362226
徐州,天水,0.0006362226
南充,天水,0.0006362226
合肥,天水,0.00059380776
开封,天水,0.00059380776
安庆,天水,0.00055139292
天津,天水,0.00050897808
商洛,天水,0.00050897808
遂宁,天水,0.00050897808
邢台,天水,0.00050897808
襄阳,天水,0.00046656324
三门峡,天水,0.00046656324
石家庄,天水,0.00046656324
十堰,天水,0.00046656324
榆林,天水,0.00046656324
宜昌,天水,0.00046656324
福州,天水,0.00046656324
杭州,天水,0.00046656324
海西蒙古族藏族自治州,天水,0.0004241484
信阳,天水,0.0004241484
济宁,天水,0.0004241484
临沂,天水,0.0004241484
宿州,天水,0.0004241484
许昌,天水,0.0003817335599999
巴彦淖尔,天水,0.0003817335599999
聊城,天水,0.0003817335599999
漯河,天水,0.0003817335599999
南京,天水,0.0003817335599999
延安,天水,0.0003817335599999
邯郸,天水,0.0003817335599999
孝感,天水,0.0003817335599999
晋中,天水,0.00033931872
无锡,天水,0.00033931872
武汉,天水,0.00033931872
哈密,天水,0.00033931872
嘉兴,天水,0.00029690388
平顶山,天水,0.00029690388
荆州,天水,0.00029690388
阜阳,天水,0.00029690388
石嘴山,天水,0.00025448904
铜川,天水,0.00025448904
宜宾,天水,0.00025448904
德州,天水,0.00025448904
资阳,天水,0.00025448904
达州,天水,0.00025448904
亳州,天水,0.00025448904
盐城,天水,0.00025448904
温州,天水,0.00025448904
沧州,天水,0.00025448904
昭通,天水,0.00025448904
广州,天水,0.00025448904
巴音郭楞蒙古自治州,天水,0.00025448904
邵阳,天水,0.00025448904
南昌,天水,0.00025448904
随州,天水,0.00025448904
焦作,天水,0.00025448904
兰州,武威,0.07100810892
金昌,武威,0.04258467108
张掖,武威,0.0165340602
白银,武威,0.0146408472
海东,武威,0.0104505357599999
酒泉,武威,0.00954179352
阿拉善盟,武威,0.00888547968
定西,武威,0.00734566644
天水,武威,0.00537672492
临夏回族自治州,武威,0.00487186812
嘉峪关,武威,0.00469516824
西宁,武威,0.00338254056
庆阳,武威,0.00335729772
陇南,武威,0.00320584068
平凉,武威,0.00310486932
银川,武威,0.00254952684
哈密,武威,0.00222136992
中卫,武威,0.00219612708
乌鲁木齐,武威,0.00212039856
西安,武威,0.0020194272
宝鸡,武威,0.00103495644
甘南藏族自治州,武威,0.0008834993999999
重庆,武威,0.00083301372
南充,武威,0.00083301372
海北藏族自治州,武威,0.00080777088
昌吉回族自治州,武威,0.00080777088
吴忠,武威,0.0007572852
巴音郭楞蒙古自治州,武威,0.00070679952
咸阳,武威,0.00065631384
巴彦淖尔,武威,0.00065631384
阿克苏地区,武威,0.00065631384
石嘴山,武威,0.00060582816
固原,武威,0.00060582816
成都,武威,0.00053009964
驻马店,武威,0.00053009964
商丘,武威,0.0005048568
渭南,武威,0.0005048568
榆林,武威,0.00047961396
鄂尔多斯,武威,0.00047961396
汉中,武威,0.00047961396
南阳,武威,0.00047961396
乌海,武威,0.00042912828
太原,武威,0.00040388544
上海,武威,0.00040388544
海南藏族自治州,武威,0.0003786426
郑州,武威,0.0003786426
喀什地区,武威,0.0003786426
菏泽,武威,0.0003786426
绵阳,武威,0.0003786426
杭州,武威,0.00035339976
遂宁,武威,0.00035339976
广元,武威,0.00030291408
内江,武威,0.00030291408
唐山,武威,0.00027767124
伊犁哈萨克自治州,武威,0.00027767124
洛阳,武威,0.00027767124
信阳,武威,0.00027767124
吕梁,武威,0.0002524284
周口,武威,0.0002524284
阜阳,武威,0.0002524284
北京,武威,0.0002524284
十堰,武威,0.0002524284
呼和浩特,武威,0.00020194272
海西蒙古族藏族自治州,武威,0.00020194272
邯郸,武威,0.00020194272
许昌,武威,0.00020194272
天津,武威,0.00020194272
吐鲁番,武威,0.00020194272
平顶山,武威,0.00017669988
达州,武威,0.00017669988
资阳,武威,0.00017669988
德阳,武威,0.00017669988
乐山,武威,0.00017669988
徐州,武威,0.00017669988
保定,武威,0.00017669988
克拉玛依,武威,0.00017669988
拉萨,武威,0.00017669988
商洛,武威,0.00015145704
温州,武威,0.00015145704
开封,武威,0.00015145704
沧州,武威,0.00015145704
巴中,武威,0.00015145704
安阳,武威,0.00015145704
安康,武威,0.00015145704
宜昌,武威,0.00015145704
雅安,武威,0.00015145704
三门峡,武威,0.0001262142
深圳,武威,0.0001262142
运城,武威,0.0001262142
泉州,武威,0.0001262142
苏州,武威,0.0001262142
濮阳,武威,0.0001262142
青岛,武威,0.0001262142
延安,武威,0.0001262142
滁州,武威,0.0001262142
随州,武威,7.572852e-05
贵港,武威,7.572852e-05
邵阳,武威,7.572852e-05
济源,武威,7.572852e-05
无锡,武威,7.572852e-05
酒泉,张掖,0.0298061532
武威,张掖,0.0208595736
嘉峪关,张掖,0.0183980808
兰州,张掖,0.0183349656
金昌,张掖,0.0100668744
定西,张掖,0.0064377504
海北藏族自治州,张掖,0.0055068012
白银,张掖,0.0047809764
西宁,张掖,0.0031399812
天水,张掖,0.002840184
陇南,张掖,0.002130138
平凉,张掖,0.0020670228
临夏回族自治州,张掖,0.0017672256
阿拉善盟,张掖,0.0016409952
庆阳,张掖,0.00157788
西安,张掖,0.0014516496
哈密,张掖,0.0012307464
银川,张掖,0.0010571796
乌鲁木齐,张掖,0.0010571796
南充,张掖,0.0009625068
昌吉回族自治州,张掖,0.000867834
甘南藏族自治州,张掖,0.0008362764
巴音郭楞蒙古自治州,张掖,0.0007416036
海东,张掖,0.000710046
中卫,张掖,0.0006784884
成都,张掖,0.0006469308
咸阳,张掖,0.0006153732
吕梁,张掖,0.0006153732
三门峡,张掖,0.0005364792
吴忠,张掖,0.0005049216
宝鸡,张掖,0.000473364
渭南,张掖,0.0004418064
驻马店,张掖,0.0004102488
重庆,张掖,0.0004102488
郑州,张掖,0.0003786912
北京,张掖,0.0003471336
固原,张掖,0.000315576
阜阳,张掖,0.000315576
榆林,张掖,0.000315576
南阳,张掖,0.0002840184
深圳,张掖,0.0002840184
鄂尔多斯,张掖,0.0002840184
绵阳,张掖,0.0002840184
昆明,张掖,0.0002840184
海西蒙古族藏族自治州,张掖,0.0002524608
遂宁,张掖,0.0002524608
许昌,张掖,0.0002524608
自贡,张掖,0.0002209032
太原,张掖,0.0002209032
吐鲁番,张掖,0.0002209032
武汉,张掖,0.0002209032
伊犁哈萨克自治州,张掖,0.0002209032
贵阳,张掖,0.0002209032
临汾,张掖,0.0002209032
喀什地区,张掖,0.0001893456
天津,张掖,0.0001893456
运城,张掖,0.0001893456
苏州,张掖,0.0001893456
洛阳,张掖,0.0001893456
海南藏族自治州,张掖,0.0001893456
内江,张掖,0.0001893456
邢台,张掖,0.0001893456
商丘,张掖,0.000157788
周口,张掖,0.000157788
商洛,张掖,0.000157788
拉萨,张掖,0.000157788
汉中,张掖,0.000157788
平顶山,张掖,0.000157788
德阳,张掖,0.000157788
徐州,张掖,0.000157788
上海,张掖,0.000157788
达州,张掖,0.0001262304
博尔塔拉蒙古自治州,张掖,0.0001262304
石嘴山,张掖,0.0001262304
资阳,张掖,0.0001262304
临沂,张掖,0.0001262304
延安,张掖,0.0001262304
朔州,张掖,0.0001262304
泸州,张掖,9.46728e-05
五家渠,张掖,9.46728e-05
宜宾,张掖,9.46728e-05
石河子,张掖,9.46728e-05
安康,张掖,9.46728e-05
阳泉,张掖,9.46728e-05
邯郸,张掖,9.46728e-05
聊城,张掖,9.46728e-05
塔城地区,张掖,9.46728e-05
黔南布依族苗族自治州,张掖,9.46728e-05
宿州,张掖,9.46728e-05
广元,张掖,9.46728e-05
潍坊,张掖,9.46728e-05
十堰,张掖,6.311520000000001e-05
南京,张掖,6.311520000000001e-05
孝感,张掖,6.311520000000001e-05
忻州,张掖,6.311520000000001e-05
广州,张掖,6.311520000000001e-05
莆田,张掖,6.311520000000001e-05
晋中,张掖,6.311520000000001e-05
广安,张掖,6.311520000000001e-05
长沙,张掖,6.311520000000001e-05
庆阳,平凉,0.05074531416
固原,平凉,0.03777672816
天水,平凉,0.03518301096
兰州,平凉,0.0270051732
西安,平凉,0.01928505024
咸阳,平凉,0.01553178888
定西,平凉,0.01470790224
宝鸡,平凉,0.01455533064
白银,平凉,0.012205728
银川,平凉,0.0085440096
陇南,平凉,0.00378377568
中卫,平凉,0.00360068976
吴忠,平凉,0.00283783176
泰安,平凉,0.00253268856
武威,平凉,0.00247165992
临夏回族自治州,平凉,0.0018308591999999
济宁,平凉,0.00170880192
张掖,平凉,0.00143417304
石嘴山,平凉,0.0013731444
周口,平凉,0.00128160144
酒泉,平凉,0.00119005848
枣庄,平凉,0.00115954416
西宁,平凉,0.00112902984
乌鲁木齐,平凉,0.00097645824
徐州,平凉,0.00097645824
渭南,平凉,0.00094594392
淄博,平凉,0.0009154295999999
北京,平凉,0.0009154295999999
洛阳,平凉,0.00088491528
驻马店,平凉,0.00088491528
郑州,平凉,0.00088491528
成都,平凉,0.00085440096
金昌,平凉,0.00082388664
南阳,平凉,0.00082388664
榆林,平凉,0.00079337232
重庆,平凉,0.00079337232
宿州,平凉,0.00079337232
延安,平凉,0.000762858
菏泽,平凉,0.000762858
商丘,平凉,0.00073234368
海东,平凉,0.00067131504
天津,平凉,0.00067131504
苏州,平凉,0.00064080072
运城,平凉,0.0006102864
新乡,平凉,0.00057977208
阜阳,平凉,0.00057977208
商洛,平凉,0.0005492577599999
三门峡,平凉,0.0004577147999999
鄂尔多斯,平凉,0.0004577147999999
武汉,平凉,0.00042720048
上海,平凉,0.00042720048
巴彦淖尔,平凉,0.00042720048
黄冈,平凉,0.00039668616
南充,平凉,0.00039668616
阿拉善盟,平凉,0.00036617184
开封,平凉,0.00033565752
许昌,平凉,0.00033565752
濮阳,平凉,0.00033565752
甘南藏族自治州,平凉,0.00033565752
焦作,平凉,0.00033565752
嘉峪关,平凉,0.0003051432
平顶山,平凉,0.0003051432
资阳,平凉,0.0003051432
漯河,平凉,0.0003051432
威海,平凉,0.0003051432
巴中,平凉,0.0003051432
吕梁,平凉,0.0003051432
绵阳,平凉,0.0002746288799999
石家庄,平凉,0.0002746288799999
临汾,平凉,0.00024411456
金华,平凉,0.00024411456
海西蒙古族藏族自治州,平凉,0.00024411456
廊坊,平凉,0.00024411456
济南,平凉,0.00024411456
汉中,平凉,0.00024411456
沧州,平凉,0.00024411456
温州,平凉,0.00024411456
乌海,平凉,0.00021360024
嘉兴,平凉,0.00021360024
泰州,平凉,0.00021360024
荆门,平凉,0.00021360024
襄阳,平凉,0.00021360024
杭州,平凉,0.00021360024
安阳,平凉,0.00021360024
昌吉回族自治州,平凉,0.00021360024
铜川,平凉,0.00021360024
合肥,平凉,0.00021360024
淮北,平凉,0.00018308592
孝感,平凉,0.00018308592
亳州,平凉,0.00018308592
信阳,平凉,0.00018308592
三亚,平凉,0.00018308592
达州,平凉,0.00018308592
安康,平凉,0.00018308592
长治,平凉,0.00018308592
芜湖,平凉,0.00018308592
巴音郭楞蒙古自治州,平凉,0.00018308592
邯郸,平凉,0.00018308592
扬州,平凉,0.00018308592
娄底,平凉,0.00018308592
嘉峪关,酒泉,0.1332936
张掖,酒泉,0.0380376
武威,酒泉,0.0188243999999999
兰州,酒泉,0.0168156
哈密,酒泉,0.0153576
定西,酒泉,0.0106596
白银,酒泉,0.0062532
天水,酒泉,0.0060588
阿拉善盟,酒泉,0.005184
平凉,酒泉,0.0043416
临夏回族自治州,酒泉,0.003888
金昌,酒泉,0.0034344
陇南,酒泉,0.003078
海西蒙古族藏族自治州,酒泉,0.0029808
乌鲁木齐,酒泉,0.00243
庆阳,酒泉,0.0022032
重庆,酒泉,0.0020736
西宁,酒泉,0.0018467999999999
西安,酒泉,0.0016848
南充,酒泉,0.0016848
昌吉回族自治州,酒泉,0.00162
巴音郭楞蒙古自治州,酒泉,0.0014904
吕梁,酒泉,0.0013608
海东,酒泉,0.001296
成都,酒泉,0.001296
驻马店,酒泉,0.0012312
绵阳,酒泉,0.0010368
周口,酒泉,0.0010044
咸阳,酒泉,0.0009072
甘南藏族自治州,酒泉,0.0009072
商丘,酒泉,0.0008424
固原,酒泉,0.0008424
银川,酒泉,0.0007128
南阳,酒泉,0.0007128
遂宁,酒泉,0.0006804
徐州,酒泉,0.0006804
汉中,酒泉,0.000648
宝鸡,酒泉,0.0006156
三门峡,酒泉,0.0005832
中卫,酒泉,0.0005832
郑州,酒泉,0.0005832
伊犁哈萨克自治州,酒泉,0.0005832
洛阳,酒泉,0.0005184
许昌,酒泉,0.0005184
开封,酒泉,0.000486
运城,酒泉,0.000486
石嘴山,酒泉,0.000486
广元,酒泉,0.000486
吴忠,酒泉,0.000486
菏泽,酒泉,0.0004212
克拉玛依,酒泉,0.0004212
海北藏族自治州,酒泉,0.0004212
新乡,酒泉,0.0004212
十堰,酒泉,0.0004212
聊城,酒泉,0.0003564
吐鲁番,酒泉,0.0003564
巴中,酒泉,0.0003564
石河子,酒泉,0.0003564
达州,酒泉,0.0003564
阿克苏地区,酒泉,0.000324
德阳,酒泉,0.000324
渭南,酒泉,0.000324
邵阳,酒泉,0.0002916
眉山,酒泉,0.0002916
资阳,酒泉,0.0002916
广州,酒泉,0.0002916
平顶山,酒泉,0.0002916
沈阳,酒泉,0.0002592
安阳,酒泉,0.0002592
广安,酒泉,0.0002592
阜阳,酒泉,0.0002592
漯河,酒泉,0.0002592
宿州,酒泉,0.0002592
亳州,酒泉,0.0002268
潍坊,酒泉,0.0002268
晋中,酒泉,0.0002268
长沙,酒泉,0.0002268
安康,酒泉,0.0002268
自贡,酒泉,0.0002268
天津,酒泉,0.0002268
泸州,酒泉,0.0002268
内江,酒泉,0.0002268
北京,酒泉,0.000162
喀什地区,酒泉,0.000162
南通,酒泉,0.000162
沧州,酒泉,0.000162
乌海,酒泉,0.000162
信阳,酒泉,0.000162
盐城,酒泉,0.000162
邢台,酒泉,0.000162
深圳,酒泉,0.000162
太原,酒泉,0.000162
厦门,酒泉,0.000162
锦州,酒泉,0.000162
濮阳,酒泉,0.000162
武汉,酒泉,0.000162
威海,酒泉,0.000162
延安,酒泉,0.0001296
福州,酒泉,0.0001296
襄阳,酒泉,0.0001296
西安,庆阳,0.06863681448
平凉,庆阳,0.04582883448
咸阳,庆阳,0.02137867992
延安,庆阳,0.0203143075199999
兰州,庆阳,0.01715160096
银川,庆阳,0.0144450539999999
固原,庆阳,0.0123163092
吴忠,庆阳,0.01213384536
榆林,庆阳,0.01091741976
天水,庆阳,0.00571720032
白银,庆阳,0.00498734496
定西,庆阳,0.00377091936
宝鸡,庆阳,0.00343640232
渭南,庆阳,0.0027369576
中卫,庆阳,0.00231120864
陇南,庆阳,0.00188545968
北京,庆阳,0.00170299584
重庆,庆阳,0.00155094264
苏州,庆阳,0.00155094264
鄂尔多斯,庆阳,0.00139888944
南阳,庆阳,0.00127724688
武威,庆阳,0.0012164256
石嘴山,庆阳,0.00115560432
张掖,庆阳,0.00115560432
周口,庆阳,0.00112519368
乌海,庆阳,0.00109478304
成都,庆阳,0.00100355112
上海,庆阳,0.00100355112
廊坊,庆阳,0.00088190856
洛阳,庆阳,0.00085149792
运城,庆阳,0.00085149792
天津,庆阳,0.00079067664
邯郸,庆阳,0.000760266
盘锦,庆阳,0.00072985536
临夏回族自治州,庆阳,0.00072985536
铜川,庆阳,0.00069944472
西宁,庆阳,0.00069944472
深圳,庆阳,0.00069944472
郑州,庆阳,0.00066903408
濮阳,庆阳,0.00066903408
商洛,庆阳,0.00063862344
嘉峪关,庆阳,0.00063862344
酒泉,庆阳,0.00063862344
乌鲁木齐,庆阳,0.00063862344
阜阳,庆阳,0.00063862344
南充,庆阳,0.0006082128
汉中,庆阳,0.0006082128
杭州,庆阳,0.00057780216
济宁,庆阳,0.00054739152
巴中,庆阳,0.00051698088
襄阳,庆阳,0.00051698088
抚顺,庆阳,0.0004561595999999
宿州,庆阳,0.0004561595999999
泰安,庆阳,0.0004561595999999
安阳,庆阳,0.0004561595999999
临汾,庆阳,0.0004561595999999
安康,庆阳,0.00042574896
东莞,庆阳,0.00042574896
菏泽,庆阳,0.00042574896
金昌,庆阳,0.00039533832
甘南藏族自治州,庆阳,0.00036492768
商丘,庆阳,0.00036492768
广元,庆阳,0.00036492768
邵阳,庆阳,0.00036492768
巴彦淖尔,庆阳,0.00036492768
石家庄,庆阳,0.00033451704
徐州,庆阳,0.00033451704
沧州,庆阳,0.00033451704
阿拉善盟,庆阳,0.00033451704
开封,庆阳,0.0003041064
南通,庆阳,0.0003041064
信阳,庆阳,0.0003041064
吕梁,庆阳,0.0003041064
朔州,庆阳,0.00027369576
滨州,庆阳,0.00024328512
十堰,庆阳,0.00024328512
宜春,庆阳,0.00024328512
荆门,庆阳,0.00024328512
临沂,庆阳,0.00024328512
永州,庆阳,0.00024328512
许昌,庆阳,0.00021287448
泰州,庆阳,0.00021287448
驻马店,庆阳,0.00021287448
岳阳,庆阳,0.00021287448
孝感,庆阳,0.00021287448
荆州,庆阳,0.00021287448
六安,庆阳,0.00021287448
泉州,庆阳,0.00021287448
遂宁,庆阳,0.00021287448
枣庄,庆阳,0.00021287448
常德,庆阳,0.00021287448
资阳,庆阳,0.00018246384
呼和浩特,庆阳,0.00018246384
忻州,庆阳,0.00018246384
安庆,庆阳,0.00018246384
绍兴,庆阳,0.00018246384
焦作,庆阳,0.00018246384
太原,庆阳,0.00018246384
朝阳,庆阳,0.00018246384
广安,庆阳,0.00018246384
兰州,定西,0.1281653928
天水,定西,0.06466233888
临夏回族自治州,定西,0.05650440768
白银,定西,0.0437952095999999
甘南藏族自治州,定西,0.01979371728
陇南,定西,0.01713165552
平凉,定西,0.01635879888
西安,定西,0.00566761536
武威,定西,0.0055817424
酒泉,定西,0.00446539392
张掖,定西,0.00382134672
庆阳,定西,0.0037784102399999
重庆,定西,0.00313436304
西宁,定西,0.00266206176
广元,定西,0.00244737936
成都,定西,0.0023615064
南充,定西,0.00197507808
宝鸡,定西,0.0018892051199999
咸阳,定西,0.0017174592
金昌,定西,0.00145984032
银川,定西,0.0012451579199999
嘉峪关,定西,0.0012451579199999
海东,定西,0.00111634848
乌鲁木齐,定西,0.00103047552
渭南,定西,0.00103047552
绵阳,定西,0.00098753904
吴忠,定西,0.00090166608
上海,定西,0.0008587296
固原,定西,0.00081579312
苏州,定西,0.0007728566399999
北京,定西,0.0007728566399999
许昌,定西,0.00072992016
徐州,定西,0.0006869836799999
遂宁,定西,0.0006440472
杭州,定西,0.0006440472
巴彦淖尔,定西,0.0006440472
南阳,定西,0.0006440472
周口,定西,0.00060111072
驻马店,定西,0.00060111072
运城,定西,0.00055817424
郑州,定西,0.00055817424
中卫,定西,0.00051523776
洛阳,定西,0.00051523776
菏泽,定西,0.00051523776
德阳,定西,0.00051523776
汉中,定西,0.00051523776
安阳,定西,0.0004723012799999
巴音郭楞蒙古自治州,定西,0.0004293648
哈密,定西,0.0003864283199999
资阳,定西,0.0003864283199999
商洛,定西,0.0003864283199999
信阳,定西,0.0003864283199999
天津,定西,0.0003864283199999
商丘,定西,0.0003864283199999
漯河,定西,0.0003864283199999
眉山,定西,0.0003864283199999
泸州,定西,0.0003864283199999
宜宾,定西,0.0003864283199999
安康,定西,0.0003434918399999
开封,定西,0.0003434918399999
福州,定西,0.00030055536
昌吉回族自治州,定西,0.00030055536
临沂,定西,0.00030055536
达州,定西,0.00030055536
巴中,定西,0.00030055536
海西蒙古族藏族自治州,定西,0.00030055536
内江,定西,0.00025761888
宁波,定西,0.00025761888
荆门,定西,0.00025761888
鄂尔多斯,定西,0.00025761888
保定,定西,0.00025761888
荆州,定西,0.00025761888
阿拉善盟,定西,0.00025761888
青岛,定西,0.00025761888
株洲,定西,0.0002146824
阿克苏地区,定西,0.0002146824
雅安,定西,0.0002146824
乐山,定西,0.0001717459199999
阿坝藏族羌族自治州,定西,0.0001717459199999
沧州,定西,0.0001717459199999
邢台,定西,0.0001717459199999
深圳,定西,0.0001717459199999
阜阳,定西,0.00012880944
宿州,定西,0.00012880944
平顶山,定西,0.00012880944
嘉兴,定西,0.00012880944
新乡,定西,0.00012880944
咸宁,定西,0.00012880944
十堰,定西,0.00012880944
潍坊,定西,0.00012880944
乌海,定西,0.00012880944
自贡,定西,0.00012880944
石嘴山,定西,0.00012880944
莆田,定西,0.00012880944
常德,定西,0.00012880944
石家庄,定西,0.00012880944
昭通,定西,0.00012880944
廊坊,定西,0.00012880944
长沙,定西,0.00012880944
泰州,定西,0.00012880944
天水,陇南,0.0529830072
定西,陇南,0.0268682832
兰州,陇南,0.0260887392
甘南藏族自治州,陇南,0.01818936
广元,陇南,0.0160326216
汉中,陇南,0.0150451992
宝鸡,陇南,0.0108616464
成都,陇南,0.007405668
西安,陇南,0.0072237744
阿坝藏族羌族自治州,陇南,0.0054048384
南充,陇南,0.0047552184
白银,陇南,0.0046512792
重庆,陇南,0.0043914312
平凉,陇南,0.0042615072
绵阳,陇南,0.0042095376
武威,陇南,0.002988252
庆阳,陇南,0.0023906016
咸阳,陇南,0.0021047688
临夏回族自治州,陇南,0.0020268144
德阳,陇南,0.0019748448
北京,陇南,0.0019228752
张掖,陇南,0.0017669664
西宁,陇南,0.0011433312
渭南,陇南,0.0010913616
酒泉,陇南,0.0010134072
遂宁,陇南,0.0008315136
金昌,陇南,0.0008055288
安康,陇南,0.0007535592
上海,陇南,0.0007275744
巴中,陇南,0.0007015896
杭州,陇南,0.0006756048
宜宾,陇南,0.0005976504
广安,陇南,0.0005716656
南阳,陇南,0.0005716656
天津,陇南,0.0005716656
襄阳,陇南,0.0005456808
菏泽,陇南,0.0005456808
商丘,陇南,0.0004937112
苏州,陇南,0.0004937112
乐山,陇南,0.0004677264
周口,陇南,0.0004677264
乌鲁木齐,陇南,0.0004677264
嘉峪关,陇南,0.0004417416
达州,陇南,0.0004417416
常德,陇南,0.0004157568
资阳,陇南,0.0004157568
郑州,陇南,0.0003637872
银川,陇南,0.0003637872
榆林,陇南,0.0003378024
内江,陇南,0.0003378024
洛阳,陇南,0.0003118176
亳州,陇南,0.0003118176
阜阳,陇南,0.0003118176
许昌,陇南,0.0003118176
石家庄,陇南,0.0003118176
福州,陇南,0.0003118176
运城,陇南,0.0002858328
固原,陇南,0.0002858328
平顶山,陇南,0.0002858328
铜陵,陇南,0.0002858328
驻马店,陇南,0.0002338632
东莞,陇南,0.0002338632
开封,陇南,0.0002338632
中卫,陇南,0.0002338632
深圳,陇南,0.0002338632
黔东南苗族侗族自治州,陇南,0.0002338632
吴忠,陇南,0.0002078784
青岛,陇南,0.0002078784
德州,陇南,0.0002078784
哈密,陇南,0.0002078784
安庆,陇南,0.0002078784
眉山,陇南,0.0002078784
临汾,陇南,0.0002078784
恩施土家族苗族自治州,陇南,0.0002078784
毕节,陇南,0.0002078784
邵阳,陇南,0.0002078784
徐州,陇南,0.0002078784
遵义,陇南,0.0002078784
温州,陇南,0.0002078784
安阳,陇南,0.0001818936
凉山彝族自治州,陇南,0.0001818936
吕梁,陇南,0.0001818936
长沙,陇南,0.0001818936
忻州,陇南,0.0001818936
昭通,陇南,0.0001818936
海口,陇南,0.0001559088
宁波,陇南,0.0001559088
昆明,陇南,0.0001559088
商洛,陇南,0.0001559088
自贡,陇南,0.0001559088
宿州,陇南,0.0001559088
黄冈,陇南,0.0001559088
乌海,陇南,0.0001559088
三门峡,陇南,0.0001559088
广州,陇南,0.0001559088
无锡,陇南,0.0001559088
图木舒克,陇南,0.0001559088
济南,陇南,0.0001559088
荆门,陇南,0.0001039392
济宁,陇南,0.0001039392
兰州,临夏回族自治州,0.12013998732
定西,临夏回族自治州,0.05422388184
甘南藏族自治州,临夏回族自治州,0.02902347612
海东,临夏回族自治州,0.02825886204
西宁,临夏回族自治州,0.0129028626
白银,临夏回族自治州,0.008761203
天水,临夏回族自治州,0.00611691264
武威,临夏回族自治州,0.00563902884
酒泉,临夏回族自治州,0.00455582556
平凉,临夏回族自治州,0.00407794176
西安,临夏回族自治州,0.0038230704
张掖,临夏回族自治州,0.00277172604
陇南,临夏回族自治州,0.00251685468
金昌,临夏回族自治州,0.00242127792
庆阳,临夏回族自治州,0.00165666384
海西蒙古族藏族自治州,临夏回族自治州,0.00146551032
黄南藏族自治州,临夏回族自治州,0.00105134436
拉萨,临夏回族自治州,0.00092390868
成都,临夏回族自治州,0.00089204976
吴忠,临夏回族自治州,0.00089204976
三亚,临夏回族自治州,0.00086019084
宝鸡,临夏回族自治州,0.000796473
银川,临夏回族自治州,0.00076461408
周口,临夏回族自治州,0.0006371784
咸阳,临夏回族自治州,0.00060531948
中卫,临夏回族自治州,0.00057346056
海南藏族自治州,临夏回族自治州,0.00057346056
重庆,临夏回族自治州,0.00057346056
郑州,临夏回族自治州,0.00057346056
阿坝藏族羌族自治州,临夏回族自治州,0.00054160164
南阳,临夏回族自治州,0.00054160164
南昌,临夏回族自治州,0.00050974272
东莞,临夏回族自治州,0.00050974272
厦门,临夏回族自治州,0.0004778838
深圳,临夏回族自治州,0.0004778838
广元,临夏回族自治州,0.0004778838
嘉峪关,临夏回族自治州,0.00044602488
汉中,临夏回族自治州,0.00038230704
固原,临夏回族自治州,0.00038230704
北京,临夏回族自治州,0.00035044812
南充,临夏回族自治州,0.0003185892
南京,临夏回族自治州,0.0003185892
海北藏族自治州,临夏回族自治州,0.0003185892
菏泽,临夏回族自治州,0.00028673028
福州,临夏回族自治州,0.00028673028
渭南,临夏回族自治州,0.00028673028
阿拉善盟,临夏回族自治州,0.00028673028
榆林,临夏回族自治州,0.00028673028
长春,临夏回族自治州,0.00025487136
上海,临夏回族自治州,0.00025487136
沈阳,临夏回族自治州,0.00025487136
许昌,临夏回族自治州,0.00025487136
盐城,临夏回族自治州,0.00025487136
阜阳,临夏回族自治州,0.00025487136
乌鲁木齐,临夏回族自治州,0.00025487136
合肥,临夏回族自治州,0.00022301244
巴音郭楞蒙古自治州,临夏回族自治州,0.00022301244
绵阳,临夏回族自治州,0.00022301244
武汉,临夏回族自治州,0.00022301244
杭州,临夏回族自治州,0.00019115352
日喀则,临夏回族自治州,0.00019115352
常州,临夏回族自治州,0.00019115352
运城,临夏回族自治州,0.0001592946
宁波,临夏回族自治州,0.0001592946
呼和浩特,临夏回族自治州,0.0001592946
徐州,临夏回族自治州,0.0001592946
泉州,临夏回族自治州,0.0001592946
邯郸,临夏回族自治州,0.0001592946
哈密,临夏回族自治州,0.0001592946
平顶山,临夏回族自治州,0.0001592946
洛阳,临夏回族自治州,0.00012743568
白山,临夏回族自治州,0.00012743568
昌都,临夏回族自治州,0.00012743568
宜春,临夏回族自治州,0.00012743568
那曲,临夏回族自治州,0.00012743568
乌海,临夏回族自治州,0.00012743568
莆田,临夏回族自治州,0.00012743568
德阳,临夏回族自治州,0.00012743568
广州,临夏回族自治州,0.00012743568
温州,临夏回族自治州,0.00012743568
果洛藏族自治州,临夏回族自治州,0.00012743568
乐山,临夏回族自治州,0.00012743568
荆州,临夏回族自治州,0.00012743568
包头,临夏回族自治州,0.00012743568
安庆,临夏回族自治州,0.00012743568
十堰,临夏回族自治州,0.00012743568
廊坊,临夏回族自治州,9.557676e-05
台州,临夏回族自治州,9.557676e-05
信阳,临夏回族自治州,9.557676e-05
苏州,临夏回族自治州,9.557676e-05
遂宁,临夏回族自治州,9.557676e-05
安阳,临夏回族自治州,9.557676e-05
山南,临夏回族自治州,9.557676e-05
无锡,临夏回族自治州,9.557676e-05
石河子,临夏回族自治州,9.557676e-05
商丘,临夏回族自治州,9.557676e-05
黄冈,临夏回族自治州,9.557676e-05
延安,临夏回族自治州,9.557676e-05
资阳,临夏回族自治州,9.557676e-05
石嘴山,临夏回族自治州,9.557676e-05
兰州,甘南藏族自治州,0.0405858276
临夏回族自治州,甘南藏族自治州,0.04055393304
定西,甘南藏族自治州,0.0279874764
陇南,甘南藏族自治州,0.01527749424
阿坝藏族羌族自治州,甘南藏族自治州,0.0096481044
黄南藏族自治州,甘南藏族自治州,0.0031097196
天水,甘南藏族自治州,0.00267914304
白银,甘南藏族自治州,0.00248777568
武威,甘南藏族自治州,0.0020731464
平凉,甘南藏族自治州,0.0013555187999999
庆阳,甘南藏族自治州,0.00125983512
西宁,甘南藏族自治州,0.0009249422399999
海东,甘南藏族自治州,0.0007654694399999
张掖,甘南藏族自治州,0.00070168032
西安,甘南藏族自治州,0.00066978576
成都,甘南藏族自治州,0.00066978576
金昌,甘南藏族自治州,0.00060599664
海南藏族自治州,甘南藏族自治州,0.00060599664
酒泉,甘南藏族自治州,0.00057410208
咸阳,甘南藏族自治州,0.0004784183999999
广元,甘南藏族自治州,0.00041462928
果洛藏族自治州,甘南藏族自治州,0.0003827347199999
济宁,甘南藏族自治州,0.0003827347199999
宝鸡,甘南藏族自治州,0.00035084016
重庆,甘南藏族自治州,0.00028705104
南充,甘南藏族自治州,0.00022326192
渭南,甘南藏族自治州,0.0001913673599999
烟台,甘南藏族自治州,0.0001913673599999
遂宁,甘南藏族自治州,0.0001913673599999
汉中,甘南藏族自治州,0.0001913673599999
海北藏族自治州,甘南藏族自治州,0.0001594728
吴忠,甘南藏族自治州,0.0001594728
延安,甘南藏族自治州,0.00012757824
商丘,甘南藏族自治州,9.568368e-05
邵阳,甘南藏族自治州,9.568368e-05
安康,甘南藏族自治州,9.568368e-05
资阳,甘南藏族自治州,9.568368e-05
乐山,甘南藏族自治州,9.568368e-05
洛阳,甘南藏族自治州,9.568368e-05
绵阳,甘南藏族自治州,9.568368e-05
襄阳,甘南藏族自治州,9.568368e-05
银川,甘南藏族自治州,9.568368e-05
长沙,甘南藏族自治州,6.378912e-05
南阳,甘南藏族自治州,6.378912e-05
固原,甘南藏族自治州,6.378912e-05
巴音郭楞蒙古自治州,甘南藏族自治州,6.378912e-05
徐州,甘南藏族自治州,6.378912e-05
台州,甘南藏族自治州,6.378912e-05
甘孜藏族自治州,甘南藏族自治州,6.378912e-05
拉萨,甘南藏族自治州,6.378912e-05
福州,甘南藏族自治州,6.378912e-05
河源,甘南藏族自治州,6.378912e-05
十堰,甘南藏族自治州,6.378912e-05
安阳,甘南藏族自治州,6.378912e-05
济南,甘南藏族自治州,6.378912e-05
深圳,甘南藏族自治州,6.378912e-05
宜宾,甘南藏族自治州,6.378912e-05
榆林,甘南藏族自治州,6.378912e-05
柳州,甘南藏族自治州,3.189456e-05
内江,甘南藏族自治州,3.189456e-05
信阳,甘南藏族自治州,3.189456e-05
凉山彝族自治州,甘南藏族自治州,3.189456e-05
泰安,甘南藏族自治州,3.189456e-05
德阳,甘南藏族自治州,3.189456e-05
那曲,甘南藏族自治州,3.189456e-05
合肥,甘南藏族自治州,3.189456e-05
许昌,甘南藏族自治州,3.189456e-05
苏州,甘南藏族自治州,3.189456e-05
鹰潭,甘南藏族自治州,3.189456e-05
北京,甘南藏族自治州,3.189456e-05
嘉峪关,甘南藏族自治州,3.189456e-05
佛山,甘南藏族自治州,3.189456e-05
巴中,甘南藏族自治州,3.189456e-05
阿克苏地区,甘南藏族自治州,3.189456e-05
防城港,甘南藏族自治州,3.189456e-05
昭通,甘南藏族自治州,3.189456e-05
无锡,甘南藏族自治州,3.189456e-05
荆州,甘南藏族自治州,3.189456e-05
阜阳,甘南藏族自治州,3.189456e-05
武汉,甘南藏族自治州,3.189456e-05
菏泽,甘南藏族自治州,3.189456e-05
达州,甘南藏族自治州,3.189456e-05
常德,甘南藏族自治州,3.189456e-05
阿拉善盟,甘南藏族自治州,3.189456e-05
平顶山,甘南藏族自治州,3.189456e-05
雅安,甘南藏族自治州,3.189456e-05
郑州,甘南藏族自治州,3.189456e-05
周口,甘南藏族自治州,3.189456e-05
包头,甘南藏族自治州,3.189456e-05
商洛,甘南藏族自治州,3.189456e-05
通辽,甘南藏族自治州,3.189456e-05
海东,西宁,0.5456515622400001
海南藏族自治州,西宁,0.09032745456
海北藏族自治州,西宁,0.07731509616
海西蒙古族藏族自治州,西宁,0.06647146416
兰州,西宁,0.03426587712
黄南藏族自治州,西宁,0.02179570032
临夏回族自治州,西宁,0.01659075696
西安,西宁,0.0124701768
天水,西宁,0.00965083248
定西,西宁,0.00943395984
武威,西宁,0.00910865088
玉树藏族自治州,西宁,0.00900021456
白银,西宁,0.0086749056
果洛藏族自治州,西宁,0.0086749056
成都,西宁,0.00672305184
张掖,西宁,0.00563868864
南充,西宁,0.00509650704
宝鸡,西宁,0.00466276176
重庆,西宁,0.00466276176
平凉,西宁,0.00444588912
咸阳,西宁,0.00368683488
庆阳,西宁,0.0032530896
南阳,西宁,0.00314465328
洛阳,西宁,0.00314465328
商丘,西宁,0.00303621696
酒泉,西宁,0.00281934432
驻马店,西宁,0.002710908
周口,西宁,0.00249403536
渭南,西宁,0.00249403536
菏泽,西宁,0.00249403536
银川,西宁,0.00238559904
北京,西宁,0.00227716272
郑州,西宁,0.00227716272
金昌,西宁,0.0021687264
吕梁,西宁,0.0021687264
新乡,西宁,0.00206029008
拉萨,西宁,0.00206029008
陇南,西宁,0.00195185376
开封,西宁,0.00184341744
邢台,西宁,0.00184341744
绵阳,西宁,0.00184341744
甘南藏族自治州,西宁,0.00173498112
沧州,西宁,0.0016265448
徐州,西宁,0.0016265448
许昌,西宁,0.00151810848
榆林,西宁,0.00151810848
汉中,西宁,0.00130123584
上海,西宁,0.00130123584
阜阳,西宁,0.00130123584
十堰,西宁,0.00130123584
平顶山,西宁,0.00119279952
安阳,西宁,0.0010843632
信阳,西宁,0.00097592688
遂宁,西宁,0.00097592688
深圳,西宁,0.00086749056
运城,西宁,0.00086749056
邯郸,西宁,0.00086749056
莆田,西宁,0.00086749056
常德,西宁,0.00086749056
嘉峪关,西宁,0.00086749056
保定,西宁,0.00075905424
达州,西宁,0.00075905424
广州,西宁,0.00075905424
中卫,西宁,0.00075905424
石家庄,西宁,0.00075905424
广元,西宁,0.00075905424
三亚,西宁,0.00075905424
长沙,西宁,0.00065061792
扬州,西宁,0.00065061792
吴忠,西宁,0.00065061792
南昌,西宁,0.00065061792
漯河,西宁,0.00065061792
德阳,西宁,0.00065061792
晋中,西宁,0.00065061792
宿州,西宁,0.00065061792
武汉,西宁,0.00065061792
烟台,西宁,0.0005421816
枣庄,西宁,0.0005421816
青岛,西宁,0.0005421816
济南,西宁,0.0005421816
固原,西宁,0.0005421816
延安,西宁,0.0005421816
内江,西宁,0.0005421816
九江,西宁,0.0005421816
商洛,西宁,0.0005421816
太原,西宁,0.00043374528
安庆,西宁,0.00043374528
临汾,西宁,0.00043374528
襄阳,西宁,0.00043374528
焦作,西宁,0.00043374528
连云港,西宁,0.00043374528
三门峡,西宁,0.00043374528
安康,西宁,0.00043374528
合肥,西宁,0.00043374528
濮阳,西宁,0.00043374528
济宁,西宁,0.00043374528
巴彦淖尔,西宁,0.00043374528
天津,西宁,0.00043374528
广安,西宁,0.00043374528
哈尔滨,西宁,0.00043374528
西宁,海东地区,0.3880047744
兰州,海东地区,0.0402786432
临夏回族自治州,海东地区,0.0256068864
黄南藏族自治州,海东地区,0.01648512
海西蒙古族藏族自治州,海东地区,0.015935616
海南藏族自治州,海东地区,0.0138475007999999
武威,海东地区,0.0086272128
海北藏族自治州,海东地区,0.0069787007999999
西安,海东地区,0.0020881152
定西,海东地区,0.0018683136
白银,海东地区,0.0014836608
天水,海东地区,0.0014287104
张掖,海东地区,0.0013188096
果洛藏族自治州,海东地区,0.0012089088
甘南藏族自治州,海东地区,0.0011539584
重庆,海东地区,0.0009891072
成都,海东地区,0.0007693056
酒泉,海东地区,0.0007143552
银川,海东地区,0.0006594048
玉树藏族自治州,海东地区,0.000549504
平凉,海东地区,0.0004945536
平顶山,海东地区,0.0004945536
咸阳,海东地区,0.0004396031999999
南充,海东地区,0.0004396031999999
南阳,海东地区,0.0004396031999999
拉萨,海东地区,0.0004396031999999
郑州,海东地区,0.0003846528
陇南,海东地区,0.0003846528
宝鸡,海东地区,0.0003846528
周口,海东地区,0.0003297024
南昌,海东地区,0.0003297024
汉中,海东地区,0.000274752
庆阳,海东地区,0.000274752
聊城,海东地区,0.000274752
运城,海东地区,0.000274752
襄阳,海东地区,0.0002198015999999
深圳,海东地区,0.0002198015999999
许昌,海东地区,0.0002198015999999
晋中,海东地区,0.0002198015999999
渭南,海东地区,0.0002198015999999
天津,海东地区,0.0002198015999999
吴忠,海东地区,0.0002198015999999
南京,海东地区,0.0002198015999999
福州,海东地区,0.0002198015999999
吕梁,海东地区,0.0001648512
遂宁,海东地区,0.0001648512
洛阳,海东地区,0.0001648512
哈密,海东地区,0.0001648512
亳州,海东地区,0.0001648512
徐州,海东地区,0.0001648512
开封,海东地区,0.0001648512
济南,海东地区,0.0001648512
呼和浩特,海东地区,0.0001648512
杭州,海东地区,0.0001648512
上海,海东地区,0.0001648512
广州,海东地区,0.0001099007999999
菏泽,海东地区,0.0001099007999999
驻马店,海东地区,0.0001099007999999
上饶,海东地区,0.0001099007999999
安庆,海东地区,0.0001099007999999
新乡,海东地区,0.0001099007999999
长沙,海东地区,0.0001099007999999
三亚,海东地区,0.0001099007999999
十堰,海东地区,0.0001099007999999
厦门,海东地区,0.0001099007999999
广安,海东地区,0.0001099007999999
莆田,海东地区,0.0001099007999999
安阳,海东地区,0.0001099007999999
阿坝藏族羌族自治州,海东地区,0.0001099007999999
德州,海东地区,0.0001099007999999
信阳,海东地区,0.0001099007999999
石嘴山,海东地区,0.0001099007999999
东莞,海东地区,0.0001099007999999
邯郸,海东地区,0.0001099007999999
盐城,海东地区,0.0001099007999999
榆林,海东地区,0.0001099007999999
阜阳,海东地区,0.0001099007999999
张家口,海东地区,0.0001099007999999
六安,海东地区,5.49504e-05
潍坊,海东地区,5.49504e-05
商丘,海东地区,5.49504e-05
哈尔滨,海东地区,5.49504e-05
邢台,海东地区,5.49504e-05
吉安,海东地区,5.49504e-05
伊犁哈萨克自治州,海东地区,5.49504e-05
绵阳,海东地区,5.49504e-05
玉溪,海东地区,5.49504e-05
中卫,海东地区,5.49504e-05
包头,海东地区,5.49504e-05
巴中,海东地区,5.49504e-05
昌吉回族自治州,海东地区,5.49504e-05
资阳,海东地区,5.49504e-05
忻州,海东地区,5.49504e-05
鄂尔多斯,海东地区,5.49504e-05
恩施土家族苗族自治州,海东地区,5.49504e-05
潜江,海东地区,5.49504e-05
秦皇岛,海东地区,5.49504e-05
沧州,海东地区,5.49504e-05
南通,海东地区,5.49504e-05
唐山,海东地区,5.49504e-05
西宁,海北藏族自治州,0.07820432064
海东,海北藏族自治州,0.00809294976
张掖,海北藏族自治州,0.0056671293599999
海南藏族自治州,海北藏族自治州,0.00446970312
海西蒙古族藏族自治州,海北藏族自治州,0.00236388456
武威,海北藏族自治州,0.00064000368
兰州,海北藏族自治州,0.0004129056
临夏回族自治州,海北藏族自治州,0.00028903392
黄南藏族自治州,海北藏族自治州,0.000258066
酒泉,海北藏族自治州,0.000258066
果洛藏族自治州,海北藏族自治州,0.00018580752
天水,海北藏族自治州,0.00012387168
哈密,海北藏族自治州,0.00012387168
定西,海北藏族自治州,9.290376e-05
运城,海北藏族自治州,9.290376e-05
南阳,海北藏族自治州,9.290376e-05
平凉,海北藏族自治州,9.290376e-05
濮阳,海北藏族自治州,9.290376e-05
金昌,海北藏族自治州,9.290376e-05
郑州,海北藏族自治州,9.290376e-05
金华,海北藏族自治州,6.193584e-05
嘉峪关,海北藏族自治州,6.193584e-05
阿拉善盟,海北藏族自治州,6.193584e-05
中卫,海北藏族自治州,6.193584e-05
陇南,海北藏族自治州,6.193584e-05
西安,海北藏族自治州,6.193584e-05
拉萨,海北藏族自治州,6.193584e-05
惠州,海北藏族自治州,6.193584e-05
漯河,海北藏族自治州,3.096792e-05
株洲,海北藏族自治州,3.096792e-05
自贡,海北藏族自治州,3.096792e-05
玉树藏族自治州,海北藏族自治州,3.096792e-05
重庆,海北藏族自治州,3.096792e-05
西双版纳傣族自治州,海北藏族自治州,3.096792e-05
甘南藏族自治州,海北藏族自治州,3.096792e-05
三门峡,海北藏族自治州,3.096792e-05
杭州,海北藏族自治州,3.096792e-05
白银,海北藏族自治州,3.096792e-05
昌吉回族自治州,海北藏族自治州,3.096792e-05
驻马店,海北藏族自治州,3.096792e-05
太原,海北藏族自治州,3.096792e-05
东莞,海北藏族自治州,3.096792e-05
北京,海北藏族自治州,3.096792e-05
庆阳,海北藏族自治州,3.096792e-05
吴忠,海北藏族自治州,3.096792e-05
山南,海北藏族自治州,3.096792e-05
银川,海北藏族自治州,3.096792e-05
青岛,海北藏族自治州,3.096792e-05
菏泽,海北藏族自治州,3.096792e-05
新乡,海北藏族自治州,3.096792e-05
商洛,海北藏族自治州,3.096792e-05
南京,海北藏族自治州,3.096792e-05
河源,海北藏族自治州,3.096792e-05
阿克苏地区,海北藏族自治州,3.096792e-05
宝鸡,海北藏族自治州,3.096792e-05
西宁,黄南藏族自治州,0.023712912
海东,黄南藏族自治州,0.020117808
海南藏族自治州,黄南藏族自治州,0.0072887039999999
甘南藏族自治州,黄南藏族自治州,0.003527388
临夏回族自治州,黄南藏族自治州,0.0016190279999999
果洛藏族自治州,黄南藏族自治州,0.000806436
阿坝藏族羌族自治州,黄南藏族自治州,0.0003201119999999
海西蒙古族藏族自治州,黄南藏族自治州,0.0002893319999999
海北藏族自治州,黄南藏族自治州,0.0002893319999999
焦作,黄南藏族自治州,0.000190836
天水,黄南藏族自治州,0.000190836
新乡,黄南藏族自治州,0.0001600559999999
兰州,黄南藏族自治州,0.0001600559999999
西安,黄南藏族自治州,0.000129276
银川,黄南藏族自治州,0.000129276
张掖,黄南藏族自治州,0.000129276
武威,黄南藏族自治州,9.234e-05
济南,黄南藏族自治州,9.234e-05
南充,黄南藏族自治州,9.234e-05
平凉,黄南藏族自治州,9.234e-05
玉树藏族自治州,黄南藏族自治州,9.234e-05
阜阳,黄南藏族自治州,9.234e-05
南阳,黄南藏族自治州,6.156e-05
开封,黄南藏族自治州,6.156e-05
六安,黄南藏族自治州,6.156e-05
周口,黄南藏族自治州,6.156e-05
保定,黄南藏族自治州,6.156e-05
重庆,黄南藏族自治州,6.156e-05
洛阳,黄南藏族自治州,6.156e-05
无锡,黄南藏族自治州,6.156e-05
上海,黄南藏族自治州,6.156e-05
乐山,黄南藏族自治州,6.156e-05
泸州,黄南藏族自治州,6.156e-05
吕梁,黄南藏族自治州,6.156e-05
榆林,黄南藏族自治州,6.156e-05
安庆,黄南藏族自治州,6.156e-05
惠州,黄南藏族自治州,6.156e-05
嘉峪关,黄南藏族自治州,3.078e-05
湛江,黄南藏族自治州,3.078e-05
石嘴山,黄南藏族自治州,3.078e-05
广元,黄南藏族自治州,3.078e-05
十堰,黄南藏族自治州,3.078e-05
鹤壁,黄南藏族自治州,3.078e-05
石家庄,黄南藏族自治州,3.078e-05
陇南,黄南藏族自治州,3.078e-05
东莞,黄南藏族自治州,3.078e-05
保山,黄南藏族自治州,3.078e-05
长沙,黄南藏族自治州,3.078e-05
北京,黄南藏族自治州,3.078e-05
金华,黄南藏族自治州,3.078e-05
平顶山,黄南藏族自治州,3.078e-05
雅安,黄南藏族自治州,3.078e-05
绵阳,黄南藏族自治州,3.078e-05
成都,黄南藏族自治州,3.078e-05
眉山,黄南藏族自治州,3.078e-05
郑州,黄南藏族自治州,3.078e-05
宝鸡,黄南藏族自治州,3.078e-05
济宁,黄南藏族自治州,3.078e-05
福州,黄南藏族自治州,3.078e-05
临汾,黄南藏族自治州,3.078e-05
自贡,黄南藏族自治州,3.078e-05
拉萨,黄南藏族自治州,3.078e-05
黄石,黄南藏族自治州,3.078e-05
乌鲁木齐,黄南藏族自治州,3.078e-05
武汉,黄南藏族自治州,3.078e-05
西宁,海南藏族自治州,0.08523672768
海东,海南藏族自治州,0.0157722552
黄南藏族自治州,海南藏族自治州,0.0097162416
海西蒙古族藏族自治州,海南藏族自治州,0.00628228224
海北藏族自治州,海南藏族自治州,0.00433903392
果洛藏族自治州,海南藏族自治州,0.0035936784
兰州,海南藏族自治州,0.0009316944
玉树藏族自治州,海南藏族自治州,0.0008651448
临夏回族自治州,海南藏族自治州,0.00083852496
天水,海南藏族自治州,0.0003194380799999
南充,海南藏族自治州,0.00025288848
白银,海南藏族自治州,0.00022626864
甘南藏族自治州,海南藏族自治州,0.00018633888
武威,海南藏族自治州,0.00018633888
西安,海南藏族自治州,0.00018633888
平凉,海南藏族自治州,0.00018633888
阿坝藏族羌族自治州,海南藏族自治州,0.00018633888
成都,海南藏族自治州,0.0001597190399999
南阳,海南藏族自治州,0.0001597190399999
吴忠,海南藏族自治州,0.0001597190399999
汉中,海南藏族自治州,0.00011978928
重庆,海南藏族自治州,0.00011978928
张掖,海南藏族自治州,0.00011978928
定西,海南藏族自治州,0.00011978928
运城,海南藏族自治州,0.00011978928
菏泽,海南藏族自治州,9.316944e-05
南昌,海南藏族自治州,9.316944e-05
绵阳,海南藏族自治州,9.316944e-05
咸阳,海南藏族自治州,9.316944e-05
邢台,海南藏族自治州,9.316944e-05
池州,海南藏族自治州,5.323968e-05
邯郸,海南藏族自治州,5.323968e-05
焦作,海南藏族自治州,5.323968e-05
开封,海南藏族自治州,5.323968e-05
酒泉,海南藏族自治州,5.323968e-05
徐州,海南藏族自治州,5.323968e-05
昌吉回族自治州,海南藏族自治州,5.323968e-05
固原,海南藏族自治州,5.323968e-05
榆林,海南藏族自治州,5.323968e-05
银川,海南藏族自治州,5.323968e-05
巴彦淖尔,海南藏族自治州,5.323968e-05
郑州,海南藏族自治州,5.323968e-05
遂宁,海南藏族自治州,5.323968e-05
巴音郭楞蒙古自治州,海南藏族自治州,2.661984e-05
陇南,海南藏族自治州,2.661984e-05
三明,海南藏族自治州,2.661984e-05
珠海,海南藏族自治州,2.661984e-05
金华,海南藏族自治州,2.661984e-05
沈阳,海南藏族自治州,2.661984e-05
哈密,海南藏族自治州,2.661984e-05
红河哈尼族彝族自治州,海南藏族自治州,2.661984e-05
三亚,海南藏族自治州,2.661984e-05
济宁,海南藏族自治州,2.661984e-05
甘孜藏族自治州,海南藏族自治州,2.661984e-05
泸州,海南藏族自治州,2.661984e-05
沧州,海南藏族自治州,2.661984e-05
商洛,海南藏族自治州,2.661984e-05
吕梁,海南藏族自治州,2.661984e-05
咸宁,海南藏族自治州,2.661984e-05
鄂尔多斯,海南藏族自治州,2.661984e-05
曲靖,海南藏族自治州,2.661984e-05
上饶,海南藏族自治州,2.661984e-05
深圳,海南藏族自治州,2.661984e-05
十堰,海南藏族自治州,2.661984e-05
渭南,海南藏族自治州,2.661984e-05
平顶山,海南藏族自治州,2.661984e-05
通化,海南藏族自治州,2.661984e-05
阿拉善盟,海南藏族自治州,2.661984e-05
福州,海南藏族自治州,2.661984e-05
周口,海南藏族自治州,2.661984e-05
黔东南苗族侗族自治州,海南藏族自治州,2.661984e-05
乌海,海南藏族自治州,2.661984e-05
宁波,海南藏族自治州,2.661984e-05
临汾,海南藏族自治州,2.661984e-05
北京,海南藏族自治州,2.661984e-05
信阳,海南藏族自治州,2.661984e-05
荆州,海南藏族自治州,2.661984e-05
襄阳,海南藏族自治州,2.661984e-05
东莞,海南藏族自治州,2.661984e-05
天门,海南藏族自治州,2.661984e-05
商丘,海南藏族自治州,2.661984e-05
西宁,果洛藏族自治州,0.0085207464
海南藏族自治州,果洛藏族自治州,0.0041779476
海东,果洛藏族自治州,0.002266704
阿坝藏族羌族自治州,果洛藏族自治州,0.002266704
甘孜藏族自治州,果洛藏族自治州,0.0019112436
玉树藏族自治州,果洛藏族自治州,0.0015222978
海西蒙古族藏族自治州,果洛藏族自治州,0.0011642616
甘南藏族自治州,果洛藏族自治州,0.001133352
成都,果洛藏族自治州,0.0003219749999999
黄南藏族自治州,果洛藏族自治州,0.0003219749999999
重庆,果洛藏族自治州,0.0003219749999999
拉萨,果洛藏族自治州,0.0002910654
临夏回族自治州,果洛藏族自治州,0.0001596995999999
海北藏族自治州,果洛藏族自治州,0.0001596995999999
凉山彝族自治州,果洛藏族自治州,9.53046e-05
毕节,果洛藏族自治州,9.53046e-05
资阳,果洛藏族自治州,6.4395e-05
天水,果洛藏族自治州,6.4395e-05
定西,果洛藏族自治州,6.4395e-05
兰州,果洛藏族自治州,6.4395e-05
绵阳,果洛藏族自治州,3.09096e-05
咸阳,果洛藏族自治州,3.09096e-05
吕梁,果洛藏族自治州,3.09096e-05
天津,果洛藏族自治州,3.09096e-05
福州,果洛藏族自治州,3.09096e-05
宜昌,果洛藏族自治州,3.09096e-05
广州,果洛藏族自治州,3.09096e-05
昌都,果洛藏族自治州,3.09096e-05
西安,果洛藏族自治州,3.09096e-05
遵义,果洛藏族自治州,3.09096e-05
榆林,果洛藏族自治州,3.09096e-05
临汾,果洛藏族自治州,3.09096e-05
许昌,果洛藏族自治州,3.09096e-05
陇南,果洛藏族自治州,3.09096e-05
南通,果洛藏族自治州,3.09096e-05
衡阳,果洛藏族自治州,3.09096e-05
巴音郭楞蒙古自治州,果洛藏族自治州,3.09096e-05
曲靖,果洛藏族自治州,3.09096e-05
石家庄,果洛藏族自治州,3.09096e-05
雅安,果洛藏族自治州,3.09096e-05
遂宁,果洛藏族自治州,3.09096e-05
武威,果洛藏族自治州,3.09096e-05
潍坊,果洛藏族自治州,3.09096e-05
西宁,玉树藏族自治州,0.00839101032
昌都,玉树藏族自治州,0.00404984448
甘孜藏族自治州,玉树藏族自治州,0.0037895655599999
海西蒙古族藏族自治州,玉树藏族自治州,0.00217058292
海东,玉树藏族自治州,0.00171688572
那曲,玉树藏族自治州,0.0006781579199999
海南藏族自治州,玉树藏族自治州,0.00042026688
果洛藏族自治州,玉树藏族自治州,0.00035579412
拉萨,玉树藏族自治州,0.00035579412
临夏回族自治州,玉树藏族自治州,0.0002913213599999
天水,玉树藏族自治州,0.00019341828
银川,玉树藏族自治州,0.0001599879599999
张掖,玉树藏族自治州,0.0001599879599999
重庆,玉树藏族自治州,0.00012894552
许昌,玉树藏族自治州,9.55152e-05
定西,玉树藏族自治州,6.447276e-05
海北藏族自治州,玉树藏族自治州,6.447276e-05
兰州,玉树藏族自治州,6.447276e-05
南阳,玉树藏族自治州,6.447276e-05
成都,玉树藏族自治州,6.447276e-05
西安,玉树藏族自治州,3.104244e-05
临沂,玉树藏族自治州,3.104244e-05
绵阳,玉树藏族自治州,3.104244e-05
广安,玉树藏族自治州,3.104244e-05
贵阳,玉树藏族自治州,3.104244e-05
扬州,玉树藏族自治州,3.104244e-05
宝鸡,玉树藏族自治州,3.104244e-05
中卫,玉树藏族自治州,3.104244e-05
南宁,玉树藏族自治州,3.104244e-05
渭南,玉树藏族自治州,3.104244e-05
榆林,玉树藏族自治州,3.104244e-05
保定,玉树藏族自治州,3.104244e-05
广州,玉树藏族自治州,3.104244e-05
南充,玉树藏族自治州,3.104244e-05
邢台,玉树藏族自治州,3.104244e-05
庆阳,玉树藏族自治州,3.104244e-05
濮阳,玉树藏族自治州,3.104244e-05
深圳,玉树藏族自治州,3.104244e-05
西宁,海西蒙古族藏族自治州,0.11564944128
海东,海西蒙古族藏族自治州,0.034102944
酒泉,海西蒙古族藏族自治州,0.01320188544
巴音郭楞蒙古自治州,海西蒙古族藏族自治州,0.0055951948799999
海南藏族自治州,海西蒙古族藏族自治州,0.00504029952
海北藏族自治州,海西蒙古族藏族自治州,0.00344497536
定西,海西蒙古族藏族自治州,0.0027744768
拉萨,海西蒙古族藏族自治州,0.0025432704
兰州,海西蒙古族藏族自治州,0.00238142592
临夏回族自治州,海西蒙古族藏族自治州,0.00228894336
武威,海西蒙古族藏族自治州,0.00226582272
玉树藏族自治州,海西蒙古族藏族自治州,0.00215021952
白银,海西蒙古族藏族自治州,0.00215021952
天水,海西蒙古族藏族自治州,0.00154908288
张掖,海西蒙古族藏族自治州,0.00145660032
平凉,海西蒙古族藏族自治州,0.00113291136
陇南,海西蒙古族藏族自治州,0.00108667008
商丘,海西蒙古族藏族自治州,0.00099418752
甘南藏族自治州,海西蒙古族藏族自治州,0.00097106688
周口,海西蒙古族藏族自治州,0.0009248256
西安,海西蒙古族藏族自治州,0.00090170496
南充,海西蒙古族藏族自治州,0.00085546368
重庆,海西蒙古族藏族自治州,0.00083234304
那曲,海西蒙古族藏族自治州,0.00083234304
南阳,海西蒙古族藏族自治州,0.00073986048
郑州,海西蒙古族藏族自治州,0.0006936192
成都,海西蒙古族藏族自治州,0.0006936192
许昌,海西蒙古族藏族自治州,0.00064737792
庆阳,海西蒙古族藏族自治州,0.00060113664
咸阳,海西蒙古族藏族自治州,0.00060113664
菏泽,海西蒙古族藏族自治州,0.00053177472
驻马店,海西蒙古族藏族自治州,0.00050865408
绵阳,海西蒙古族藏族自治州,0.00048553344
临沂,海西蒙古族藏族自治州,0.00043929216
洛阳,海西蒙古族藏族自治州,0.00043929216
遂宁,海西蒙古族藏族自治州,0.00043929216
汉中,海西蒙古族藏族自治州,0.00043929216
吴忠,海西蒙古族藏族自治州,0.00043929216
渭南,海西蒙古族藏族自治州,0.00041617152
阿克苏地区,海西蒙古族藏族自治州,0.00041617152
十堰,海西蒙古族藏族自治州,0.00036993024
三门峡,海西蒙古族藏族自治州,0.00036993024
黄南藏族自治州,海西蒙古族藏族自治州,0.00036993024
榆林,海西蒙古族藏族自治州,0.0003468096
银川,海西蒙古族藏族自治州,0.0003468096
徐州,海西蒙古族藏族自治州,0.0003468096
天津,海西蒙古族藏族自治州,0.0003468096
开封,海西蒙古族藏族自治州,0.00032368896
宝鸡,海西蒙古族藏族自治州,0.00032368896
濮阳,海西蒙古族藏族自治州,0.00032368896
运城,海西蒙古族藏族自治州,0.00027744768
商洛,海西蒙古族藏族自治州,0.00027744768
信阳,海西蒙古族藏族自治州,0.00027744768
达州,海西蒙古族藏族自治州,0.00025432704
包头,海西蒙古族藏族自治州,0.00025432704
中卫,海西蒙古族藏族自治州,0.00025432704
固原,海西蒙古族藏族自治州,0.00025432704
果洛藏族自治州,海西蒙古族藏族自治州,0.00020808576
晋中,海西蒙古族藏族自治州,0.00020808576
哈密,海西蒙古族藏族自治州,0.00020808576
广元,海西蒙古族藏族自治州,0.00020808576
宿州,海西蒙古族藏族自治州,0.00020808576
阿坝藏族羌族自治州,海西蒙古族藏族自治州,0.00018496512
铜仁,海西蒙古族藏族自治州,0.00018496512
鹤壁,海西蒙古族藏族自治州,0.00018496512
济宁,海西蒙古族藏族自治州,0.00018496512
德阳,海西蒙古族藏族自治州,0.00018496512
吉林,海西蒙古族藏族自治州,0.00018496512
枣庄,海西蒙古族藏族自治州,0.00018496512
泰安,海西蒙古族藏族自治州,0.00016184448
唐山,海西蒙古族藏族自治州,0.00016184448
德州,海西蒙古族藏族自治州,0.00016184448
巴中,海西蒙古族藏族自治州,0.00016184448
广安,海西蒙古族藏族自治州,0.00016184448
太原,海西蒙古族藏族自治州,0.00016184448
烟台,海西蒙古族藏族自治州,0.00016184448
昭通,海西蒙古族藏族自治州,0.00016184448
嘉峪关,海西蒙古族藏族自治州,0.00016184448
孝感,海西蒙古族藏族自治州,0.00016184448
宜昌,海西蒙古族藏族自治州,0.00016184448
黔东南苗族侗族自治州,海西蒙古族藏族自治州,0.0001156032
资阳,海西蒙古族藏族自治州,0.0001156032
合肥,海西蒙古族藏族自治州,0.0001156032
晋城,海西蒙古族藏族自治州,0.0001156032
曲靖,海西蒙古族藏族自治州,0.0001156032
内江,海西蒙古族藏族自治州,0.0001156032
昌都,海西蒙古族藏族自治州,0.0001156032
楚雄彝族自治州,海西蒙古族藏族自治州,0.0001156032
金昌,海西蒙古族藏族自治州,0.0001156032
保定,海西蒙古族藏族自治州,0.0001156032
青岛,海西蒙古族藏族自治州,9.248256e-05
安庆,海西蒙古族藏族自治州,9.248256e-05
延安,海西蒙古族藏族自治州,9.248256e-05
常德,海西蒙古族藏族自治州,9.248256e-05
文山壮族苗族自治州,海西蒙古族藏族自治州,9.248256e-05
广州,海西蒙古族藏族自治州,9.248256e-05
日喀则,海西蒙古族藏族自治州,9.248256e-05
和田地区,海西蒙古族藏族自治州,9.248256e-05
聊城,海西蒙古族藏族自治州,9.248256e-05
襄阳,海西蒙古族藏族自治州,9.248256e-05
榆林,宁夏回族自治区,0.09033194196
平凉,宁夏回族自治区,0.0862720794
庆阳,宁夏回族自治区,0.0794796170399999
白银,宁夏回族自治区,0.04817183076
阿拉善盟,宁夏回族自治区,0.03989595708
鄂尔多斯,宁夏回族自治区,0.03778795152
乌海,宁夏回族自治区,0.0326350490399999
西安,宁夏回族自治区,0.0226415411999999
兰州,宁夏回族自治区,0.01748863872
延安,宁夏回族自治区,0.0164736730799999
武威,宁夏回族自治区,0.01389722184
天水,宁夏回族自治区,0.0128822561999999
巴彦淖尔,宁夏回族自治区,0.01272610764
定西,宁夏回族自治区,0.0108523249199999
周口,宁夏回族自治区,0.00913469076
咸阳,宁夏回族自治区,0.00827587368
菏泽,宁夏回族自治区,0.00655823952
宝鸡,宁夏回族自治区,0.00608979384
北京,宁夏回族自治区,0.0056994224399999
南阳,宁夏回族自治区,0.0056213481599999
重庆,宁夏回族自治区,0.00530905104
邯郸,宁夏回族自治区,0.00460638252
吕梁,宁夏回族自治区,0.00460638252
渭南,宁夏回族自治区,0.00460638252
商丘,宁夏回族自治区,0.00437215968
郑州,宁夏回族自治区,0.00413793684
西宁,宁夏回族自治区,0.00413793684
包头,宁夏回族自治区,0.00413793684
沧州,宁夏回族自治区,0.003903714
南充,宁夏回族自治区,0.0038256397199999
张掖,宁夏回族自治区,0.0036694911599999
呼和浩特,宁夏回族自治区,0.00359141688
阜阳,宁夏回族自治区,0.00343526832
驻马店,宁夏回族自治区,0.00343526832
乌鲁木齐,宁夏回族自治区,0.00335719404
陇南,宁夏回族自治区,0.00335719404
徐州,宁夏回族自治区,0.00327911976
临夏回族自治州,宁夏回族自治区,0.0029668226399999
新乡,宁夏回族自治区,0.0028106740799999
金昌,宁夏回族自治区,0.0028106740799999
成都,宁夏回族自治区,0.0028106740799999
天津,宁夏回族自治区,0.00265452552
临汾,宁夏回族自治区,0.00257645124
济宁,宁夏回族自治区,0.00257645124
安阳,宁夏回族自治区,0.00257645124
石家庄,宁夏回族自治区,0.00257645124
邢台,宁夏回族自治区,0.00249837696
晋中,宁夏回族自治区,0.00249837696
亳州,宁夏回族自治区,0.00249837696
洛阳,宁夏回族自治区,0.00249837696
运城,宁夏回族自治区,0.00226415412
开封,宁夏回族自治区,0.00210800556
许昌,宁夏回族自治区,0.00202993128
乌兰察布,宁夏回族自治区,0.0018737827199999
商洛,宁夏回族自治区,0.00163955988
济南,宁夏回族自治区,0.00163955988
上海,宁夏回族自治区,0.00163955988
保定,宁夏回族自治区,0.00163955988
襄阳,宁夏回族自治区,0.00163955988
平顶山,宁夏回族自治区,0.00163955988
海东,宁夏回族自治区,0.0015614856
太原,宁夏回族自治区,0.0015614856
德州,宁夏回族自治区,0.0015614856
杭州,宁夏回族自治区,0.0014834113199999
唐山,宁夏回族自治区,0.0014834113199999
聊城,宁夏回族自治区,0.0014834113199999
大同,宁夏回族自治区,0.0014834113199999
汉中,宁夏回族自治区,0.0014053370399999
焦作,宁夏回族自治区,0.0014053370399999
酒泉,宁夏回族自治区,0.0014053370399999
信阳,宁夏回族自治区,0.0014053370399999
宿州,宁夏回族自治区,0.00132726276
濮阳,宁夏回族自治区,0.00132726276
三门峡,宁夏回族自治区,0.00132726276
广州,宁夏回族自治区,0.00132726276
衡水,宁夏回族自治区,0.00132726276
安康,宁夏回族自治区,0.00124918848
深圳,宁夏回族自治区,0.0011711141999999
苏州,宁夏回族自治区,0.0011711141999999
安庆,宁夏回族自治区,0.00109303992
张家口,宁夏回族自治区,0.00109303992
青岛,宁夏回族自治区,0.00109303992
三亚,宁夏回族自治区,0.00109303992
淄博,宁夏回族自治区,0.00101496564
长沙,宁夏回族自治区,0.00101496564
廊坊,宁夏回族自治区,0.00101496564
临沂,宁夏回族自治区,0.0009368913599999
十堰,宁夏回族自治区,0.0009368913599999
潍坊,宁夏回族自治区,0.0009368913599999
忻州,宁夏回族自治区,0.0009368913599999
南京,宁夏回族自治区,0.00085881708
南昌,宁夏回族自治区,0.0007807428
东营,宁夏回族自治区,0.0007807428
沈阳,宁夏回族自治区,0.0007807428
朔州,宁夏回族自治区,0.0007807428
长治,宁夏回族自治区,0.0007807428
赤峰,宁夏回族自治区,0.0007026685199999
泰安,宁夏回族自治区,0.0007026685199999
盐城,宁夏回族自治区,0.0007026685199999
滨州,宁夏回族自治区,0.0007026685199999
吴忠,银川,0.4902494867999999
石嘴山,银川,0.31471446456
中卫,银川,0.3070026748799999
固原,银川,0.2926807797599999
榆林,银川,0.05545144008
庆阳,银川,0.04057870284
平凉,银川,0.03562112376
鄂尔多斯,银川,0.02148284268
阿拉善盟,银川,0.0201975444
乌海,银川,0.01689249168
白银,银川,0.01487273724
西安,银川,0.0134038249199999
延安,银川,0.0110168424
兰州,银川,0.0100987722
武威,银川,0.00844624584
天水,银川,0.0071609475599999
巴彦淖尔,银川,0.00661010544
定西,银川,0.00624287736
周口,银川,0.0058756492799999
北京,银川,0.0045903509999999
菏泽,银川,0.0044067369599999
咸阳,银川,0.0044067369599999
南阳,银川,0.00330505272
宝鸡,银川,0.00330505272
重庆,银川,0.00330505272
商丘,银川,0.0029378246399999
沧州,银川,0.0029378246399999
包头,银川,0.00257059656
呼和浩特,银川,0.00257059656
渭南,银川,0.00257059656
邯郸,银川,0.00238698252
南充,银川,0.00238698252
郑州,银川,0.00238698252
吕梁,银川,0.00201975444
金昌,银川,0.00201975444
徐州,银川,0.00201975444
成都,银川,0.00201975444
张掖,银川,0.0018361404
西宁,银川,0.0018361404
阜阳,银川,0.0018361404
晋中,银川,0.0018361404
天津,银川,0.0018361404
亳州,银川,0.00165252636
陇南,银川,0.00165252636
驻马店,银川,0.00165252636
乌鲁木齐,银川,0.00165252636
邢台,银川,0.00165252636
洛阳,银川,0.0014689123199999
济宁,银川,0.0014689123199999
安阳,银川,0.0014689123199999
石家庄,银川,0.0014689123199999
临夏回族自治州,银川,0.0014689123199999
乌兰察布,银川,0.0014689123199999
新乡,银川,0.00128529828
许昌,银川,0.00128529828
襄阳,银川,0.00128529828
保定,银川,0.00128529828
运城,银川,0.00128529828
开封,银川,0.0011016842399999
信阳,银川,0.0011016842399999
平顶山,银川,0.0011016842399999
杭州,银川,0.0011016842399999
衡水,银川,0.0011016842399999
上海,银川,0.0011016842399999
商洛,银川,0.0011016842399999
广州,银川,0.0009180702
临汾,银川,0.0009180702
安康,银川,0.0009180702
大同,银川,0.0009180702
太原,银川,0.0009180702
宿州,银川,0.0009180702
焦作,银川,0.0009180702
酒泉,银川,0.0009180702
深圳,银川,0.0009180702
海东,银川,0.0009180702
济南,银川,0.0009180702
汉中,银川,0.0007344561599999
濮阳,银川,0.0007344561599999
淄博,银川,0.0007344561599999
南京,银川,0.0007344561599999
临沂,银川,0.0007344561599999
青岛,银川,0.0005508421199999
聊城,银川,0.0005508421199999
长治,银川,0.0005508421199999
廊坊,银川,0.0005508421199999
忻州,银川,0.0005508421199999
长沙,银川,0.0005508421199999
泰安,银川,0.0005508421199999
张家口,银川,0.0005508421199999
沈阳,银川,0.0005508421199999
德州,银川,0.0005508421199999
苏州,银川,0.0005508421199999
三亚,银川,0.0005508421199999
安庆,银川,0.0005508421199999
南昌,银川,0.0005508421199999
盐城,银川,0.0003672280799999
十堰,银川,0.0003672280799999
朔州,银川,0.0003672280799999
潍坊,银川,0.0003672280799999
合肥,银川,0.0003672280799999
银川,石嘴山,0.2159848152
固原,石嘴山,0.027154764
吴忠,石嘴山,0.018625383
中卫,石嘴山,0.0168498792
乌海,石嘴山,0.0130203612
鄂尔多斯,石嘴山,0.0091212156
阿拉善盟,石嘴山,0.005570208
巴彦淖尔,石嘴山,0.0037250766
平凉,石嘴山,0.0033421248
榆林,石嘴山,0.0028199178
庆阳,石嘴山,0.0024021522
天水,石嘴山,0.0013577382
白银,石嘴山,0.001218483
周口,石嘴山,0.0010792278
唐山,石嘴山,0.0009747864
武威,石嘴山,0.0009051588
临汾,石嘴山,0.0009051588
西安,石嘴山,0.0008007174
兰州,石嘴山,0.0007659036
定西,石嘴山,0.0007310898
咸阳,石嘴山,0.0006614622
菏泽,石嘴山,0.0006266484
延安,石嘴山,0.0006266484
安阳,石嘴山,0.0005570208
徐州,石嘴山,0.0004873932
驻马店,石嘴山,0.0004873932
包头,石嘴山,0.0004525794
南充,石嘴山,0.0004525794
渭南,石嘴山,0.0004525794
宝鸡,石嘴山,0.0004525794
开封,石嘴山,0.0004525794
呼和浩特,石嘴山,0.0004177656
南阳,石嘴山,0.0004177656
重庆,石嘴山,0.0003829518
邯郸,石嘴山,0.0003829518
张家口,石嘴山,0.000348138
商丘,石嘴山,0.000348138
大同,石嘴山,0.0003133242
张掖,石嘴山,0.0003133242
吕梁,石嘴山,0.0002785104
沧州,石嘴山,0.0002785104
德州,石嘴山,0.0002785104
西宁,石嘴山,0.0002785104
亳州,石嘴山,0.0002785104
天津,石嘴山,0.0002436966
陇南,石嘴山,0.0002436966
石家庄,石嘴山,0.0002436966
汉中,石嘴山,0.0002088828
乌兰察布,石嘴山,0.0002088828
海东,石嘴山,0.0002088828
济宁,石嘴山,0.0002088828
濮阳,石嘴山,0.0002088828
杭州,石嘴山,0.0002088828
晋中,石嘴山,0.0002088828
运城,石嘴山,0.0002088828
苏州,石嘴山,0.0002088828
东营,石嘴山,0.000174069
北京,石嘴山,0.000174069
洛阳,石嘴山,0.000174069
常州,石嘴山,0.000174069
潍坊,石嘴山,0.000174069
长沙,石嘴山,0.000174069
平顶山,石嘴山,0.0001392552
达州,石嘴山,0.0001392552
成都,石嘴山,0.0001392552
许昌,石嘴山,0.0001044414
十堰,石嘴山,0.0001044414
乌鲁木齐,石嘴山,0.0001044414
保定,石嘴山,0.0001044414
巴中,石嘴山,0.0001044414
长春,石嘴山,0.0001044414
酒泉,石嘴山,0.0001044414
太原,石嘴山,0.0001044414
上海,石嘴山,0.0001044414
滨州,石嘴山,0.0001044414
郑州,石嘴山,0.0001044414
枣庄,石嘴山,0.0001044414
宿州,石嘴山,0.0001044414
淄博,石嘴山,0.0001044414
朔州,石嘴山,0.0001044414
商洛,石嘴山,0.0001044414
济南,石嘴山,0.0001044414
南昌,石嘴山,6.96276e-05
无锡,石嘴山,6.96276e-05
金昌,石嘴山,6.96276e-05
廊坊,石嘴山,6.96276e-05
绥化,石嘴山,6.96276e-05
三亚,石嘴山,6.96276e-05
新乡,石嘴山,6.96276e-05
聊城,石嘴山,6.96276e-05
昌吉回族自治州,石嘴山,3.48138e-05
毕节,石嘴山,3.48138e-05
临沂,石嘴山,3.48138e-05
新余,石嘴山,3.48138e-05
漯河,石嘴山,3.48138e-05
淮安,石嘴山,3.48138e-05
塔城地区,石嘴山,3.48138e-05
盐城,石嘴山,3.48138e-05
忻州,石嘴山,3.48138e-05
巴音郭楞蒙古自治州,石嘴山,3.48138e-05
银川,吴忠,0.29901400776
中卫,吴忠,0.09514596312
固原,吴忠,0.05192865288
榆林,吴忠,0.02834014716
庆阳,吴忠,0.01736611812
石嘴山,吴忠,0.01713984948
鄂尔多斯,吴忠,0.00599611896
平凉,吴忠,0.00435567132
延安,吴忠,0.00401626836
西安,吴忠,0.00299805948
白银,吴忠,0.00288492516
阿拉善盟,吴忠,0.00186671628
兰州,吴忠,0.00175358196
吕梁,吴忠,0.0016970148
乌海,吴忠,0.00107477604
天水,吴忠,0.00107477604
武威,吴忠,0.00096164172
咸阳,吴忠,0.00096164172
西宁,吴忠,0.0008485074
巴彦淖尔,吴忠,0.00079194024
定西,吴忠,0.00079194024
邯郸,吴忠,0.00073537308
陇南,吴忠,0.00067880592
南阳,吴忠,0.00067880592
渭南,吴忠,0.00062223876
临夏回族自治州,吴忠,0.0005656716
阜阳,吴忠,0.0005656716
包头,吴忠,0.00050910444
德州,吴忠,0.00050910444
新乡,吴忠,0.00050910444
邢台,吴忠,0.00050910444
乌鲁木齐,吴忠,0.00045253728
南充,吴忠,0.00045253728
济宁,吴忠,0.00045253728
周口,吴忠,0.00039597012
晋中,吴忠,0.00033940296
张掖,吴忠,0.00033940296
宝鸡,吴忠,0.00033940296
洛阳,吴忠,0.00033940296
菏泽,吴忠,0.00033940296
成都,吴忠,0.0002828358
郑州,吴忠,0.0002828358
北京,吴忠,0.0002828358
石家庄,吴忠,0.0002828358
海西蒙古族藏族自治州,吴忠,0.0002828358
聊城,吴忠,0.0002828358
沧州,吴忠,0.0002828358
临汾,吴忠,0.0002828358
安阳,吴忠,0.00022626864
驻马店,吴忠,0.00022626864
上海,吴忠,0.00022626864
运城,吴忠,0.00022626864
呼和浩特,吴忠,0.00022626864
安庆,吴忠,0.00022626864
天津,吴忠,0.00022626864
金华,吴忠,0.00022626864
襄阳,吴忠,0.00016970148
廊坊,吴忠,0.00016970148
哈密,吴忠,0.00016970148
重庆,吴忠,0.00016970148
邵阳,吴忠,0.00016970148
赤峰,吴忠,0.00016970148
济南,吴忠,0.00016970148
保定,吴忠,0.00016970148
太原,吴忠,0.00016970148
商丘,吴忠,0.00016970148
亳州,吴忠,0.00016970148
苏州,吴忠,0.00011313432
忻州,吴忠,0.00011313432
东营,吴忠,0.00011313432
汉中,吴忠,0.00011313432
德阳,吴忠,0.00011313432
三亚,吴忠,0.00011313432
金昌,吴忠,0.00011313432
海东,吴忠,0.00011313432
桂林,吴忠,0.00011313432
资阳,吴忠,0.00011313432
伊犁哈萨克自治州,吴忠,0.00011313432
开封,吴忠,0.00011313432
徐州,吴忠,0.00011313432
青岛,吴忠,0.00011313432
许昌,吴忠,0.00011313432
淮南,吴忠,0.00011313432
濮阳,吴忠,0.00011313432
温州,吴忠,5.656716000000001e-05
安康,吴忠,5.656716000000001e-05
张家口,吴忠,5.656716000000001e-05
贵阳,吴忠,5.656716000000001e-05
滁州,吴忠,5.656716000000001e-05
武汉,吴忠,5.656716000000001e-05
白城,吴忠,5.656716000000001e-05
泉州,吴忠,5.656716000000001e-05
衡水,吴忠,5.656716000000001e-05
东莞,吴忠,5.656716000000001e-05
泰安,吴忠,5.656716000000001e-05
铜川,吴忠,5.656716000000001e-05
乐山,吴忠,5.656716000000001e-05
江门,吴忠,5.656716000000001e-05
沈阳,吴忠,5.656716000000001e-05
盐城,吴忠,5.656716000000001e-05
银川,固原,0.074565036
中卫,固原,0.0703041767999999
平凉,固原,0.0383477327999999
吴忠,固原,0.0281052828
庆阳,固原,0.0148310676
石嘴山,固原,0.0088221636
白银,固原,0.0049710024
西安,固原,0.0034960895999999
兰州,固原,0.0023762483999999
天水,固原,0.002185056
定西,固原,0.0014202864
咸阳,固原,0.0012564072
宝鸡,固原,0.0007920827999999
乌鲁木齐,固原,0.0007101432
周口,固原,0.0007101432
阜阳,固原,0.0006008904
重庆,固原,0.0005735772
榆林,固原,0.0005735772
菏泽,固原,0.000546264
驻马店,固原,0.000546264
南阳,固原,0.0004916375999999
武威,固原,0.0004643244
商丘,固原,0.0004643244
阿拉善盟,固原,0.0004096979999999
渭南,固原,0.0004096979999999
郑州,固原,0.0004096979999999
西宁,固原,0.0003823848
鄂尔多斯,固原,0.0003823848
乌海,固原,0.0003823848
陇南,固原,0.0003823848
徐州,固原,0.0003550716
许昌,固原,0.0003550716
金昌,固原,0.0003004452
新乡,固原,0.0003004452
临夏回族自治州,固原,0.0003004452
运城,固原,0.0003004452
巴彦淖尔,固原,0.000273132
三门峡,固原,0.000273132
济宁,固原,0.000273132
开封,固原,0.0002458187999999
安庆,固原,0.0002458187999999
沧州,固原,0.0002458187999999
昌吉回族自治州,固原,0.0002185055999999
张掖,固原,0.0002185055999999
南充,固原,0.0002185055999999
商洛,固原,0.0001911924
洛阳,固原,0.0001911924
青岛,固原,0.0001911924
亳州,固原,0.0001911924
平顶山,固原,0.0001911924
厦门,固原,0.0001911924
宿州,固原,0.0001911924
延安,固原,0.0001911924
石家庄,固原,0.0001911924
荆门,固原,0.0001911924
呼和浩特,固原,0.000136566
滨州,固原,0.000136566
北京,固原,0.000136566
十堰,固原,0.0001092527999999
邵阳,固原,0.0001092527999999
成都,固原,0.0001092527999999
酒泉,固原,0.0001092527999999
邯郸,固原,0.0001092527999999
娄底,固原,0.0001092527999999
广元,固原,0.0001092527999999
苏州,固原,0.0001092527999999
天津,固原,0.0001092527999999
焦作,固原,0.0001092527999999
南京,固原,8.19396e-05
濮阳,固原,8.19396e-05
巴音郭楞蒙古自治州,固原,8.19396e-05
宿迁,固原,8.19396e-05
合肥,固原,8.19396e-05
海北藏族自治州,固原,8.19396e-05
宜昌,固原,8.19396e-05
杭州,固原,8.19396e-05
聊城,固原,8.19396e-05
吐鲁番,固原,8.19396e-05
南昌,固原,8.19396e-05
汉中,固原,8.19396e-05
莆田,固原,8.19396e-05
东莞,固原,8.19396e-05
深圳,固原,8.19396e-05
海东,固原,8.19396e-05
广州,固原,5.46264e-05
乐山,固原,5.46264e-05
襄阳,固原,5.46264e-05
黄冈,固原,5.46264e-05
滁州,固原,5.46264e-05
福州,固原,5.46264e-05
漯河,固原,5.46264e-05
三亚,固原,5.46264e-05
淄博,固原,5.46264e-05
包头,固原,5.46264e-05
台州,固原,5.46264e-05
衡水,固原,5.46264e-05
哈密,固原,5.46264e-05
武汉,固原,5.46264e-05
安阳,固原,5.46264e-05
铜川,固原,5.46264e-05
银川,中卫,0.11694620916
吴忠,中卫,0.09301586724
固原,中卫,0.07457273748
白银,中卫,0.02415897576
阿拉善盟,中卫,0.0116222202
石嘴山,中卫,0.0097169381999999
平凉,中卫,0.0043821486
庆阳,中卫,0.00407730348
武威,中卫,0.00301034556
榆林,中卫,0.00293413428
兰州,中卫,0.00240065532
西安,中卫,0.00186717636
定西,中卫,0.00148611996
乌海,中卫,0.00118127484
巴彦淖尔,中卫,0.00118127484
宝鸡,中卫,0.00102885228
周口,中卫,0.000952641
咸阳,中卫,0.00091453536
郑州,中卫,0.00091453536
天水,中卫,0.00087642972
邯郸,中卫,0.00083832408
重庆,中卫,0.00080021844
张掖,中卫,0.00072400716
鄂尔多斯,中卫,0.00068590152
西宁,中卫,0.00064779588
菏泽,中卫,0.0005715846
新乡,中卫,0.0005715846
南阳,中卫,0.00053347896
渭南,中卫,0.00049537332
延安,中卫,0.00045726768
临夏回族自治州,中卫,0.00045726768
三门峡,中卫,0.00045726768
济南,中卫,0.00041916204
吕梁,中卫,0.00041916204
包头,中卫,0.0003810564
商丘,中卫,0.00034295076
北京,中卫,0.00030484512
乌鲁木齐,中卫,0.00030484512
聊城,中卫,0.00030484512
临汾,中卫,0.00030484512
驻马店,中卫,0.00030484512
南宁,中卫,0.00026673948
金昌,中卫,0.00026673948
徐州,中卫,0.00026673948
阜阳,中卫,0.00022863384
石家庄,中卫,0.00022863384
陇南,中卫,0.00022863384
运城,中卫,0.0001905282
太原,中卫,0.0001905282
扬州,中卫,0.0001905282
海东,中卫,0.0001905282
焦作,中卫,0.0001905282
鞍山,中卫,0.0001905282
南充,中卫,0.0001905282
海西蒙古族藏族自治州,中卫,0.0001905282
呼和浩特,中卫,0.0001905282
三亚,中卫,0.0001905282
天津,中卫,0.0001905282
蚌埠,中卫,0.0001905282
许昌,中卫,0.0001905282
商洛,中卫,0.00015242256
成都,中卫,0.00015242256
洛阳,中卫,0.00015242256
邢台,中卫,0.00015242256
哈密,中卫,0.00015242256
沧州,中卫,0.00015242256
乌兰察布,中卫,0.00015242256
濮阳,中卫,0.00015242256
长沙,中卫,0.00011431692
海北藏族自治州,中卫,0.00011431692
合肥,中卫,0.00011431692
无锡,中卫,0.00011431692
武汉,中卫,0.00011431692
安康,中卫,0.00011431692
南通,中卫,0.00011431692
大同,中卫,0.00011431692
鹤壁,中卫,0.00011431692
黄冈,中卫,0.00011431692
内江,中卫,0.00011431692
十堰,中卫,0.00011431692
上海,中卫,7.621128000000001e-05
塔城地区,中卫,7.621128000000001e-05
巴音郭楞蒙古自治州,中卫,7.621128000000001e-05
潍坊,中卫,7.621128000000001e-05
达州,中卫,7.621128000000001e-05
酒泉,中卫,7.621128000000001e-05
临沂,中卫,7.621128000000001e-05
襄阳,中卫,7.621128000000001e-05
承德,中卫,7.621128000000001e-05
福州,中卫,7.621128000000001e-05
昆明,中卫,7.621128000000001e-05
安庆,中卫,7.621128000000001e-05
淄博,中卫,7.621128000000001e-05
安阳,中卫,7.621128000000001e-05
湛江,中卫,7.621128000000001e-05
枣庄,中卫,3.8105640000000006e-05
大连,中卫,3.8105640000000006e-05
南昌,中卫,3.8105640000000006e-05
青岛,中卫,3.8105640000000006e-05
黄石,中卫,3.8105640000000006e-05
武威,新疆维吾尔自治区,0.0450028223999999
酒泉,新疆维吾尔自治区,0.0252844804799999
重庆,新疆维吾尔自治区,0.0245146953599999
张掖,新疆维吾尔自治区,0.02256062544
天水,新疆维吾尔自治区,0.02036969856
定西,新疆维吾尔自治区,0.0200144131199999
兰州,新疆维吾尔自治区,0.01385613216
成都,新疆维吾尔自治区,0.01290870432
周口,新疆维吾尔自治区,0.0121981334399999
海西蒙古族藏族自治州,新疆维吾尔自治区,0.0115467767999999
平凉,新疆维吾尔自治区,0.01142834832
西安,新疆维吾尔自治区,0.0109546344
白银,新疆维吾尔自治区,0.0105401347199999
陇南,新疆维吾尔自治区,0.01048092048
南充,新疆维吾尔自治区,0.01048092048
北京,新疆维吾尔自治区,0.010362492
商丘,新疆维吾尔自治区,0.01030327776
驻马店,新疆维吾尔自治区,0.00793470816
南阳,新疆维吾尔自治区,0.0073425657599999
郑州,新疆维吾尔自治区,0.0060990667199999
绵阳,新疆维吾尔自治区,0.0059806382399999
庆阳,新疆维吾尔自治区,0.005921424
咸阳,新疆维吾尔自治区,0.00574378128
遂宁,新疆维吾尔自治区,0.00515163888
菏泽,新疆维吾尔自治区,0.00515163888
徐州,新疆维吾尔自治区,0.00515163888
运城,新疆维吾尔自治区,0.0048555676799999
宝鸡,新疆维吾尔自治区,0.00467792496
阜阳,新疆维吾尔自治区,0.0043818537599999
金昌,新疆维吾尔自治区,0.0038489256
许昌,新疆维吾尔自治区,0.0036120686399999
吕梁,新疆维吾尔自治区,0.0035528543999999
开封,新疆维吾尔自治区,0.0033752116799999
汉中,新疆维吾尔自治区,0.0033752116799999
嘉峪关,新疆维吾尔自治区,0.0032567832
广元,新疆维吾尔自治区,0.0032567832
西宁,新疆维吾尔自治区,0.00319756896
渭南,新疆维吾尔自治区,0.00313835472
洛阳,新疆维吾尔自治区,0.00313835472
上海,新疆维吾尔自治区,0.00307914048
三亚,新疆维吾尔自治区,0.00301992624
东营,新疆维吾尔自治区,0.00301992624
天津,新疆维吾尔自治区,0.002960712
广安,新疆维吾尔自治区,0.002960712
临夏回族自治州,新疆维吾尔自治区,0.002960712
达州,新疆维吾尔自治区,0.00290149776
巴中,新疆维吾尔自治区,0.00290149776
海东,新疆维吾尔自治区,0.00290149776
广州,新疆维吾尔自治区,0.0026646408
杭州,新疆维吾尔自治区,0.00260542656
新乡,新疆维吾尔自治区,0.00260542656
南通,新疆维吾尔自治区,0.00254621232
武汉,新疆维吾尔自治区,0.00254621232
资阳,新疆维吾尔自治区,0.00254621232
南京,新疆维吾尔自治区,0.00248699808
深圳,新疆维吾尔自治区,0.0023685696
温州,新疆维吾尔自治区,0.0023685696
内江,新疆维吾尔自治区,0.00230935536
黄冈,新疆维吾尔自治区,0.0022501411199999
固原,新疆维吾尔自治区,0.0022501411199999
临汾,新疆维吾尔自治区,0.0021317126399999
甘南藏族自治州,新疆维吾尔自治区,0.0021317126399999
昆明,新疆维吾尔自治区,0.0021317126399999
信阳,新疆维吾尔自治区,0.0020724983999999
漯河,新疆维吾尔自治区,0.0020724983999999
济宁,新疆维吾尔自治区,0.00201328416
泰安,新疆维吾尔自治区,0.00189485568
泸州,新疆维吾尔自治区,0.00189485568
三门峡,新疆维吾尔自治区,0.0018356414399999
宜宾,新疆维吾尔自治区,0.0018356414399999
长沙,新疆维吾尔自治区,0.0018356414399999
德阳,新疆维吾尔自治区,0.0017764271999999
银川,新疆维吾尔自治区,0.0017764271999999
宿州,新疆维吾尔自治区,0.0017764271999999
青岛,新疆维吾尔自治区,0.0017764271999999
济南,新疆维吾尔自治区,0.00165799872
邵阳,新疆维吾尔自治区,0.00153957024
娄底,新疆维吾尔自治区,0.001480356
昭通,新疆维吾尔自治区,0.001480356
安阳,新疆维吾尔自治区,0.001480356
平顶山,新疆维吾尔自治区,0.001480356
濮阳,新疆维吾尔自治区,0.001480356
沧州,新疆维吾尔自治区,0.001480356
临沂,新疆维吾尔自治区,0.001480356
榆林,新疆维吾尔自治区,0.00142114176
晋中,新疆维吾尔自治区,0.00142114176
自贡,新疆维吾尔自治区,0.00136192752
潍坊,新疆维吾尔自治区,0.00136192752
邯郸,新疆维吾尔自治区,0.00130271328
中卫,新疆维吾尔自治区,0.00130271328
海口,新疆维吾尔自治区,0.00130271328
聊城,新疆维吾尔自治区,0.00130271328
安康,新疆维吾尔自治区,0.00130271328
太原,新疆维吾尔自治区,0.00130271328
阿拉善盟,新疆维吾尔自治区,0.00124349904
吴忠,新疆维吾尔自治区,0.00124349904
益阳,新疆维吾尔自治区,0.0011842848
苏州,新疆维吾尔自治区,0.0011842848
无锡,新疆维吾尔自治区,0.0011842848
荆州,新疆维吾尔自治区,0.0011842848
昌吉回族自治州,乌鲁木齐,0.44437849344
伊犁哈萨克自治州,乌鲁木齐,0.13220117568
塔城地区,乌鲁木齐,0.11323380096
五家渠,乌鲁木齐,0.07244681472
吐鲁番,乌鲁木齐,0.0670275648
巴音郭楞蒙古自治州,乌鲁木齐,0.06531622272
石河子,乌鲁木齐,0.05661690048
博尔塔拉蒙古自治州,乌鲁木齐,0.0429261638399999
哈密,乌鲁木齐,0.04192788096
阿勒泰地区,乌鲁木齐,0.03879042048
阿克苏地区,乌鲁木齐,0.03593818368
克拉玛依,乌鲁木齐,0.02738147328
喀什地区,乌鲁木齐,0.0199656576
武威,乌鲁木齐,0.0185395392
和田地区,乌鲁木齐,0.00969760512
天水,乌鲁木齐,0.00955499328
北屯,乌鲁木齐,0.0078436512
重庆,乌鲁木齐,0.00770103936
张掖,乌鲁木齐,0.00770103936
定西,乌鲁木齐,0.00698798016
成都,乌鲁木齐,0.00670275648
酒泉,乌鲁木齐,0.0064175328
兰州,乌鲁木齐,0.00613230912
双河,乌鲁木齐,0.00556186176
周口,乌鲁木齐,0.00541924992
西安,乌鲁木齐,0.00484880256
可克达拉,乌鲁木齐,0.00470619072
平凉,乌鲁木齐,0.00456357888
南充,乌鲁木齐,0.00413574336
驻马店,乌鲁木齐,0.00342268416
商丘,乌鲁木齐,0.00328007232
北京,乌鲁木齐,0.00313746048
郑州,乌鲁木齐,0.00313746048
阿拉尔,乌鲁木齐,0.00299484864
南阳,乌鲁木齐,0.0028522368
白银,乌鲁木齐,0.0028522368
绵阳,乌鲁木齐,0.00256701312
图木舒克,乌鲁木齐,0.00242440128
陇南,乌鲁木齐,0.00242440128
咸阳,乌鲁木齐,0.00228178944
阜阳,乌鲁木齐,0.00228178944
宝鸡,乌鲁木齐,0.00199656576
克孜勒苏柯尔克孜自治州,乌鲁木齐,0.00199656576
广州,乌鲁木齐,0.00185395392
庆阳,乌鲁木齐,0.00185395392
三亚,乌鲁木齐,0.00171134208
许昌,乌鲁木齐,0.00171134208
上海,乌鲁木齐,0.00171134208
黄冈,乌鲁木齐,0.00171134208
南通,乌鲁木齐,0.00156873024
遂宁,乌鲁木齐,0.00156873024
深圳,乌鲁木齐,0.00156873024
菏泽,乌鲁木齐,0.00156873024
杭州,乌鲁木齐,0.00156873024
天津,乌鲁木齐,0.00156873024
徐州,乌鲁木齐,0.00156873024
汉中,乌鲁木齐,0.0014261184
武汉,乌鲁木齐,0.0014261184
开封,乌鲁木齐,0.00128350656
洛阳,乌鲁木齐,0.00128350656
西宁,乌鲁木齐,0.00128350656
渭南,乌鲁木齐,0.00128350656
嘉峪关,乌鲁木齐,0.00128350656
昆明,乌鲁木齐,0.00128350656
温州,乌鲁木齐,0.00128350656
金昌,乌鲁木齐,0.00114089472
巴中,乌鲁木齐,0.00114089472
南京,乌鲁木齐,0.00114089472
广元,乌鲁木齐,0.00114089472
信阳,乌鲁木齐,0.00114089472
运城,乌鲁木齐,0.00114089472
长沙,乌鲁木齐,0.00099828288
宿州,乌鲁木齐,0.00099828288
固原,乌鲁木齐,0.00099828288
海东,乌鲁木齐,0.00099828288
铁门关,乌鲁木齐,0.00085567104
广安,乌鲁木齐,0.00085567104
海口,乌鲁木齐,0.00085567104
漯河,乌鲁木齐,0.00085567104
济南,乌鲁木齐,0.0007130592
邯郸,乌鲁木齐,0.0007130592
青岛,乌鲁木齐,0.0007130592
南昌,乌鲁木齐,0.0007130592
无锡,乌鲁木齐,0.0007130592
榆林,乌鲁木齐,0.0007130592
新乡,乌鲁木齐,0.0007130592
珠海,乌鲁木齐,0.0007130592
平顶山,乌鲁木齐,0.0007130592
贵阳,乌鲁木齐,0.00057044736
延安,乌鲁木齐,0.00057044736
连云港,乌鲁木齐,0.00057044736
银川,乌鲁木齐,0.00057044736
内江,乌鲁木齐,0.00057044736
泰安,乌鲁木齐,0.00057044736
济宁,乌鲁木齐,0.00057044736
娄底,乌鲁木齐,0.00057044736
临夏回族自治州,乌鲁木齐,0.00057044736
达州,乌鲁木齐,0.00057044736
聊城,乌鲁木齐,0.00057044736
潍坊,乌鲁木齐,0.00057044736
伊犁哈萨克自治州,克拉玛依,0.04670655696
塔城地区,克拉玛依,0.0409188024
乌鲁木齐,克拉玛依,0.02164184568
昌吉回族自治州,克拉玛依,0.0128513044799999
石河子,克拉玛依,0.0076703306399999
阿勒泰地区,克拉玛依,0.0035162164799999
博尔塔拉蒙古自治州,克拉玛依,0.00203816088
巴音郭楞蒙古自治州,克拉玛依,0.00174254976
东营,克拉玛依,0.00122911992
武威,克拉玛依,0.0011202105599999
哈密,克拉玛依,0.0009335087999999
重庆,克拉玛依,0.0009335087999999
五家渠,克拉玛依,0.00076236552
阿克苏地区,克拉玛依,0.0007001316
成都,克拉玛依,0.00051342984
吐鲁番,克拉玛依,0.00048231288
北屯,克拉玛依,0.0004511959199999
周口,克拉玛依,0.00042007896
咸阳,克拉玛依,0.00037340352
西安,克拉玛依,0.00037340352
宝鸡,克拉玛依,0.0003422865599999
白银,克拉玛依,0.0003111696
驻马店,克拉玛依,0.0003111696
可克达拉,克拉玛依,0.0002800526399999
张掖,克拉玛依,0.0002800526399999
兰州,克拉玛依,0.0002800526399999
金昌,克拉玛依,0.0002800526399999
南充,克拉玛依,0.0002800526399999
定西,克拉玛依,0.00024893568
双河,克拉玛依,0.00024893568
商丘,克拉玛依,0.00021781872
汉中,克拉玛依,0.00021781872
平凉,克拉玛依,0.00021781872
西宁,克拉玛依,0.00018670176
庆阳,克拉玛依,0.00018670176
渭南,克拉玛依,0.00018670176
天津,克拉玛依,0.00018670176
德阳,克拉玛依,0.00018670176
绵阳,克拉玛依,0.00018670176
天水,克拉玛依,0.00018670176
喀什地区,克拉玛依,0.0001555848
南宁,克拉玛依,0.0001555848
榆林,克拉玛依,0.0001555848
陇南,克拉玛依,0.0001555848
和田地区,克拉玛依,0.00012446784
海东,克拉玛依,0.00012446784
临夏回族自治州,克拉玛依,0.00012446784
漯河,克拉玛依,0.00012446784
北京,克拉玛依,0.00012446784
资阳,克拉玛依,0.00012446784
信阳,克拉玛依,9.335088e-05
安康,克拉玛依,9.335088e-05
遂宁,克拉玛依,9.335088e-05
南通,克拉玛依,9.335088e-05
许昌,克拉玛依,9.335088e-05
酒泉,克拉玛依,9.335088e-05
株洲,克拉玛依,9.335088e-05
广元,克拉玛依,6.223392000000001e-05
阿拉尔,克拉玛依,6.223392000000001e-05
德州,克拉玛依,6.223392000000001e-05
荆门,克拉玛依,6.223392000000001e-05
菏泽,克拉玛依,6.223392000000001e-05
洛阳,克拉玛依,6.223392000000001e-05
嘉峪关,克拉玛依,6.223392000000001e-05
黄冈,克拉玛依,6.223392000000001e-05
抚顺,克拉玛依,6.223392000000001e-05
邯郸,克拉玛依,6.223392000000001e-05
福州,克拉玛依,6.223392000000001e-05
内江,克拉玛依,6.223392000000001e-05
中卫,克拉玛依,6.223392000000001e-05
益阳,克拉玛依,6.223392000000001e-05
无锡,克拉玛依,6.223392000000001e-05
武汉,克拉玛依,6.223392000000001e-05
铁岭,克拉玛依,6.223392000000001e-05
杭州,克拉玛依,6.223392000000001e-05
常州,克拉玛依,6.223392000000001e-05
南阳,克拉玛依,6.223392000000001e-05
自贡,克拉玛依,6.223392000000001e-05
合肥,克拉玛依,6.223392000000001e-05
泸州,克拉玛依,3.1116960000000004e-05
朝阳,克拉玛依,3.1116960000000004e-05
平顶山,克拉玛依,3.1116960000000004e-05
天门,克拉玛依,3.1116960000000004e-05
温州,克拉玛依,3.1116960000000004e-05
广州,克拉玛依,3.1116960000000004e-05
石家庄,克拉玛依,3.1116960000000004e-05
长春,克拉玛依,3.1116960000000004e-05
阜阳,克拉玛依,3.1116960000000004e-05
扬州,克拉玛依,3.1116960000000004e-05
苏州,克拉玛依,3.1116960000000004e-05
邵阳,克拉玛依,3.1116960000000004e-05
开封,克拉玛依,3.1116960000000004e-05
宿迁,克拉玛依,3.1116960000000004e-05
仙桃,克拉玛依,3.1116960000000004e-05
呼和浩特,克拉玛依,3.1116960000000004e-05
枣庄,克拉玛依,3.1116960000000004e-05
吕梁,克拉玛依,3.1116960000000004e-05
阿拉善盟,克拉玛依,3.1116960000000004e-05
咸宁,克拉玛依,3.1116960000000004e-05
宜昌,克拉玛依,3.1116960000000004e-05
乌鲁木齐,吐鲁番地区,0.05731154352
哈密,吐鲁番地区,0.01087832592
昌吉回族自治州,吐鲁番地区,0.00964888848
巴音郭楞蒙古自治州,吐鲁番地区,0.00767300688
伊犁哈萨克自治州,吐鲁番地区,0.00171243072
武威,吐鲁番地区,0.00161363664
张掖,吐鲁番地区,0.00138311712
塔城地区,吐鲁番地区,0.00132823152
阿克苏地区,吐鲁番地区,0.0012623687999999
石河子,吐鲁番地区,0.00103184928
酒泉,吐鲁番地区,0.00086719248
平凉,吐鲁番地区,0.00066960432
定西,吐鲁番地区,0.00064765008
天水,吐鲁番地区,0.00058178736
商丘,吐鲁番地区,0.000548856
白银,吐鲁番地区,0.000548856
兰州,吐鲁番地区,0.00051592464
克拉玛依,吐鲁番地区,0.00051592464
北京,吐鲁番地区,0.00051592464
陇南,吐鲁番地区,0.00048299328
重庆,吐鲁番地区,0.0004171305599999
徐州,吐鲁番地区,0.0004171305599999
五家渠,吐鲁番地区,0.0004171305599999
博尔塔拉蒙古自治州,吐鲁番地区,0.0003841991999999
喀什地区,吐鲁番地区,0.0003841991999999
周口,吐鲁番地区,0.00035126784
南阳,吐鲁番地区,0.00028540512
南充,吐鲁番地区,0.00025247376
宜宾,吐鲁番地区,0.0002195424
达州,吐鲁番地区,0.0002195424
阿勒泰地区,吐鲁番地区,0.00018661104
铁门关,吐鲁番地区,0.00018661104
巴中,吐鲁番地区,0.00018661104
驻马店,吐鲁番地区,0.00018661104
绵阳,吐鲁番地区,0.00015367968
金昌,吐鲁番地区,0.00015367968
汉中,吐鲁番地区,0.00015367968
西宁,吐鲁番地区,0.00015367968
和田地区,吐鲁番地区,0.00012074832
广安,吐鲁番地区,0.00012074832
西安,吐鲁番地区,0.00012074832
上海,吐鲁番地区,0.00012074832
克孜勒苏柯尔克孜自治州,吐鲁番地区,0.00012074832
长沙,吐鲁番地区,0.00012074832
广元,吐鲁番地区,0.00012074832
嘉峪关,吐鲁番地区,0.00012074832
吴忠,吐鲁番地区,8.781696e-05
郑州,吐鲁番地区,8.781696e-05
庆阳,吐鲁番地区,8.781696e-05
内江,吐鲁番地区,8.781696e-05
濮阳,吐鲁番地区,8.781696e-05
平顶山,吐鲁番地区,8.781696e-05
襄阳,吐鲁番地区,8.781696e-05
海东,吐鲁番地区,8.781696e-05
图木舒克,吐鲁番地区,8.781696e-05
遂宁,吐鲁番地区,8.781696e-05
菏泽,吐鲁番地区,8.781696e-05
滁州,吐鲁番地区,5.48856e-05
赤峰,吐鲁番地区,5.48856e-05
安阳,吐鲁番地区,5.48856e-05
银川,吐鲁番地区,5.48856e-05
阿拉善盟,吐鲁番地区,5.48856e-05
宜昌,吐鲁番地区,5.48856e-05
信阳,吐鲁番地区,5.48856e-05
开封,吐鲁番地区,5.48856e-05
咸阳,吐鲁番地区,5.48856e-05
南通,吐鲁番地区,5.48856e-05
宝鸡,吐鲁番地区,5.48856e-05
阿拉尔,吐鲁番地区,5.48856e-05
甘南藏族自治州,吐鲁番地区,5.48856e-05
咸宁,吐鲁番地区,5.48856e-05
曲靖,吐鲁番地区,5.48856e-05
新乡,吐鲁番地区,5.48856e-05
焦作,吐鲁番地区,5.48856e-05
晋城,吐鲁番地区,5.48856e-05
邵阳,吐鲁番地区,5.48856e-05
运城,吐鲁番地区,5.48856e-05
石家庄,吐鲁番地区,5.48856e-05
凉山彝族自治州,吐鲁番地区,5.48856e-05
资阳,吐鲁番地区,5.48856e-05
双河,吐鲁番地区,5.48856e-05
本溪,吐鲁番地区,5.48856e-05
许昌,吐鲁番地区,5.48856e-05
太原,吐鲁番地区,5.48856e-05
中卫,吐鲁番地区,5.48856e-05
朔州,吐鲁番地区,2.195424e-05
威海,吐鲁番地区,2.195424e-05
泉州,吐鲁番地区,2.195424e-05
抚州,吐鲁番地区,2.195424e-05
保定,吐鲁番地区,2.195424e-05
泰州,吐鲁番地区,2.195424e-05
乌兰察布,吐鲁番地区,2.195424e-05
枣庄,吐鲁番地区,2.195424e-05
百色,吐鲁番地区,2.195424e-05
张家界,吐鲁番地区,2.195424e-05
沧州,吐鲁番地区,2.195424e-05
通辽,吐鲁番地区,2.195424e-05
崇左,吐鲁番地区,2.195424e-05
大同,吐鲁番地区,2.195424e-05
泰安,吐鲁番地区,2.195424e-05
乌鲁木齐,哈密地区,0.0186298703999999
酒泉,哈密地区,0.01324670436
昌吉回族自治州,哈密地区,0.01098295848
武威,哈密地区,0.00750610476
吐鲁番,哈密地区,0.0044949978
张掖,哈密地区,0.00446250384
定西,哈密地区,0.00294611904
巴音郭楞蒙古自治州,哈密地区,0.0026536734
兰州,哈密地区,0.0015813727199999
天水,哈密地区,0.0015813727199999
伊犁哈萨克自治州,哈密地区,0.0015488787599999
白银,哈密地区,0.001353915
平凉,哈密地区,0.0013214210399999
嘉峪关,哈密地区,0.0011914452
陇南,哈密地区,0.00115895124
重庆,哈密地区,0.00112645728
周口,哈密地区,0.00109396332
北京,哈密地区,0.0010289754
塔城地区,哈密地区,0.00096398748
阿克苏地区,哈密地区,0.0009314935199999
石河子,哈密地区,0.00083401164
南充,哈密地区,0.00083401164
徐州,哈密地区,0.00080151768
阿拉善盟,哈密地区,0.00076902372
商丘,哈密地区,0.00076902372
驻马店,哈密地区,0.00073652976
郑州,哈密地区,0.0006715418399999
博尔塔拉蒙古自治州,哈密地区,0.00063904788
五家渠,哈密地区,0.00057405996
吕梁,哈密地区,0.000541566
咸阳,哈密地区,0.00047657808
庆阳,哈密地区,0.00047657808
南阳,哈密地区,0.0004440841199999
金昌,哈密地区,0.0004440841199999
巴中,哈密地区,0.00041159016
海东,哈密地区,0.00041159016
西宁,哈密地区,0.00041159016
成都,哈密地区,0.00041159016
西安,哈密地区,0.00041159016
克拉玛依,哈密地区,0.0003790962
广元,哈密地区,0.0003790962
临夏回族自治州,哈密地区,0.0003790962
新乡,哈密地区,0.00031410828
绵阳,哈密地区,0.00031410828
遂宁,哈密地区,0.00031410828
阿勒泰地区,哈密地区,0.00028161432
开封,哈密地区,0.00028161432
宝鸡,哈密地区,0.00028161432
菏泽,哈密地区,0.00028161432
洛阳,哈密地区,0.00024912036
中卫,哈密地区,0.00024912036
运城,哈密地区,0.00024912036
喀什地区,哈密地区,0.00024912036
银川,哈密地区,0.00024912036
固原,哈密地区,0.00024912036
焦作,哈密地区,0.0002166264
衡水,哈密地区,0.0002166264
长治,哈密地区,0.0002166264
宿州,哈密地区,0.0002166264
三门峡,哈密地区,0.0002166264
汉中,哈密地区,0.00018413244
阜阳,哈密地区,0.00018413244
海西蒙古族藏族自治州,哈密地区,0.00018413244
吴忠,哈密地区,0.00018413244
益阳,哈密地区,0.00018413244
济宁,哈密地区,0.00018413244
榆林,哈密地区,0.00018413244
内江,哈密地区,0.00018413244
邢台,哈密地区,0.00018413244
渭南,哈密地区,0.00015163848
包头,哈密地区,0.00015163848
福州,哈密地区,0.00015163848
阿拉尔,哈密地区,0.00015163848
甘南藏族自治州,哈密地区,0.00015163848
唐山,哈密地区,0.00015163848
湘潭,哈密地区,0.00015163848
信阳,哈密地区,0.00015163848
平顶山,哈密地区,0.00015163848
德阳,哈密地区,0.00015163848
雅安,哈密地区,0.00015163848
资阳,哈密地区,0.00015163848
晋中,哈密地区,0.00011914452
邯郸,哈密地区,0.00011914452
眉山,哈密地区,0.00011914452
保定,哈密地区,0.00011914452
秦皇岛,哈密地区,0.00011914452
娄底,哈密地区,0.00011914452
泰州,哈密地区,0.00011914452
天津,哈密地区,0.00011914452
许昌,哈密地区,0.00011914452
温州,哈密地区,0.00011914452
和田地区,哈密地区,0.00011914452
潍坊,哈密地区,0.00011914452
廊坊,哈密地区,0.00011914452
乌兰察布,哈密地区,0.00011914452
青岛,哈密地区,0.00011914452
安康,哈密地区,0.00011914452
安阳,哈密地区,8.665056e-05
广州,哈密地区,8.665056e-05
呼和浩特,哈密地区,8.665056e-05
乌鲁木齐,昌吉回族自治州,0.32158674432
石河子,昌吉回族自治州,0.05265969408
五家渠,昌吉回族自治州,0.0337714790399999
塔城地区,昌吉回族自治州,0.02706048
伊犁哈萨克自治州,昌吉回族自治州,0.0159656832
吐鲁番,昌吉回族自治州,0.00876759552
哈密,昌吉回族自治州,0.0081181439999999
克拉玛依,昌吉回族自治州,0.00773929728
阿勒泰地区,昌吉回族自治州,0.00676512
巴音郭楞蒙古自治州,昌吉回族自治州,0.00676512
武威,昌吉回族自治州,0.00438379776
博尔塔拉蒙古自治州,昌吉回族自治州,0.0043296768
阿克苏地区,昌吉回族自治州,0.00248956416
天水,昌吉回族自治州,0.00140714496
北京,昌吉回族自治州,0.001353024
吕梁,昌吉回族自治州,0.001353024
喀什地区,昌吉回族自治州,0.00129890304
张掖,昌吉回族自治州,0.00113654016
三门峡,昌吉回族自治州,0.00097417728
商丘,昌吉回族自治州,0.00092005632
酒泉,昌吉回族自治州,0.00092005632
西安,昌吉回族自治州,0.00092005632
平凉,昌吉回族自治州,0.00086593536
白银,昌吉回族自治州,0.0008118143999999
和田地区,昌吉回族自治州,0.0008118143999999
定西,昌吉回族自治州,0.00075769344
北屯,昌吉回族自治州,0.00075769344
双河,昌吉回族自治州,0.00064945152
兰州,昌吉回族自治州,0.00064945152
周口,昌吉回族自治州,0.00059533056
成都,昌吉回族自治州,0.00059533056
重庆,昌吉回族自治州,0.0005412096
咸阳,昌吉回族自治州,0.0005412096
南充,昌吉回族自治州,0.0005412096
菏泽,昌吉回族自治州,0.0005412096
三亚,昌吉回族自治州,0.0005412096
徐州,昌吉回族自治州,0.00043296768
绵阳,昌吉回族自治州,0.00043296768
阜阳,昌吉回族自治州,0.00043296768
庆阳,昌吉回族自治州,0.00037884672
运城,昌吉回族自治州,0.00037884672
新乡,昌吉回族自治州,0.00037884672
临汾,昌吉回族自治州,0.00037884672
驻马店,昌吉回族自治州,0.00037884672
东营,昌吉回族自治州,0.00037884672
临夏回族自治州,昌吉回族自治州,0.00037884672
陇南,昌吉回族自治州,0.00037884672
可克达拉,昌吉回族自治州,0.00037884672
金昌,昌吉回族自治州,0.00037884672
阳泉,昌吉回族自治州,0.00032472576
阿拉尔,昌吉回族自治州,0.00032472576
晋中,昌吉回族自治州,0.00032472576
郑州,昌吉回族自治州,0.00032472576
太原,昌吉回族自治州,0.0002706048
济宁,昌吉回族自治州,0.0002706048
固原,昌吉回族自治州,0.0002706048
朔州,昌吉回族自治州,0.0002706048
安阳,昌吉回族自治州,0.0002706048
上海,昌吉回族自治州,0.00021648384
宝鸡,昌吉回族自治州,0.00021648384
嘉峪关,昌吉回族自治州,0.00021648384
许昌,昌吉回族自治州,0.00021648384
德阳,昌吉回族自治州,0.00021648384
广元,昌吉回族自治州,0.00021648384
洛阳,昌吉回族自治州,0.00021648384
铁门关,昌吉回族自治州,0.00021648384
汉中,昌吉回族自治州,0.00021648384
临沂,昌吉回族自治州,0.00016236288
温州,昌吉回族自治州,0.00016236288
西宁,昌吉回族自治州,0.00016236288
南阳,昌吉回族自治州,0.00016236288
天津,昌吉回族自治州,0.00016236288
漯河,昌吉回族自治州,0.00016236288
图木舒克,昌吉回族自治州,0.00016236288
莆田,昌吉回族自治州,0.00016236288
巴彦淖尔,昌吉回族自治州,0.00010824192
南通,昌吉回族自治州,0.00010824192
宿州,昌吉回族自治州,0.00010824192
武汉,昌吉回族自治州,0.00010824192
深圳,昌吉回族自治州,0.00010824192
亳州,昌吉回族自治州,0.00010824192
广州,昌吉回族自治州,0.00010824192
黄山,昌吉回族自治州,0.00010824192
岳阳,昌吉回族自治州,0.00010824192
海口,昌吉回族自治州,0.00010824192
鹤壁,昌吉回族自治州,0.00010824192
克孜勒苏柯尔克孜自治州,昌吉回族自治州,0.00010824192
眉山,昌吉回族自治州,0.00010824192
济南,昌吉回族自治州,0.00010824192
吴忠,昌吉回族自治州,0.00010824192
乐山,昌吉回族自治州,0.00010824192
宜昌,昌吉回族自治州,0.00010824192
淮南,昌吉回族自治州,0.00010824192
广安,昌吉回族自治州,0.00010824192
平顶山,昌吉回族自治州,0.00010824192
阿拉善盟,昌吉回族自治州,5.412096e-05
巴中,昌吉回族自治州,5.412096e-05
杭州,昌吉回族自治州,5.412096e-05
沧州,昌吉回族自治州,5.412096e-05
开封,昌吉回族自治州,5.412096e-05
双河,博尔塔拉蒙古自治州,0.0406585008
伊犁哈萨克自治州,博尔塔拉蒙古自治州,0.013281408
乌鲁木齐,博尔塔拉蒙古自治州,0.0103326192
塔城地区,博尔塔拉蒙古自治州,0.0048540384
昌吉回族自治州,博尔塔拉蒙古自治州,0.0020080224
克拉玛依,博尔塔拉蒙古自治州,0.0012569904
石河子,博尔塔拉蒙古自治州,0.0011621232
巴音郭楞蒙古自治州,博尔塔拉蒙古自治州,0.0006087312
武汉,博尔塔拉蒙古自治州,0.0004189968
阿勒泰地区,博尔塔拉蒙古自治州,0.0003873744
阿克苏地区,博尔塔拉蒙古自治州,0.000355752
喀什地区,博尔塔拉蒙古自治州,0.000316224
五家渠,博尔塔拉蒙古自治州,0.0002846016
可克达拉,博尔塔拉蒙古自治州,0.0002846016
重庆,博尔塔拉蒙古自治州,0.0001897344
西安,博尔塔拉蒙古自治州,0.000158112
绵阳,博尔塔拉蒙古自治州,0.000158112
武威,博尔塔拉蒙古自治州,0.000158112
哈密,博尔塔拉蒙古自治州,0.0001264896
遂宁,博尔塔拉蒙古自治州,0.0001264896
驻马店,博尔塔拉蒙古自治州,9.48672e-05
周口,博尔塔拉蒙古自治州,9.48672e-05
开封,博尔塔拉蒙古自治州,9.48672e-05
阜阳,博尔塔拉蒙古自治州,6.324480000000001e-05
安阳,博尔塔拉蒙古自治州,6.324480000000001e-05
广元,博尔塔拉蒙古自治州,6.324480000000001e-05
吐鲁番,博尔塔拉蒙古自治州,6.324480000000001e-05
固原,博尔塔拉蒙古自治州,6.324480000000001e-05
南充,博尔塔拉蒙古自治州,6.324480000000001e-05
许昌,博尔塔拉蒙古自治州,6.324480000000001e-05
洛阳,博尔塔拉蒙古自治州,6.324480000000001e-05
阿拉尔,博尔塔拉蒙古自治州,6.324480000000001e-05
平凉,博尔塔拉蒙古自治州,6.324480000000001e-05
酒泉,博尔塔拉蒙古自治州,6.324480000000001e-05
陇南,博尔塔拉蒙古自治州,6.324480000000001e-05
成都,博尔塔拉蒙古自治州,6.324480000000001e-05
和田地区,博尔塔拉蒙古自治州,6.324480000000001e-05
扬州,博尔塔拉蒙古自治州,3.1622400000000004e-05
枣庄,博尔塔拉蒙古自治州,3.1622400000000004e-05
吉安,博尔塔拉蒙古自治州,3.1622400000000004e-05
长治,博尔塔拉蒙古自治州,3.1622400000000004e-05
白银,博尔塔拉蒙古自治州,3.1622400000000004e-05
资阳,博尔塔拉蒙古自治州,3.1622400000000004e-05
怀化,博尔塔拉蒙古自治州,3.1622400000000004e-05
无锡,博尔塔拉蒙古自治州,3.1622400000000004e-05
荆州,博尔塔拉蒙古自治州,3.1622400000000004e-05
昆明,博尔塔拉蒙古自治州,3.1622400000000004e-05
海东,博尔塔拉蒙古自治州,3.1622400000000004e-05
渭南,博尔塔拉蒙古自治州,3.1622400000000004e-05
威海,博尔塔拉蒙古自治州,3.1622400000000004e-05
邯郸,博尔塔拉蒙古自治州,3.1622400000000004e-05
泸州,博尔塔拉蒙古自治州,3.1622400000000004e-05
苏州,博尔塔拉蒙古自治州,3.1622400000000004e-05
庆阳,博尔塔拉蒙古自治州,3.1622400000000004e-05
烟台,博尔塔拉蒙古自治州,3.1622400000000004e-05
定西,博尔塔拉蒙古自治州,3.1622400000000004e-05
内江,博尔塔拉蒙古自治州,3.1622400000000004e-05
乌鲁木齐,巴音郭楞蒙古自治州,0.0421414326
阿克苏地区,巴音郭楞蒙古自治州,0.0394469676
铁门关,巴音郭楞蒙古自治州,0.02476752228
海西蒙古族藏族自治州,巴音郭楞蒙古自治州,0.01084252716
昌吉回族自治州,巴音郭楞蒙古自治州,0.00929051532
伊犁哈萨克自治州,巴音郭楞蒙古自治州,0.00860073228
吐鲁番,巴音郭楞蒙古自治州,0.0043326997199999
喀什地区,巴音郭楞蒙古自治州,0.00368602812
哈密,巴音郭楞蒙古自治州,0.00349202664
塔城地区,巴音郭楞蒙古自治州,0.0034489152
和田地区,巴音郭楞蒙古自治州,0.00338424804
武威,巴音郭楞蒙古自治州,0.00299624508
重庆,巴音郭楞蒙古自治州,0.00278068788
张掖,巴音郭楞蒙古自治州,0.0025866864
石河子,巴音郭楞蒙古自治州,0.00252201924
定西,巴音郭楞蒙古自治州,0.00206934912
天水,巴音郭楞蒙古自治州,0.00174601332
阿拉尔,巴音郭楞蒙古自治州,0.00168134616
成都,巴音郭楞蒙古自治州,0.001616679
博尔塔拉蒙古自治州,巴音郭楞蒙古自治州,0.0015735675599999
克拉玛依,巴音郭楞蒙古自治州,0.0015089004
西安,巴音郭楞蒙古自治州,0.00135801036
商丘,巴音郭楞蒙古自治州,0.00131489892
酒泉,巴音郭楞蒙古自治州,0.0012502317599999
兰州,巴音郭楞蒙古自治州,0.00103467456
白银,巴音郭楞蒙古自治州,0.00099156312
南阳,巴音郭楞蒙古自治州,0.00099156312
遂宁,巴音郭楞蒙古自治州,0.0009700074
南充,巴音郭楞蒙古自治州,0.00090534024
咸阳,巴音郭楞蒙古自治州,0.0008622288
陇南,巴音郭楞蒙古自治州,0.0008622288
北京,巴音郭楞蒙古自治州,0.0008622288
周口,巴音郭楞蒙古自治州,0.00084067308
庆阳,巴音郭楞蒙古自治州,0.00079756164
菏泽,巴音郭楞蒙古自治州,0.00073289448
濮阳,巴音郭楞蒙古自治州,0.00071133876
五家渠,巴音郭楞蒙古自治州,0.00071133876
驻马店,巴音郭楞蒙古自治州,0.00066822732
资阳,巴音郭楞蒙古自治州,0.00066822732
徐州,巴音郭楞蒙古自治州,0.00066822732
达州,巴音郭楞蒙古自治州,0.00060356016
阿勒泰地区,巴音郭楞蒙古自治州,0.00058200444
广安,巴音郭楞蒙古自治州,0.00051733728
绵阳,巴音郭楞蒙古自治州,0.00051733728
平凉,巴音郭楞蒙古自治州,0.00047422584
渭南,巴音郭楞蒙古自治州,0.00047422584
沧州,巴音郭楞蒙古自治州,0.00047422584
许昌,巴音郭楞蒙古自治州,0.00047422584
漯河,巴音郭楞蒙古自治州,0.00045267012
开封,巴音郭楞蒙古自治州,0.00040955868
克孜勒苏柯尔克孜自治州,巴音郭楞蒙古自治州,0.00040955868
临夏回族自治州,巴音郭楞蒙古自治州,0.00038800296
西宁,巴音郭楞蒙古自治州,0.00038800296
图木舒克,巴音郭楞蒙古自治州,0.00038800296
宝鸡,巴音郭楞蒙古自治州,0.00038800296
郑州,巴音郭楞蒙古自治州,0.00034489152
运城,巴音郭楞蒙古自治州,0.00034489152
青岛,巴音郭楞蒙古自治州,0.00034489152
广元,巴音郭楞蒙古自治州,0.00034489152
新乡,巴音郭楞蒙古自治州,0.0003233358
金昌,巴音郭楞蒙古自治州,0.0003233358
海东,巴音郭楞蒙古自治州,0.0003233358
北屯,巴音郭楞蒙古自治州,0.0003233358
天津,巴音郭楞蒙古自治州,0.00028022436
泰安,巴音郭楞蒙古自治州,0.00028022436
凉山彝族自治州,巴音郭楞蒙古自治州,0.00028022436
德阳,巴音郭楞蒙古自治州,0.00028022436
内江,巴音郭楞蒙古自治州,0.00025866864
宜宾,巴音郭楞蒙古自治州,0.00025866864
阜阳,巴音郭楞蒙古自治州,0.00025866864
济宁,巴音郭楞蒙古自治州,0.0002155572
安阳,巴音郭楞蒙古自治州,0.0002155572
泸州,巴音郭楞蒙古自治州,0.0002155572
巴中,巴音郭楞蒙古自治州,0.0002155572
自贡,巴音郭楞蒙古自治州,0.0002155572
洛阳,巴音郭楞蒙古自治州,0.0002155572
上海,巴音郭楞蒙古自治州,0.0002155572
三门峡,巴音郭楞蒙古自治州,0.00019400148
信阳,巴音郭楞蒙古自治州,0.00019400148
廊坊,巴音郭楞蒙古自治州,0.00019400148
临沂,巴音郭楞蒙古自治州,0.00019400148
甘南藏族自治州,巴音郭楞蒙古自治州,0.00019400148
杭州,巴音郭楞蒙古自治州,0.00019400148
承德,巴音郭楞蒙古自治州,0.00019400148
益阳,巴音郭楞蒙古自治州,0.00019400148
德州,巴音郭楞蒙古自治州,0.00019400148
安庆,巴音郭楞蒙古自治州,0.00015089004
铜仁,巴音郭楞蒙古自治州,0.00015089004
济南,巴音郭楞蒙古自治州,0.00015089004
邯郸,巴音郭楞蒙古自治州,0.00015089004
大庆,巴音郭楞蒙古自治州,0.00015089004
无锡,巴音郭楞蒙古自治州,0.00015089004
兴安盟,巴音郭楞蒙古自治州,0.00015089004
亳州,巴音郭楞蒙古自治州,0.00015089004
十堰,巴音郭楞蒙古自治州,0.00015089004
东营,巴音郭楞蒙古自治州,0.00015089004
通辽,巴音郭楞蒙古自治州,0.00012933432
秦皇岛,巴音郭楞蒙古自治州,0.00012933432
南京,巴音郭楞蒙古自治州,0.00012933432
珠海,巴音郭楞蒙古自治州,0.00012933432
阿拉尔,阿克苏地区,0.06093712296
巴音郭楞蒙古自治州,阿克苏地区,0.04278211992
乌鲁木齐,阿克苏地区,0.01980921744
喀什地区,阿克苏地区,0.0128201616
重庆,阿克苏地区,0.00494196552
图木舒克,阿克苏地区,0.00469383336
昌吉回族自治州,阿克苏地区,0.0037219824
和田地区,阿克苏地区,0.00368062704
伊犁哈萨克自治州,阿克苏地区,0.003101652
武威,阿克苏地区,0.0026880984
定西,阿克苏地区,0.00215047872
张掖,阿克苏地区,0.00179895816
克孜勒苏柯尔克孜自治州,阿克苏地区,0.00177828048
石河子,阿克苏地区,0.00167489208
天水,阿克苏地区,0.00148879296
南阳,阿克苏地区,0.00138540456
成都,阿克苏地区,0.00132337152
塔城地区,阿克苏地区,0.00128201616
陇南,阿克苏地区,0.00126133848
白银,阿克苏地区,0.00109591704
兰州,阿克苏地区,0.00099252864
哈密,阿克苏地区,0.0009304956
周口,阿克苏地区,0.00088914024
南充,阿克苏地区,0.00086846256
吐鲁番,阿克苏地区,0.0008271072
平凉,阿克苏地区,0.00074439648
酒泉,阿克苏地区,0.00074439648
遂宁,阿克苏地区,0.00074439648
资阳,阿克苏地区,0.00074439648
西安,阿克苏地区,0.00070304112
郑州,阿克苏地区,0.00064100808
商丘,阿克苏地区,0.00064100808
克拉玛依,阿克苏地区,0.00059965272
驻马店,阿克苏地区,0.00057897504
达州,阿克苏地区,0.00053761968
博尔塔拉蒙古自治州,阿克苏地区,0.00053761968
绵阳,阿克苏地区,0.00053761968
泸州,阿克苏地区,0.000516942
广安,阿克苏地区,0.00047558664
五家渠,阿克苏地区,0.00047558664
庆阳,阿克苏地区,0.00043423128
内江,阿克苏地区,0.00043423128
汉中,阿克苏地区,0.00043423128
广元,阿克苏地区,0.0004135536
菏泽,阿克苏地区,0.0004135536
临夏回族自治州,阿克苏地区,0.00037219824
阜阳,阿克苏地区,0.00035152056
铁门关,阿克苏地区,0.0003101652
阿勒泰地区,阿克苏地区,0.0003101652
北京,阿克苏地区,0.0003101652
许昌,阿克苏地区,0.0003101652
洛阳,阿克苏地区,0.00028948752
徐州,阿克苏地区,0.00028948752
开封,阿克苏地区,0.00028948752
新乡,阿克苏地区,0.00024813216
吕梁,阿克苏地区,0.00024813216
宝鸡,阿克苏地区,0.00024813216
昭通,阿克苏地区,0.00024813216
巴中,阿克苏地区,0.00024813216
银川,阿克苏地区,0.00024813216
鹤壁,阿克苏地区,0.0002067768
海西蒙古族藏族自治州,阿克苏地区,0.0002067768
漯河,阿克苏地区,0.0002067768
双河,阿克苏地区,0.0002067768
甘南藏族自治州,阿克苏地区,0.0002067768
咸阳,阿克苏地区,0.0002067768
深圳,阿克苏地区,0.00018609912
聊城,阿克苏地区,0.00018609912
自贡,阿克苏地区,0.00018609912
乐山,阿克苏地区,0.00018609912
忻州,阿克苏地区,0.00018609912
渭南,阿克苏地区,0.00018609912
临沂,阿克苏地区,0.00018609912
济南,阿克苏地区,0.00018609912
安阳,阿克苏地区,0.00018609912
临汾,阿克苏地区,0.00014474376
合肥,阿克苏地区,0.00014474376
杭州,阿克苏地区,0.00014474376
安康,阿克苏地区,0.00014474376
眉山,阿克苏地区,0.00014474376
金昌,阿克苏地区,0.00014474376
济宁,阿克苏地区,0.00014474376
邵阳,阿克苏地区,0.00014474376
三亚,阿克苏地区,0.00012406608
海东,阿克苏地区,0.00012406608
包头,阿克苏地区,0.00012406608
九江,阿克苏地区,0.00012406608
泰安,阿克苏地区,0.00012406608
信阳,阿克苏地区,0.00012406608
太原,阿克苏地区,0.00012406608
孝感,阿克苏地区,8.271072000000001e-05
遵义,阿克苏地区,8.271072000000001e-05
毕节,阿克苏地区,8.271072000000001e-05
赤峰,阿克苏地区,8.271072000000001e-05
荆门,阿克苏地区,8.271072000000001e-05
德阳,阿克苏地区,8.271072000000001e-05
宜宾,阿克苏地区,8.271072000000001e-05
晋中,阿克苏地区,8.271072000000001e-05
中卫,阿克苏地区,8.271072000000001e-05
淄博,阿克苏地区,8.271072000000001e-05
喀什地区,克孜勒苏柯尔克孜自治州,0.0171056448
阿克苏地区,克孜勒苏柯尔克孜自治州,0.0013263264
乌鲁木齐,克孜勒苏柯尔克孜自治州,0.0011324447999999
图木舒克,克孜勒苏柯尔克孜自治州,0.0002908224
南阳,克孜勒苏柯尔克孜自治州,0.0001938815999999
巴音郭楞蒙古自治州,克孜勒苏柯尔克孜自治州,0.0001277855999999
广安,克孜勒苏柯尔克孜自治州,9.69408e-05
吐鲁番,克孜勒苏柯尔克孜自治州,9.69408e-05
天水,克孜勒苏柯尔克孜自治州,9.69408e-05
昌吉回族自治州,克孜勒苏柯尔克孜自治州,9.69408e-05
克拉玛依,克孜勒苏柯尔克孜自治州,9.69408e-05
张掖,克孜勒苏柯尔克孜自治州,9.69408e-05
阿拉尔,克孜勒苏柯尔克孜自治州,6.389279999999999e-05
定西,克孜勒苏柯尔克孜自治州,6.389279999999999e-05
武威,克孜勒苏柯尔克孜自治州,6.389279999999999e-05
哈密,克孜勒苏柯尔克孜自治州,6.389279999999999e-05
巴中,克孜勒苏柯尔克孜自治州,6.389279999999999e-05
北京,克孜勒苏柯尔克孜自治州,6.389279999999999e-05
运城,克孜勒苏柯尔克孜自治州,6.389279999999999e-05
温州,克孜勒苏柯尔克孜自治州,3.08448e-05
徐州,克孜勒苏柯尔克孜自治州,3.08448e-05
石河子,克孜勒苏柯尔克孜自治州,3.08448e-05
白银,克孜勒苏柯尔克孜自治州,3.08448e-05
南充,克孜勒苏柯尔克孜自治州,3.08448e-05
安康,克孜勒苏柯尔克孜自治州,3.08448e-05
伊犁哈萨克自治州,克孜勒苏柯尔克孜自治州,3.08448e-05
宝鸡,克孜勒苏柯尔克孜自治州,3.08448e-05
周口,克孜勒苏柯尔克孜自治州,3.08448e-05
平凉,克孜勒苏柯尔克孜自治州,3.08448e-05
菏泽,克孜勒苏柯尔克孜自治州,3.08448e-05
天津,克孜勒苏柯尔克孜自治州,3.08448e-05
洛阳,克孜勒苏柯尔克孜自治州,3.08448e-05
襄阳,克孜勒苏柯尔克孜自治州,3.08448e-05
开封,克孜勒苏柯尔克孜自治州,3.08448e-05
许昌,克孜勒苏柯尔克孜自治州,3.08448e-05
东莞,克孜勒苏柯尔克孜自治州,3.08448e-05
塔城地区,克孜勒苏柯尔克孜自治州,3.08448e-05
驻马店,克孜勒苏柯尔克孜自治州,3.08448e-05
兰州,克孜勒苏柯尔克孜自治州,3.08448e-05
和田地区,克孜勒苏柯尔克孜自治州,3.08448e-05
遂宁,克孜勒苏柯尔克孜自治州,3.08448e-05
常州,克孜勒苏柯尔克孜自治州,3.08448e-05
陇南,克孜勒苏柯尔克孜自治州,3.08448e-05
重庆,克孜勒苏柯尔克孜自治州,3.08448e-05
克孜勒苏柯尔克孜自治州,喀什地区,0.0193995648
图木舒克,喀什地区,0.01710035712
乌鲁木齐,喀什地区,0.01363957056
阿克苏地区,喀什地区,0.0131126688
巴音郭楞蒙古自治州,喀什地区,0.00686169792
和田地区,喀什地区,0.00534086784
昌吉回族自治州,喀什地区,0.00232315776
重庆,喀什地区,0.00229920768
运城,喀什地区,0.002095632
武威,喀什地区,0.00184415616
定西,喀什地区,0.00138910464
天水,喀什地区,0.00122145408
伊犁哈萨克自治州,喀什地区,0.00122145408
陇南,喀什地区,0.00106577856
南充,喀什地区,0.00096997824
商丘,喀什地区,0.00093405312
阿拉尔,喀什地区,0.000898128
平凉,喀什地区,0.0008382528
北京,喀什地区,0.0008382528
博尔塔拉蒙古自治州,喀什地区,0.00070652736
临汾,喀什地区,0.00070652736
甘南藏族自治州,喀什地区,0.00070652736
塔城地区,喀什地区,0.00067060224
宜宾,喀什地区,0.00067060224
周口,喀什地区,0.00067060224
张掖,喀什地区,0.00064665216
庆阳,喀什地区,0.00064665216
白银,喀什地区,0.00064665216
菏泽,喀什地区,0.00061072704
兰州,喀什地区,0.00061072704
西安,喀什地区,0.00051492672
石河子,喀什地区,0.0004790016
成都,喀什地区,0.00044307648
徐州,喀什地区,0.00044307648
昭通,喀什地区,0.0004191264
哈密,喀什地区,0.0004191264
绵阳,喀什地区,0.00038320128
吐鲁番,喀什地区,0.00034727616
达州,喀什地区,0.00034727616
汉中,喀什地区,0.00032332608
温州,喀什地区,0.00032332608
郑州,喀什地区,0.00032332608
遂宁,喀什地区,0.00032332608
克拉玛依,喀什地区,0.00028740096
咸阳,喀什地区,0.00025147584
阿里地区,喀什地区,0.00025147584
潍坊,喀什地区,0.00025147584
阿勒泰地区,喀什地区,0.00025147584
酒泉,喀什地区,0.00025147584
铁门关,喀什地区,0.00025147584
宝鸡,喀什地区,0.00021555072
曲靖,喀什地区,0.00021555072
昆明,喀什地区,0.00021555072
益阳,喀什地区,0.00021555072
内江,喀什地区,0.00021555072
新乡,喀什地区,0.00021555072
阜阳,喀什地区,0.00021555072
朔州,喀什地区,0.00021555072
南阳,喀什地区,0.00019160064
广安,喀什地区,0.00019160064
商洛,喀什地区,0.00019160064
南通,喀什地区,0.00019160064
济南,喀什地区,0.00019160064
双河,喀什地区,0.00015567552
德阳,喀什地区,0.00015567552
兴安盟,喀什地区,0.00015567552
广州,喀什地区,0.00015567552
临沂,喀什地区,0.00015567552
巴中,喀什地区,0.00015567552
安庆,喀什地区,0.00015567552
昆玉,喀什地区,0.00015567552
济宁,喀什地区,0.00015567552
中卫,喀什地区,0.00015567552
吕梁,喀什地区,0.00015567552
驻马店,喀什地区,0.00015567552
临夏回族自治州,喀什地区,0.00015567552
安康,喀什地区,0.0001197504
孝感,喀什地区,0.0001197504
濮阳,喀什地区,0.0001197504
天津,喀什地区,0.0001197504
日照,喀什地区,0.0001197504
凉山彝族自治州,喀什地区,0.0001197504
荆州,喀什地区,0.0001197504
廊坊,喀什地区,0.0001197504
金昌,喀什地区,0.0001197504
十堰,喀什地区,0.0001197504
黄冈,喀什地区,0.0001197504
广元,喀什地区,0.0001197504
娄底,喀什地区,0.0001197504
赤峰,喀什地区,9.580032e-05
楚雄彝族自治州,喀什地区,9.580032e-05
六安,喀什地区,9.580032e-05
洛阳,喀什地区,9.580032e-05
连云港,喀什地区,9.580032e-05
东营,喀什地区,9.580032e-05
遵义,喀什地区,9.580032e-05
平顶山,喀什地区,9.580032e-05
信阳,喀什地区,9.580032e-05
忻州,喀什地区,9.580032e-05
邵阳,喀什地区,9.580032e-05
昆玉,和田地区,0.0236149667999999
巴音郭楞蒙古自治州,和田地区,0.00761226336
乌鲁木齐,和田地区,0.0073194839999999
喀什地区,和田地区,0.00699588576
阿克苏地区,和田地区,0.0051775718399999
武威,和田地区,0.0013868495999999
伊犁哈萨克自治州,和田地区,0.0012635740799999
陇南,和田地区,0.00116341272
昌吉回族自治州,和田地区,0.0010940702399999
阿拉尔,和田地区,0.0009322711199999
重庆,和田地区,0.00087063336
兰州,和田地区,0.0008089956
定西,和田地区,0.000770472
张掖,和田地区,0.0007396531199999
白银,和田地区,0.0006471964799999
天水,和田地区,0.00051621624
平凉,和田地区,0.00048539736
甘南藏族自治州,和田地区,0.00048539736
克孜勒苏柯尔克孜自治州,和田地区,0.00044687376
通辽,和田地区,0.000385236
塔城地区,和田地区,0.000385236
庆阳,和田地区,0.000385236
博尔塔拉蒙古自治州,和田地区,0.00035441712
酒泉,和田地区,0.00035441712
北京,和田地区,0.00035441712
海东,和田地区,0.0003235982399999
驻马店,和田地区,0.0003235982399999
临夏回族自治州,和田地区,0.00025425576
宝鸡,和田地区,0.00025425576
呼和浩特,和田地区,0.00025425576
邵阳,和田地区,0.00025425576
银川,和田地区,0.00025425576
吐鲁番,和田地区,0.00022343688
石河子,和田地区,0.00022343688
娄底,和田地区,0.00022343688
咸阳,和田地区,0.00022343688
渭南,和田地区,0.00022343688
长沙,和田地区,0.000192618
遂宁,和田地区,0.000192618
铜仁,和田地区,0.000192618
昆明,和田地区,0.000192618
西安,和田地区,0.000192618
周口,和田地区,0.000192618
南充,和田地区,0.000192618
红河哈尼族彝族自治州,和田地区,0.0001617991199999
西宁,和田地区,0.0001617991199999
南阳,和田地区,0.0001617991199999
凉山彝族自治州,和田地区,0.0001617991199999
黔西南布依族苗族自治州,和田地区,0.0001617991199999
内江,和田地区,0.0001617991199999
郴州,和田地区,0.0001617991199999
太原,和田地区,0.0001617991199999
金昌,和田地区,0.00012327552
阿勒泰地区,和田地区,0.00012327552
晋中,和田地区,0.00012327552
郑州,和田地区,0.00012327552
天津,和田地区,0.00012327552
大理白族自治州,和田地区,0.00012327552
临汾,和田地区,0.00012327552
丽江,和田地区,0.00012327552
海西蒙古族藏族自治州,和田地区,0.00012327552
忻州,和田地区,0.00012327552
昭通,和田地区,0.00012327552
五家渠,和田地区,0.00012327552
宜昌,和田地区,9.245664e-05
长治,和田地区,9.245664e-05
赤峰,和田地区,9.245664e-05
广元,和田地区,9.245664e-05
海北藏族自治州,和田地区,9.245664e-05
图木舒克,和田地区,9.245664e-05
吴忠,和田地区,9.245664e-05
济南,和田地区,9.245664e-05
贵阳,和田地区,9.245664e-05
黄冈,和田地区,9.245664e-05
滁州,和田地区,9.245664e-05
曲靖,和田地区,9.245664e-05
运城,和田地区,9.245664e-05
阿里地区,和田地区,9.245664e-05
安康,和田地区,9.245664e-05
克拉玛依,和田地区,9.245664e-05
毕节,和田地区,9.245664e-05
绍兴,和田地区,6.163776e-05
成都,和田地区,6.163776e-05
阜阳,和田地区,6.163776e-05
连云港,和田地区,6.163776e-05
吕梁,和田地区,6.163776e-05
德阳,和田地区,6.163776e-05
开封,和田地区,6.163776e-05
许昌,和田地区,6.163776e-05
哈密,和田地区,6.163776e-05
大庆,和田地区,6.163776e-05
鞍山,和田地区,6.163776e-05
潍坊,和田地区,6.163776e-05
达州,和田地区,6.163776e-05
聊城,和田地区,6.163776e-05
岳阳,和田地区,6.163776e-05
楚雄彝族自治州,和田地区,6.163776e-05
延安,和田地区,6.163776e-05
商洛,和田地区,6.163776e-05
广安,和田地区,6.163776e-05
塔城地区,伊犁哈萨克自治州,0.0535159547999999
可克达拉,伊犁哈萨克自治州,0.0523072242
乌鲁木齐,伊犁哈萨克自治州,0.038513475
克拉玛依,伊犁哈萨克自治州,0.0279904086
博尔塔拉蒙古自治州,伊犁哈萨克自治州,0.0119214018
昌吉回族自治州,伊犁哈萨克自治州,0.0112340844
石河子,伊犁哈萨克自治州,0.0068494734
巴音郭楞蒙古自治州,伊犁哈萨克自治州,0.004029102
阿勒泰地区,伊犁哈萨克自治州,0.0033654851999999
哈密,伊犁哈萨克自治州,0.0018012456
双河,伊犁哈萨克自治州,0.0012798324
阿克苏地区,伊犁哈萨克自治州,0.0012798324
吐鲁番,伊犁哈萨克自治州,0.0011613294
张掖,伊犁哈萨克自治州,0.0009954252
北屯,伊犁哈萨克自治州,0.0009954252
南京,伊犁哈萨克自治州,0.0009243234
定西,伊犁哈萨克自治州,0.0009006228
武威,伊犁哈萨克自治州,0.0008058204
北京,伊犁哈萨克自治州,0.0007584191999999
天水,伊犁哈萨克自治州,0.0007110179999999
重庆,伊犁哈萨克自治州,0.000592515
喀什地区,伊犁哈萨克自治州,0.000592515
泰安,伊犁哈萨克自治州,0.0005688144
和田地区,伊犁哈萨克自治州,0.0004977126
五家渠,伊犁哈萨克自治州,0.0004977126
陇南,伊犁哈萨克自治州,0.0004029102
南充,伊犁哈萨克自治州,0.0004029102
西安,伊犁哈萨克自治州,0.0004029102
白银,伊犁哈萨克自治州,0.0003555089999999
兰州,伊犁哈萨克自治州,0.0003555089999999
扬州,伊犁哈萨克自治州,0.0003081078
金昌,伊犁哈萨克自治州,0.0003081078
商丘,伊犁哈萨克自治州,0.0003081078
酒泉,伊犁哈萨克自治州,0.0002844072
洛阳,伊犁哈萨克自治州,0.0002844072
平凉,伊犁哈萨克自治州,0.0002844072
上海,伊犁哈萨克自治州,0.000237006
郑州,伊犁哈萨克自治州,0.000237006
成都,伊犁哈萨克自治州,0.0002133053999999
咸阳,伊犁哈萨克自治州,0.0001896047999999
遂宁,伊犁哈萨克自治州,0.0001896047999999
杭州,伊犁哈萨克自治州,0.0001896047999999
周口,伊犁哈萨克自治州,0.0001896047999999
阜阳,伊犁哈萨克自治州,0.0001896047999999
广安,伊犁哈萨克自治州,0.0001896047999999
菏泽,伊犁哈萨克自治州,0.0001896047999999
徐州,伊犁哈萨克自治州,0.0001422036
商洛,伊犁哈萨克自治州,0.0001422036
临夏回族自治州,伊犁哈萨克自治州,0.0001422036
邵阳,伊犁哈萨克自治州,0.0001422036
渭南,伊犁哈萨克自治州,0.0001422036
金华,伊犁哈萨克自治州,0.0001422036
苏州,伊犁哈萨克自治州,0.0001422036
宝鸡,伊犁哈萨克自治州,0.000118503
海口,伊犁哈萨克自治州,0.000118503
达州,伊犁哈萨克自治州,0.000118503
济宁,伊犁哈萨克自治州,0.000118503
资阳,伊犁哈萨克自治州,0.000118503
驻马店,伊犁哈萨克自治州,0.000118503
庆阳,伊犁哈萨克自治州,0.000118503
福州,伊犁哈萨克自治州,0.000118503
蚌埠,伊犁哈萨克自治州,0.000118503
德阳,伊犁哈萨克自治州,9.48024e-05
绵阳,伊犁哈萨克自治州,9.48024e-05
台州,伊犁哈萨克自治州,9.48024e-05
湘潭,伊犁哈萨克自治州,9.48024e-05
芜湖,伊犁哈萨克自治州,9.48024e-05
泉州,伊犁哈萨克自治州,9.48024e-05
深圳,伊犁哈萨克自治州,9.48024e-05
南通,伊犁哈萨克自治州,9.48024e-05
娄底,伊犁哈萨克自治州,9.48024e-05
安庆,伊犁哈萨克自治州,9.48024e-05
海东,伊犁哈萨克自治州,9.48024e-05
广州,伊犁哈萨克自治州,9.48024e-05
衡水,伊犁哈萨克自治州,4.74012e-05
长沙,伊犁哈萨克自治州,4.74012e-05
图木舒克,伊犁哈萨克自治州,4.74012e-05
榆林,伊犁哈萨克自治州,4.74012e-05
许昌,伊犁哈萨克自治州,4.74012e-05
赤峰,伊犁哈萨克自治州,4.74012e-05
泸州,伊犁哈萨克自治州,4.74012e-05
漯河,伊犁哈萨克自治州,4.74012e-05
固原,伊犁哈萨克自治州,4.74012e-05
濮阳,伊犁哈萨克自治州,4.74012e-05
新乡,伊犁哈萨克自治州,4.74012e-05
温州,伊犁哈萨克自治州,4.74012e-05
南阳,伊犁哈萨克自治州,4.74012e-05
银川,伊犁哈萨克自治州,4.74012e-05
青岛,伊犁哈萨克自治州,4.74012e-05
咸宁,伊犁哈萨克自治州,4.74012e-05
张家口,伊犁哈萨克自治州,4.74012e-05
焦作,伊犁哈萨克自治州,4.74012e-05
太原,伊犁哈萨克自治州,4.74012e-05
巴中,伊犁哈萨克自治州,4.74012e-05
三亚,伊犁哈萨克自治州,4.74012e-05
临汾,伊犁哈萨克自治州,4.74012e-05
嘉峪关,伊犁哈萨克自治州,4.74012e-05
铜川,伊犁哈萨克自治州,4.74012e-05
自贡,伊犁哈萨克自治州,4.74012e-05
运城,伊犁哈萨克自治州,4.74012e-05
石河子,塔城地区,0.08982959616
伊犁哈萨克自治州,塔城地区,0.05243885568
乌鲁木齐,塔城地区,0.03448313856
克拉玛依,塔城地区,0.02797929216
昌吉回族自治州,塔城地区,0.0228272255999999
博尔塔拉蒙古自治州,塔城地区,0.00499903488
阿勒泰地区,塔城地区,0.00451443456
巴音郭楞蒙古自治州,塔城地区,0.00211693824
北屯,塔城地区,0.00175986432
五家渠,塔城地区,0.00132627456
营口,塔城地区,0.00096920064
盘锦,塔城地区,0.00061212672
东营,塔城地区,0.00056111616
哈密,塔城地区,0.00053561088
阿克苏地区,塔城地区,0.0005101056
双河,塔城地区,0.00048460032
吐鲁番,塔城地区,0.00043358976
周口,塔城地区,0.00043358976
鞍山,塔城地区,0.00040808448
喀什地区,塔城地区,0.0003825792
北京,塔城地区,0.0003825792
南充,塔城地区,0.00033156864
武威,塔城地区,0.00028055808
陇南,塔城地区,0.0002550528
酒泉,塔城地区,0.0002550528
重庆,塔城地区,0.0002550528
吕梁,塔城地区,0.0002550528
菏泽,塔城地区,0.00017853696
商丘,塔城地区,0.00015303168
西安,塔城地区,0.00015303168
成都,塔城地区,0.00015303168
泰州,塔城地区,0.0001275264
青岛,塔城地区,0.0001275264
杭州,塔城地区,0.0001275264
聊城,塔城地区,0.0001275264
天水,塔城地区,0.0001275264
许昌,塔城地区,0.0001275264
可克达拉,塔城地区,0.0001275264
洛阳,塔城地区,7.651584e-05
天津,塔城地区,7.651584e-05
海东,塔城地区,7.651584e-05
新乡,塔城地区,7.651584e-05
白银,塔城地区,7.651584e-05
平凉,塔城地区,7.651584e-05
驻马店,塔城地区,7.651584e-05
开封,塔城地区,7.651584e-05
泸州,塔城地区,7.651584e-05
定西,塔城地区,7.651584e-05
东莞,塔城地区,5.1010560000000006e-05
图木舒克,塔城地区,5.1010560000000006e-05
渭南,塔城地区,5.1010560000000006e-05
南阳,塔城地区,5.1010560000000006e-05
固原,塔城地区,5.1010560000000006e-05
金昌,塔城地区,5.1010560000000006e-05
哈尔滨,塔城地区,5.1010560000000006e-05
兰州,塔城地区,5.1010560000000006e-05
苏州,塔城地区,5.1010560000000006e-05
嘉峪关,塔城地区,5.1010560000000006e-05
徐州,塔城地区,5.1010560000000006e-05
泰安,塔城地区,5.1010560000000006e-05
拉萨,塔城地区,5.1010560000000006e-05
西宁,塔城地区,5.1010560000000006e-05
南京,塔城地区,5.1010560000000006e-05
平顶山,塔城地区,5.1010560000000006e-05
咸阳,塔城地区,5.1010560000000006e-05
阜阳,塔城地区,5.1010560000000006e-05
绍兴,塔城地区,2.5505280000000003e-05
济南,塔城地区,2.5505280000000003e-05
呼和浩特,塔城地区,2.5505280000000003e-05
十堰,塔城地区,2.5505280000000003e-05
铜仁,塔城地区,2.5505280000000003e-05
海北藏族自治州,塔城地区,2.5505280000000003e-05
三亚,塔城地区,2.5505280000000003e-05
庆阳,塔城地区,2.5505280000000003e-05
宝鸡,塔城地区,2.5505280000000003e-05
长沙,塔城地区,2.5505280000000003e-05
临汾,塔城地区,2.5505280000000003e-05
巴彦淖尔,塔城地区,2.5505280000000003e-05
常德,塔城地区,2.5505280000000003e-05
荆门,塔城地区,2.5505280000000003e-05
遂宁,塔城地区,2.5505280000000003e-05
乐山,塔城地区,2.5505280000000003e-05
长春,塔城地区,2.5505280000000003e-05
德宏傣族景颇族自治州,塔城地区,2.5505280000000003e-05
临夏回族自治州,塔城地区,2.5505280000000003e-05
阳泉,塔城地区,2.5505280000000003e-05
张掖,塔城地区,2.5505280000000003e-05
阿拉尔,塔城地区,2.5505280000000003e-05
常州,塔城地区,2.5505280000000003e-05
淮安,塔城地区,2.5505280000000003e-05
南平,塔城地区,2.5505280000000003e-05
信阳,塔城地区,2.5505280000000003e-05
天门,塔城地区,2.5505280000000003e-05
廊坊,塔城地区,2.5505280000000003e-05
吴忠,塔城地区,2.5505280000000003e-05
广州,塔城地区,2.5505280000000003e-05
昆玉,塔城地区,2.5505280000000003e-05
宁波,塔城地区,2.5505280000000003e-05
漯河,塔城地区,2.5505280000000003e-05
宿州,塔城地区,2.5505280000000003e-05
北屯,阿勒泰地区,0.041306112
乌鲁木齐,阿勒泰地区,0.0168451487999999
昌吉回族自治州,阿勒泰地区,0.0050180471999999
塔城地区,阿勒泰地区,0.0048566951999999
伊犁哈萨克自治州,阿勒泰地区,0.00262197
克拉玛依,阿勒泰地区,0.0015489791999999
石河子,阿勒泰地区,0.0010003824
博尔塔拉蒙古自治州,阿勒泰地区,0.00080676
重庆,阿勒泰地区,0.0005163264
巴音郭楞蒙古自治州,阿勒泰地区,0.0004517856
哈密,阿勒泰地区,0.0004517856
五家渠,阿勒泰地区,0.0004195152
西安,阿勒泰地区,0.0002581632
天水,阿勒泰地区,0.0002258928
北京,阿勒泰地区,0.000161352
武汉,阿勒泰地区,0.000161352
佛山,阿勒泰地区,0.000161352
成都,阿勒泰地区,0.0001290816
商丘,阿勒泰地区,0.0001290816
绵阳,阿勒泰地区,0.0001290816
玉溪,阿勒泰地区,0.0001290816
宝鸡,阿勒泰地区,0.0001290816
周口,阿勒泰地区,9.68112e-05
济宁,阿勒泰地区,9.68112e-05
陇南,阿勒泰地区,9.68112e-05
平凉,阿勒泰地区,9.68112e-05
和田地区,阿勒泰地区,9.68112e-05
白银,阿勒泰地区,9.68112e-05
庆阳,阿勒泰地区,9.68112e-05
邵阳,阿勒泰地区,6.45408e-05
吐鲁番,阿勒泰地区,6.45408e-05
兰州,阿勒泰地区,6.45408e-05
达州,阿勒泰地区,6.45408e-05
三门峡,阿勒泰地区,6.45408e-05
通化,阿勒泰地区,6.45408e-05
驻马店,阿勒泰地区,6.45408e-05
南阳,阿勒泰地区,6.45408e-05
商洛,阿勒泰地区,6.45408e-05
克孜勒苏柯尔克孜自治州,阿勒泰地区,3.22704e-05
宜昌,阿勒泰地区,3.22704e-05
天津,阿勒泰地区,3.22704e-05
连云港,阿勒泰地区,3.22704e-05
日照,阿勒泰地区,3.22704e-05
喀什地区,阿勒泰地区,3.22704e-05
常德,阿勒泰地区,3.22704e-05
徐州,阿勒泰地区,3.22704e-05
许昌,阿勒泰地区,3.22704e-05
临汾,阿勒泰地区,3.22704e-05
郴州,阿勒泰地区,3.22704e-05
海西蒙古族藏族自治州,阿勒泰地区,3.22704e-05
阿坝藏族羌族自治州,阿勒泰地区,3.22704e-05
开封,阿勒泰地区,3.22704e-05
可克达拉,阿勒泰地区,3.22704e-05
青岛,阿勒泰地区,3.22704e-05
阿拉善盟,阿勒泰地区,3.22704e-05
广州,阿勒泰地区,3.22704e-05
毕节,阿勒泰地区,3.22704e-05
中卫,阿勒泰地区,3.22704e-05
广元,阿勒泰地区,3.22704e-05
巴中,阿勒泰地区,3.22704e-05
吕梁,阿勒泰地区,3.22704e-05
台州,阿勒泰地区,3.22704e-05
太原,阿勒泰地区,3.22704e-05
深圳,阿勒泰地区,3.22704e-05
淄博,阿勒泰地区,3.22704e-05
绥化,阿勒泰地区,3.22704e-05
广安,阿勒泰地区,3.22704e-05
南昌,阿勒泰地区,3.22704e-05
安康,阿勒泰地区,3.22704e-05
保定,阿勒泰地区,3.22704e-05
酒泉,阿勒泰地区,3.22704e-05
邯郸,阿勒泰地区,3.22704e-05
昭通,阿勒泰地区,3.22704e-05
温州,阿勒泰地区,3.22704e-05
阜阳,阿勒泰地区,3.22704e-05
宿州,阿勒泰地区,3.22704e-05
绍兴,阿勒泰地区,3.22704e-05
阿拉尔,阿勒泰地区,3.22704e-05
菏泽,阿勒泰地区,3.22704e-05
六盘水,阿勒泰地区,3.22704e-05
长沙,阿勒泰地区,3.22704e-05
金华,阿勒泰地区,3.22704e-05
忻州,阿勒泰地区,3.22704e-05
张掖,阿勒泰地区,3.22704e-05
定西,阿勒泰地区,3.22704e-05
长春,阿勒泰地区,3.22704e-05
凉山彝族自治州,阿勒泰地区,3.22704e-05
湛江,阿勒泰地区,3.22704e-05
武威,阿勒泰地区,3.22704e-05
文山壮族苗族自治州,阿勒泰地区,3.22704e-05
嘉峪关,阿勒泰地区,3.22704e-05
石嘴山,阿勒泰地区,3.22704e-05
海东,阿勒泰地区,3.22704e-05
常州,阿勒泰地区,3.22704e-05
南充,阿勒泰地区,3.22704e-05
赤峰,阿勒泰地区,3.22704e-05
汉中,阿勒泰地区,3.22704e-05
塔城地区,石河子,0.10477733292
昌吉回族自治州,石河子,0.0589529469599999
乌鲁木齐,石河子,0.0283120272
伊犁哈萨克自治州,石河子,0.0093612348
克拉玛依,石河子,0.0043381331999999
博尔塔拉蒙古自治州,石河子,0.00310519008
巴音郭楞蒙古自治州,石河子,0.00187224696
五家渠,石河子,0.00157542732
阿勒泰地区,石河子,0.00139276908
哈密,石河子,0.00118727856
吐鲁番,石河子,0.00089045892
北屯,石河子,0.00082196208
阿克苏地区,石河子,0.000570807
喀什地区,石河子,0.0004794778799999
双河,石河子,0.00043381332
武威,石河子,0.00041098104
张掖,石河子,0.0003424841999999
周口,石河子,0.00031965192
天水,石河子,0.00031965192
成都,石河子,0.00031965192
商丘,石河子,0.00031965192
白银,石河子,0.00027398736
兰州,石河子,0.00027398736
三亚,石河子,0.00027398736
重庆,石河子,0.00027398736
南充,石河子,0.00027398736
定西,石河子,0.00020549052
陇南,石河子,0.00020549052
上海,石河子,0.00020549052
宝鸡,石河子,0.00018265824
驻马店,石河子,0.00018265824
庆阳,石河子,0.00018265824
酒泉,石河子,0.00015982596
中卫,石河子,0.00015982596
平凉,石河子,0.00015982596
温州,石河子,0.00015982596
杭州,石河子,0.00015982596
和田地区,石河子,0.00015982596
汉中,石河子,0.00015982596
南通,石河子,0.0001141614
昆明,石河子,0.0001141614
西安,石河子,0.0001141614
达州,石河子,9.132912e-05
阜阳,石河子,9.132912e-05
内江,石河子,9.132912e-05
可克达拉,石河子,9.132912e-05
菏泽,石河子,9.132912e-05
绵阳,石河子,9.132912e-05
咸阳,石河子,9.132912e-05
深圳,石河子,4.566456e-05
运城,石河子,4.566456e-05
青岛,石河子,4.566456e-05
图木舒克,石河子,4.566456e-05
金昌,石河子,4.566456e-05
安阳,石河子,4.566456e-05
鹤壁,石河子,4.566456e-05
湘潭,石河子,4.566456e-05
德阳,石河子,4.566456e-05
泰安,石河子,4.566456e-05
开封,石河子,4.566456e-05
海口,石河子,4.566456e-05
北京,石河子,4.566456e-05
荆州,石河子,4.566456e-05
无锡,石河子,4.566456e-05
烟台,石河子,4.566456e-05
南宁,石河子,4.566456e-05
海北藏族自治州,石河子,4.566456e-05
锦州,石河子,4.566456e-05
济宁,石河子,2.283228e-05
广州,石河子,2.283228e-05
宣城,石河子,2.283228e-05
邢台,石河子,2.283228e-05
蚌埠,石河子,2.283228e-05
金华,石河子,2.283228e-05
淄博,石河子,2.283228e-05
克孜勒苏柯尔克孜自治州,石河子,2.283228e-05
天津,石河子,2.283228e-05
宁德,石河子,2.283228e-05
西宁,石河子,2.283228e-05
吕梁,石河子,2.283228e-05
益阳,石河子,2.283228e-05
嘉峪关,石河子,2.283228e-05
韶关,石河子,2.283228e-05
东莞,石河子,2.283228e-05
洛阳,石河子,2.283228e-05
淮南,石河子,2.283228e-05
许昌,石河子,2.283228e-05
临汾,石河子,2.283228e-05
亳州,石河子,2.283228e-05
甘南藏族自治州,石河子,2.283228e-05
阿拉尔,石河子,2.283228e-05
南昌,石河子,2.283228e-05
琼海,石河子,2.283228e-05
太原,石河子,2.283228e-05
巴中,石河子,2.283228e-05
沈阳,石河子,2.283228e-05
昭通,石河子,2.283228e-05
萍乡,石河子,2.283228e-05
临夏回族自治州,石河子,2.283228e-05
潍坊,石河子,2.283228e-05
阿克苏地区,阿拉尔,0.06460062336
巴音郭楞蒙古自治州,阿拉尔,0.00152259912
乌鲁木齐,阿拉尔,0.0014544230399999
和田地区,阿拉尔,0.00096961536
喀什地区,阿拉尔,0.00054540864
昌吉回族自治州,阿拉尔,0.00048480768
武威,阿拉尔,0.00038633112
重庆,阿拉尔,0.00038633112
图木舒克,阿拉尔,0.00028785456
定西,阿拉尔,0.00025755408
昭通,阿拉尔,0.0002196784799999
伊犁哈萨克自治州,阿拉尔,0.00015907752
成都,阿拉尔,0.00015907752
遂宁,阿拉尔,0.00015907752
驻马店,阿拉尔,0.00015907752
南充,阿拉尔,0.00015907752
商丘,阿拉尔,0.00015907752
南阳,阿拉尔,0.00015907752
塔城地区,阿拉尔,0.00012877704
陇南,阿拉尔,0.00012877704
周口,阿拉尔,0.00012877704
泸州,阿拉尔,0.00012877704
白银,阿拉尔,0.00012877704
沧州,阿拉尔,9.090144e-05
石嘴山,阿拉尔,9.090144e-05
吐鲁番,阿拉尔,9.090144e-05
广元,阿拉尔,9.090144e-05
巴中,阿拉尔,9.090144e-05
双河,阿拉尔,9.090144e-05
乐山,阿拉尔,9.090144e-05
深圳,阿拉尔,6.060096000000001e-05
天水,阿拉尔,6.060096000000001e-05
平凉,阿拉尔,6.060096000000001e-05
鄂州,阿拉尔,6.060096000000001e-05
昆明,阿拉尔,6.060096000000001e-05
拉萨,阿拉尔,6.060096000000001e-05
厦门,阿拉尔,6.060096000000001e-05
石河子,阿拉尔,6.060096000000001e-05
忻州,阿拉尔,6.060096000000001e-05
五家渠,阿拉尔,6.060096000000001e-05
黄石,阿拉尔,6.060096000000001e-05
湖州,阿拉尔,6.060096000000001e-05
绵阳,阿拉尔,6.060096000000001e-05
博尔塔拉蒙古自治州,阿拉尔,6.060096000000001e-05
自贡,阿拉尔,6.060096000000001e-05
菏泽,阿拉尔,6.060096000000001e-05
淮北,阿拉尔,3.0300480000000004e-05
晋城,阿拉尔,3.0300480000000004e-05
徐州,阿拉尔,3.0300480000000004e-05
杭州,阿拉尔,3.0300480000000004e-05
开封,阿拉尔,3.0300480000000004e-05
六盘水,阿拉尔,3.0300480000000004e-05
襄阳,阿拉尔,3.0300480000000004e-05
佛山,阿拉尔,3.0300480000000004e-05
宿迁,阿拉尔,3.0300480000000004e-05
德州,阿拉尔,3.0300480000000004e-05
新乡,阿拉尔,3.0300480000000004e-05
宜宾,阿拉尔,3.0300480000000004e-05
北京,阿拉尔,3.0300480000000004e-05
常德,阿拉尔,3.0300480000000004e-05
西安,阿拉尔,3.0300480000000004e-05
上饶,阿拉尔,3.0300480000000004e-05
嘉兴,阿拉尔,3.0300480000000004e-05
辽源,阿拉尔,3.0300480000000004e-05
海东,阿拉尔,3.0300480000000004e-05
固原,阿拉尔,3.0300480000000004e-05
克孜勒苏柯尔克孜自治州,阿拉尔,3.0300480000000004e-05
眉山,阿拉尔,3.0300480000000004e-05
金昌,阿拉尔,3.0300480000000004e-05
滨州,阿拉尔,3.0300480000000004e-05
无锡,阿拉尔,3.0300480000000004e-05
平顶山,阿拉尔,3.0300480000000004e-05
哈密,阿拉尔,3.0300480000000004e-05
张掖,阿拉尔,3.0300480000000004e-05
呼和浩特,阿拉尔,3.0300480000000004e-05
郑州,阿拉尔,3.0300480000000004e-05
普洱,阿拉尔,3.0300480000000004e-05
海南藏族自治州,阿拉尔,3.0300480000000004e-05
汉中,阿拉尔,3.0300480000000004e-05
聊城,阿拉尔,3.0300480000000004e-05
喀什地区,图木舒克,0.01577794464
阿克苏地区,图木舒克,0.00336896496
乌鲁木齐,图木舒克,0.0015223464
巴音郭楞蒙古自治州,图木舒克,0.00061388928
石河子,图木舒克,0.0004208112
阿拉尔,图木舒克,0.0003217968
昌吉回族自治州,图木舒克,0.00022525776
伊犁哈萨克自治州,图木舒克,0.0001608984
重庆,图木舒克,0.0001608984
兰州,图木舒克,0.00012871872
和田地区,图木舒克,0.00012871872
遂宁,图木舒克,9.653904000000002e-05
平凉,图木舒克,9.653904000000002e-05
武威,图木舒克,9.653904000000002e-05
恩施土家族苗族自治州,图木舒克,9.653904000000002e-05
克孜勒苏柯尔克孜自治州,图木舒克,6.435936000000001e-05
五家渠,图木舒克,6.435936000000001e-05
安阳,图木舒克,6.435936000000001e-05
石嘴山,图木舒克,6.435936000000001e-05
周口,图木舒克,6.435936000000001e-05
陇南,图木舒克,6.435936000000001e-05
漯河,图木舒克,6.435936000000001e-05
哈密,图木舒克,6.435936000000001e-05
天水,图木舒克,6.435936000000001e-05
苏州,图木舒克,6.435936000000001e-05
邵阳,图木舒克,6.435936000000001e-05
张掖,图木舒克,6.435936000000001e-05
白银,图木舒克,3.2179680000000005e-05
酒泉,图木舒克,3.2179680000000005e-05
长沙,图木舒克,3.2179680000000005e-05
锡林郭勒盟,图木舒克,3.2179680000000005e-05
宜宾,图木舒克,3.2179680000000005e-05
菏泽,图木舒克,3.2179680000000005e-05
定西,图木舒克,3.2179680000000005e-05
北京,图木舒克,3.2179680000000005e-05
西安,图木舒克,3.2179680000000005e-05
娄底,图木舒克,3.2179680000000005e-05
黄冈,图木舒克,3.2179680000000005e-05
洛阳,图木舒克,3.2179680000000005e-05
德阳,图木舒克,3.2179680000000005e-05
蚌埠,图木舒克,3.2179680000000005e-05
绵阳,图木舒克,3.2179680000000005e-05
广州,图木舒克,3.2179680000000005e-05
甘南藏族自治州,图木舒克,3.2179680000000005e-05
固原,图木舒克,3.2179680000000005e-05
遵义,图木舒克,3.2179680000000005e-05
东营,图木舒克,3.2179680000000005e-05
成都,图木舒克,3.2179680000000005e-05
博尔塔拉蒙古自治州,图木舒克,3.2179680000000005e-05
吐鲁番,图木舒克,3.2179680000000005e-05
乌鲁木齐,五家渠,0.06621812208
昌吉回族自治州,五家渠,0.04292581392
塔城地区,五家渠,0.00323710992
伊犁哈萨克自治州,五家渠,0.0017735889599999
石河子,五家渠,0.00158754816
阿勒泰地区,五家渠,0.00116585568
巴音郭楞蒙古自治州,五家渠,0.00058292784
阿克苏地区,五家渠,0.00050851152
武威,五家渠,0.00048370608
博尔塔拉蒙古自治州,五家渠,0.00044649792
克拉玛依,五家渠,0.00034727616
哈密,五家渠,0.00034727616
吐鲁番,五家渠,0.0002480544
周口,五家渠,0.00016123536
酒泉,五家渠,0.00016123536
天水,五家渠,0.00016123536
定西,五家渠,0.00016123536
北屯,五家渠,0.00016123536
商丘,五家渠,0.00016123536
可克达拉,五家渠,0.0001240272
平凉,五家渠,0.0001240272
兰州,五家渠,0.0001240272
开封,五家渠,8.681904000000001e-05
阿拉尔,五家渠,8.681904000000001e-05
铁门关,五家渠,8.681904000000001e-05
菏泽,五家渠,8.681904000000001e-05
西安,五家渠,8.681904000000001e-05
喀什地区,五家渠,8.681904000000001e-05
西宁,五家渠,8.681904000000001e-05
白银,五家渠,8.681904000000001e-05
双河,五家渠,8.681904000000001e-05
重庆,五家渠,8.681904000000001e-05
金昌,五家渠,6.20136e-05
北京,五家渠,6.20136e-05
驻马店,五家渠,6.20136e-05
岳阳,五家渠,6.20136e-05
吴忠,五家渠,6.20136e-05
许昌,五家渠,6.20136e-05
吕梁,五家渠,6.20136e-05
包头,五家渠,6.20136e-05
张掖,五家渠,6.20136e-05
南宁,五家渠,2.4805440000000004e-05
信阳,五家渠,2.4805440000000004e-05
昭通,五家渠,2.4805440000000004e-05
临汾,五家渠,2.4805440000000004e-05
成都,五家渠,2.4805440000000004e-05
内江,五家渠,2.4805440000000004e-05
天津,五家渠,2.4805440000000004e-05
淄博,五家渠,2.4805440000000004e-05
资阳,五家渠,2.4805440000000004e-05
图木舒克,五家渠,2.4805440000000004e-05
晋中,五家渠,2.4805440000000004e-05
银川,五家渠,2.4805440000000004e-05
广安,五家渠,2.4805440000000004e-05
滨州,五家渠,2.4805440000000004e-05
武汉,五家渠,2.4805440000000004e-05
亳州,五家渠,2.4805440000000004e-05
咸阳,五家渠,2.4805440000000004e-05
和田地区,五家渠,2.4805440000000004e-05
苏州,五家渠,2.4805440000000004e-05
南阳,五家渠,2.4805440000000004e-05
延边朝鲜族自治州,五家渠,2.4805440000000004e-05
德阳,五家渠,2.4805440000000004e-05
运城,五家渠,2.4805440000000004e-05
克孜勒苏柯尔克孜自治州,五家渠,2.4805440000000004e-05
固原,五家渠,2.4805440000000004e-05
安阳,五家渠,2.4805440000000004e-05
庆阳,五家渠,2.4805440000000004e-05
绵阳,五家渠,2.4805440000000004e-05
南充,五家渠,2.4805440000000004e-05
海东,五家渠,2.4805440000000004e-05
温州,五家渠,2.4805440000000004e-05
上海,五家渠,2.4805440000000004e-05
福州,五家渠,2.4805440000000004e-05
陇南,五家渠,2.4805440000000004e-05
孝感,五家渠,2.4805440000000004e-05
徐州,五家渠,2.4805440000000004e-05
阿勒泰地区,北屯,0.0495670428
乌鲁木齐,北屯,0.00343405656
塔城地区,北屯,0.00207339264
昌吉回族自治州,北屯,0.00080697384
伊犁哈萨克自治州,北屯,0.00061259328
石河子,北屯,0.00048300624
克拉玛依,北屯,0.00048300624
博尔塔拉蒙古自治州,北屯,0.00022383216
巴音郭楞蒙古自治州,北屯,0.00012958704
驻马店,北屯,9.424512e-05
陇南,北屯,6.479352000000001e-05
南阳,北屯,6.479352000000001e-05
兰州,北屯,6.479352000000001e-05
阜阳,北屯,6.479352000000001e-05
商丘,北屯,6.479352000000001e-05
湘西土家族苗族自治州,北屯,2.9451600000000004e-05
中卫,北屯,2.9451600000000004e-05
五家渠,北屯,2.9451600000000004e-05
阿克苏地区,北屯,2.9451600000000004e-05
西安,北屯,2.9451600000000004e-05
北京,北屯,2.9451600000000004e-05
资阳,北屯,2.9451600000000004e-05
定西,北屯,2.9451600000000004e-05
武威,北屯,2.9451600000000004e-05
重庆,北屯,2.9451600000000004e-05
泸州,北屯,2.9451600000000004e-05
开封,北屯,2.9451600000000004e-05
遂宁,北屯,2.9451600000000004e-05
达州,北屯,2.9451600000000004e-05
郑州,北屯,2.9451600000000004e-05
眉山,北屯,2.9451600000000004e-05
合肥,北屯,2.9451600000000004e-05
潍坊,北屯,2.9451600000000004e-05
和田地区,北屯,2.9451600000000004e-05
双河,北屯,2.9451600000000004e-05
巴音郭楞蒙古自治州,铁门关,0.0406603799999999
阿克苏地区,铁门关,0.000321003
昌吉回族自治州,铁门关,0.00022256208
乌鲁木齐,铁门关,0.0001926018
塔城地区,铁门关,0.00015836148
哈密,铁门关,0.00015836148
石河子,铁门关,0.0001284012
阿拉尔,铁门关,9.416088e-05
伊犁哈萨克自治州,铁门关,6.42006e-05
陇南,铁门关,6.42006e-05
重庆,铁门关,6.42006e-05
天水,铁门关,6.42006e-05
宿州,铁门关,6.42006e-05
张掖,铁门关,6.42006e-05
运城,铁门关,6.42006e-05
广安,铁门关,6.42006e-05
南阳,铁门关,2.9960280000000004e-05
阿勒泰地区,铁门关,2.9960280000000004e-05
平凉,铁门关,2.9960280000000004e-05
唐山,铁门关,2.9960280000000004e-05
商丘,铁门关,2.9960280000000004e-05
周口,铁门关,2.9960280000000004e-05
吐鲁番,铁门关,2.9960280000000004e-05
白银,铁门关,2.9960280000000004e-05
克孜勒苏柯尔克孜自治州,铁门关,2.9960280000000004e-05
固原,铁门关,2.9960280000000004e-05
博尔塔拉蒙古自治州,双河,0.05692650192
伊犁哈萨克自治州,双河,0.002040714
乌鲁木齐,双河,0.00197164368
塔城地区,双河,0.00042070104
昌吉回族自治州,双河,0.00032023512
石河子,双河,0.00032023512
克拉玛依,双河,0.00022604832
吐鲁番,双河,0.0001255824
济南,双河,3.139560000000001e-05
武汉,双河,3.139560000000001e-05
定西,双河,3.139560000000001e-05
喀什地区,双河,3.139560000000001e-05
孝感,双河,3.139560000000001e-05
信阳,双河,3.139560000000001e-05
郑州,双河,3.139560000000001e-05
五家渠,双河,3.139560000000001e-05
庆阳,双河,3.139560000000001e-05
哈密,双河,3.139560000000001e-05
南京,双河,3.139560000000001e-05
巴音郭楞蒙古自治州,双河,3.139560000000001e-05
阿克苏地区,双河,3.139560000000001e-05
伊犁哈萨克自治州,可克达拉,0.07251049368
乌鲁木齐,可克达拉,0.00097092108
塔城地区,可克达拉,0.0004515912
博尔塔拉蒙古自治州,可克达拉,0.00038385252
石河子,可克达拉,0.000188163
克拉玛依,可克达拉,9.031824000000002e-05
昌吉回族自治州,可克达拉,6.021216e-05
巴音郭楞蒙古自治州,可克达拉,3.010608e-05
阿勒泰地区,可克达拉,3.010608e-05
陇南,可克达拉,3.010608e-05
北京,可克达拉,3.010608e-05
定西,可克达拉,3.010608e-05
巴中,可克达拉,3.010608e-05
淮安,可克达拉,3.010608e-05
吐鲁番,可克达拉,3.010608e-05
重庆,可克达拉,3.010608e-05
徐州,可克达拉,3.010608e-05
双河,可克达拉,3.010608e-05
酒泉,可克达拉,3.010608e-05
商丘,可克达拉,3.010608e-05
天水,可克达拉,3.010608e-05
西安,可克达拉,3.010608e-05
朔州,可克达拉,3.010608e-05
银川,可克达拉,3.010608e-05
成都,可克达拉,3.010608e-05
和田地区,昆玉,0.024073038
阿克苏地区,昆玉,0.000387585
喀什地区,昆玉,0.000387585
石河子,昆玉,0.000323433
乌鲁木齐,昆玉,0.000291357
阿拉尔,昆玉,0.000256608
开封,昆玉,0.00016038
巴音郭楞蒙古自治州,昆玉,9.6228e-05
东营,昆玉,6.4152e-05
昌吉回族自治州,昆玉,6.4152e-05
北屯,昆玉,6.4152e-05
西宁,昆玉,6.4152e-05
重庆,昆玉,6.4152e-05
湘西土家族苗族自治州,昆玉,3.2076e-05
金昌,昆玉,3.2076e-05
定西,昆玉,3.2076e-05
伊犁哈萨克自治州,昆玉,3.2076e-05
吕梁,昆玉,3.2076e-05
商丘,昆玉,3.2076e-05
嘉峪关,昆玉,3.2076e-05
北京,昆玉,3.2076e-05
驻马店,昆玉,3.2076e-05
武威,昆玉,3.2076e-05
图木舒克,昆玉,3.2076e-05
平凉,昆玉,3.2076e-05
郑州,昆玉,3.2076e-05
深圳,香港,0.00434081592
广州,香港,0.00074486304
东莞,香港,0.00048542652
惠州,香港,0.0004203414
汕尾,香港,0.00032361768
北京,香港,0.00029107512
珠海,香港,0.00025853256
上海,香港,0.0001943514
佛山,香港,0.00016180884
江门,香港,0.00016180884
阳江,香港,9.672372e-05
杭州,香港,9.672372e-05
肇庆,香港,9.672372e-05
中山,香港,6.418116e-05
长沙,香港,6.418116e-05
达州,香港,6.418116e-05
郑州,香港,6.418116e-05
南宁,香港,6.418116e-05
泉州,香港,6.418116e-05
梅州,香港,6.418116e-05
舟山,香港,3.16386e-05
信阳,香港,3.16386e-05
唐山,香港,3.16386e-05
清远,香港,3.16386e-05
铜陵,香港,3.16386e-05
周口,香港,3.16386e-05
钦州,香港,3.16386e-05
景德镇,香港,3.16386e-05
汕头,香港,3.16386e-05
揭阳,香港,3.16386e-05
湛江,香港,3.16386e-05
徐州,香港,3.16386e-05
石家庄,香港,3.16386e-05
梧州,香港,3.16386e-05
兰州,香港,3.16386e-05
柳州,香港,3.16386e-05
防城港,香港,3.16386e-05
天津,香港,3.16386e-05
青岛,香港,3.16386e-05
蚌埠,香港,3.16386e-05
秦皇岛,香港,3.16386e-05
茂名,香港,3.16386e-05
重庆,香港,3.16386e-05
珠海,澳门,0.0657004445999999
中山,澳门,0.0151903155599999
江门,澳门,0.01120968072
佛山,澳门,0.0061773062399999
广州,澳门,0.0055649008799999
上海,澳门,0.0022632372
深圳,澳门,0.0022632372
阳江,澳门,0.0016108923599999
北京,澳门,0.0016108923599999
东莞,澳门,0.0010916791199999
武汉,澳门,0.0008653554
茂名,澳门,0.0007721632799999
肇庆,澳门,0.0006789711599999
湛江,澳门,0.00063903168
天津,澳门,0.00063903168
宁波,澳门,0.0005724658799999
三亚,澳门,0.0005724658799999
惠州,澳门,0.0005724658799999
杭州,澳门,0.0005458395599999
云浮,澳门,0.0004792737599999
清远,澳门,0.0004792737599999
泉州,澳门,0.00041270796
南通,澳门,0.0003860816399999
金华,澳门,0.00034614216
成都,澳门,0.00031951584
无锡,澳门,0.00031951584
长沙,澳门,0.00027957636
廊坊,澳门,0.00025295004
河源,澳门,0.00025295004
唐山,澳门,0.00025295004
长春,澳门,0.00022632372
湖州,澳门,0.00022632372
沈阳,澳门,0.00022632372
福州,澳门,0.00022632372
苏州,澳门,0.00022632372
南宁,澳门,0.00022632372
大连,澳门,0.00018638424
镇江,澳门,0.00018638424
揭阳,澳门,0.00018638424
玉林,澳门,0.00018638424
温州,澳门,0.00018638424
济南,澳门,0.00018638424
贵港,澳门,0.00018638424
郴州,澳门,0.00018638424
合肥,澳门,0.00018638424
盘锦,澳门,0.00018638424
营口,澳门,0.00015975792
南京,澳门,0.00015975792
大庆,澳门,0.00015975792
梅州,澳门,0.00015975792
重庆,澳门,0.00015975792
陵水黎族自治县,澳门,0.0001198184399999
新乡,澳门,0.0001198184399999
贵阳,澳门,0.0001198184399999
淮安,澳门,0.0001198184399999
梧州,澳门,0.0001198184399999
韶关,澳门,0.0001198184399999
保定,澳门,0.0001198184399999
汕头,澳门,0.0001198184399999
沧州,澳门,0.0001198184399999
吕梁,澳门,0.0001198184399999
太原,澳门,0.0001198184399999
潜江,澳门,0.0001198184399999
嘉兴,澳门,0.0001198184399999
汕尾,澳门,0.0001198184399999
西安,澳门,9.319212e-05
文昌,澳门,9.319212e-05
十堰,澳门,9.319212e-05
鞍山,澳门,9.319212e-05
青岛,澳门,9.319212e-05
白银,澳门,9.319212e-05
郑州,澳门,9.319212e-05
晋中,澳门,9.319212e-05
昆明,澳门,9.319212e-05
哈尔滨,澳门,9.319212e-05
抚州,澳门,9.319212e-05
遵义,澳门,9.319212e-05
泰州,澳门,9.319212e-05
抚顺,澳门,9.319212e-05
琼海,澳门,9.319212e-05
临沂,澳门,9.319212e-05
上饶,澳门,9.319212e-05
鹤壁,澳门,5.325264e-05
柳州,澳门,5.325264e-05
衢州,澳门,5.325264e-05
德宏傣族景颇族自治州,澳门,5.325264e-05
厦门,澳门,5.325264e-05
济宁,澳门,5.325264e-05
赣州,澳门,5.325264e-05
舟山,澳门,5.325264e-05
绍兴,澳门,5.325264e-05
连云港,澳门,5.325264e-05
安庆,澳门,5.325264e-05
莆田,澳门,5.325264e-05
银川,澳门,5.325264e-05
枣庄,澳门,5.325264e-05
贺州,澳门,2.662632e-05
北海,澳门,2.662632e-05
潮州,澳门,2.662632e-05
乐东黎族自治县,澳门,2.662632e-05
